0 5.712 0 0 0 0 
-0.546298 4.78688 -0.339918 -0.312147 -1.00557 -1.27298 
-1.0926 3.86176 -0.679835 -0.624293 -2.01114 -2.54597 
-0.242812 4.17627 -0.395425 -0.409628 -3.37341 -3.63846 
0.606971 4.49077 -0.111014 -0.194964 -4.73569 -4.73095 
1.45675 4.80528 0.173396 0.0197007 -6.09796 -5.82344 
2.30654 5.11978 0.457806 0.234365 -7.46024 -6.91593 
3.15636 5.4343 0.742232 0.449041 -8.82258 -8.00848 
4.22319 6.33014 -0.350393 1.20661 -8.95379 -8.53123 
4.42977 6.34398 -0.503934 1.94151 -10.3969 -9.67581 
2.18537 4.51645 -4.67009 6.64117 -14.423 -13.8753 
2.00903 4.42021 -4.94193 6.81504 -14.4331 -13.9078 
1.31402 3.28675 -4.26315 6.68866 -13.3189 -14.6242 
0.938614 2.59016 -4.06216 6.04136 -11.8983 -13.7419 
0.852531 2.54937 -4.772 5.6962 -10.777 -12.2901 
-3.32047 -2.80704 -3.41577 -4.15374 5.66986 0.00522212 
-3.57579 -3.373 -3.8734 -5.97415 5.78293 0.114928 
-3.37919 -3.37846 -2.64272 -6.36835 6.45752 1.46956 
0 4.26674 0 -47.4415 25.292 0 
0 4.21307 0 -49.2032 26.2312 0 
0 4.1594 0 -50.9649 27.1704 0 
0 3.9984 0 -56.25 29.988 0 
