0 5.712 0 0 0 0 
-0.544316 4.74383 0.358477 0.384683 -1.54322 0.326278 
-1.08863 3.77567 0.716954 0.769366 -3.08643 0.652557 
-0.534387 2.77658 1.1656 1.06661 -2.20444 1.9281 
0.192155 2.39327 1.03104 0.244276 -2.12238 3.54775 
0.918698 2.00995 0.896484 -0.578062 -2.04031 5.1674 
0.916613 2.01321 0.895009 -0.592573 -2.052 5.16569 
0.699428 2.35291 0.741315 -2.10466 -3.27059 4.98696 
0.482242 2.69261 0.58762 -3.61674 -4.48917 4.80823 
0.265056 3.03232 0.433926 -5.12883 -5.70776 4.62951 
0.0478708 3.37202 0.280232 -6.64092 -6.92634 4.45078 
-0.169315 3.71172 0.126537 -8.153 -8.14492 4.27205 
-0.386501 4.05142 -0.027157 -9.66509 -9.36351 4.09333 
-0.603686 4.39112 -0.180851 -11.1772 -10.5821 3.9146 
-0.820872 4.73082 -0.334546 -12.6893 -11.8007 3.73588 
-1.03806 5.07052 -0.48824 -14.2013 -13.0193 3.55715 
-1.25524 5.41022 -0.641934 -15.7134 -14.2378 3.37842 
-1.47243 5.74992 -0.795629 -17.2255 -15.4564 3.1997 
-1.68961 6.08962 -0.949323 -18.7376 -16.675 3.02097 
-1.9068 6.42932 -1.10302 -20.2497 -17.8936 2.84224 
-2.12399 6.76903 -1.25671 -21.7618 -19.1122 2.66352 
-1.1542 6.33993 -0.635002 -22.1247 -20.281 1.6683 
-0.184424 5.91084 -0.0133023 -22.4875 -21.4498 0.673095 
-0.0855434 6.12269 -0.0876228 -24.1014 -22.598 0.652224 
0.0133375 6.33453 -0.161943 -25.7153 -23.7462 0.631354 
0.112218 6.54638 -0.236264 -27.3291 -24.8944 0.610483 
0.211099 6.75822 -0.310584 -28.943 -26.0426 0.589612 
0.30998 6.97007 -0.384905 -30.5568 -27.1908 0.568742 
0.408762 7.1817 -0.459151 -32.1691 -28.3378 0.547892 
0.204381 6.44685 -0.229575 -31.2095 -29.8769 0.273946 
0 5.712 0 -30.25 -31.416 -0 
