0 5.712 0 0 0 0 
0.0255081 5.54931 -0.0906186 -0.603333 0.159813 0.32034 
0.0430042 5.43772 -0.152774 -1.01716 0.26943 0.540063 
0.0605004 5.32613 -0.21493 -1.43099 0.379047 0.759785 
0.0779965 5.21454 -0.277085 -1.84482 0.488663 0.979507 
0.0954926 5.10295 -0.339241 -2.25865 0.59828 1.19923 
0.112989 4.99136 -0.401397 -2.67248 0.707898 1.41895 
0.130485 4.87978 -0.463553 -3.0863 0.817515 1.63868 
0.147981 4.76819 -0.525708 -3.50013 0.927133 1.8584 
0.165477 4.6566 -0.587864 -3.91396 1.03675 2.07812 
0.182973 4.54501 -0.65002 -4.32779 1.14637 2.29784 
0.20047 4.43342 -0.712176 -4.74162 1.25598 2.51757 
0.217966 4.32183 -0.774331 -5.15545 1.36559 2.73729 
0.235462 4.21024 -0.836487 -5.56928 1.47521 2.95701 
0.252958 4.09865 -0.898643 -5.98311 1.58483 3.17673 
0.270454 3.98706 -0.960798 -6.39694 1.69444 3.39646 
0.28795 3.87547 -1.02295 -6.81076 1.80406 3.61618 
0.305446 3.76388 -1.08511 -7.22459 1.91368 3.8359 
0.322942 3.65229 -1.14726 -7.63842 2.0233 4.05562 
0.340438 3.5407 -1.20942 -8.05225 2.13292 4.27534 
0.357935 3.42911 -1.27158 -8.46608 2.24253 4.49507 
0.375431 3.31752 -1.33373 -8.87991 2.35215 4.71479 
0.392927 3.20593 -1.39589 -9.29373 2.46176 4.93451 
0.410423 3.09435 -1.45804 -9.70755 2.57138 5.15423 
0.427919 2.98276 -1.52019 -10.1214 2.681 5.37396 
0.445415 2.87117 -1.58235 -10.5352 2.79061 5.59368 
0.462911 2.75958 -1.64451 -10.949 2.90023 5.8134 
0.480407 2.64799 -1.70667 -11.3628 3.00985 6.03313 
0.497904 2.5364 -1.76882 -11.7767 3.11946 6.25285 
0.5154 2.42481 -1.83098 -12.1905 3.22908 6.47257 
0.532896 2.31322 -1.89314 -12.6044 3.3387 6.69229 
0.550392 2.20163 -1.95529 -13.0182 3.44832 6.91202 
0.567888 2.09004 -2.01744 -13.4321 3.55793 7.13174 
0.585384 1.97845 -2.0796 -13.8459 3.66755 7.35146 
0.60288 1.86686 -2.14175 -14.2597 3.77717 7.57118 
0.620376 1.75527 -2.20391 -14.6736 3.88678 7.79091 
0.637873 1.64368 -2.26607 -15.0874 3.9964 8.01063 
0.655369 1.53209 -2.32822 -15.5012 4.10601 8.23035 
0.672865 1.4205 -2.39038 -15.915 4.21563 8.45007 
0.690361 1.30891 -2.45254 -16.3289 4.32525 8.6698 
0.707857 1.19733 -2.51469 -16.7427 4.43486 8.88952 
0.725353 1.08574 -2.57685 -17.1565 4.54448 9.10924 
0.742849 0.97415 -2.63901 -17.5703 4.6541 9.32896 
0.760346 0.862559 -2.70116 -17.9841 4.76371 9.54868 
0.777842 0.750968 -2.76331 -18.398 4.87333 9.76841 
0.795338 0.639378 -2.82547 -18.8118 4.98295 9.98813 
0.812872 0.527544 -2.88776 -19.2265 5.09281 10.2083 
0.830407 0.41571 -2.95005 -19.6412 5.20266 10.4286 
0.847942 0.303875 -3.01235 -20.056 5.31252 10.6488 
0.865476 0.192041 -3.07464 -20.4707 5.42238 10.869 
0.883011 0.0802067 -3.13693 -20.8854 5.53224 11.0892 
0.900545 -0.0316275 -3.19923 -21.3002 5.6421 11.3094 
0.918079 -0.143462 -3.26152 -21.715 5.75195 11.5296 
0.935614 -0.255296 -3.32381 -22.1297 5.86181 11.7498 
0.953148 -0.367131 -3.3861 -22.5444 5.97167 11.97 
0.970682 -0.478965 -3.44839 -22.9592 6.08153 12.1902 
0.988216 -0.590799 -3.51068 -23.3739 6.19138 12.4104 
1.00575 -0.702634 -3.57297 -23.7886 6.30124 12.6306 
0.754312 -0.883976 -3.29808 -23.9589 6.49191 12.5317 
0.502875 -1.06532 -3.02318 -24.1293 6.68257 12.4328 
0.251437 -1.24666 -2.74829 -24.2996 6.87324 12.3339 
0 -1.428 -2.4734 -24.47 7.0639 12.235 


