0 5.712 0 0 0 0 
0.0233798 5.63783 -0.0255732 -0.427868 0.138861 0.201417 
0.0467596 5.56366 -0.0511465 -0.855735 0.277723 0.402834 
0.0701395 5.48949 -0.0767198 -1.2836 0.416585 0.604251 
0.0935193 5.41532 -0.102293 -1.71147 0.555446 0.805668 
0.100057 5.3141 -0.0873795 -2.10451 0.646776 1.08201 
0.106595 5.21289 -0.072466 -2.49754 0.738107 1.35835 
0.113133 5.11167 -0.0575524 -2.89058 0.829437 1.63469 
0.119671 5.01046 -0.0426389 -3.28362 0.920768 1.91103 
0.126209 4.90924 -0.0277254 -3.67665 1.0121 2.18737 
0.132747 4.80803 -0.0128119 -4.06969 1.10343 2.46371 
0.139285 4.70681 0.00210162 -4.46272 1.19476 2.74005 
0.145823 4.6056 0.0170151 -4.85576 1.28609 3.01639 
0.152361 4.50438 0.0319287 -5.2488 1.37742 3.29273 
0.158899 4.40316 0.0468422 -5.64183 1.46875 3.56906 
0.165437 4.30195 0.0617557 -6.03487 1.56008 3.8454 
0.171975 4.20073 0.0766692 -6.42791 1.65141 4.12174 
0.178513 4.09952 0.0915827 -6.82094 1.74274 4.39808 
0.185051 3.9983 0.106496 -7.21398 1.83407 4.67442 
0.191589 3.89709 0.12141 -7.60701 1.9254 4.95076 
0.198127 3.79587 0.136323 -8.00005 2.01673 5.2271 
0.204665 3.69466 0.151237 -8.39309 2.10806 5.50344 
0.211203 3.59344 0.16615 -8.78612 2.19939 5.77978 
0.217741 3.49223 0.181064 -9.17916 2.29073 6.05612 
0.224279 3.39101 0.195977 -9.5722 2.38206 6.33246 
0.230817 3.28979 0.210891 -9.96523 2.47339 6.6088 
0.237354 3.18858 0.225804 -10.3583 2.56472 6.88514 
0.243892 3.08736 0.240718 -10.7513 2.65605 7.16148 
0.25043 2.98615 0.255631 -11.1443 2.74738 7.43782 
0.256968 2.88493 0.270545 -11.5374 2.83871 7.71416 
0.263506 2.78372 0.285458 -11.9304 2.93004 7.9905 
0.270044 2.6825 0.300372 -12.3234 3.02137 8.26684 
0.276582 2.58129 0.315285 -12.7165 3.1127 8.54318 
0.28312 2.48007 0.330199 -13.1095 3.20403 8.81952 
0.289658 2.37885 0.345113 -13.5026 3.29536 9.09586 
0.296196 2.27764 0.360026 -13.8956 3.38669 9.3722 
0.302734 2.17642 0.37494 -14.2886 3.47802 9.64854 
0.309272 2.07521 0.389853 -14.6817 3.56935 9.92488 
0.31581 1.97399 0.404767 -15.0747 3.66068 10.2012 
0.322348 1.87278 0.41968 -15.4677 3.75201 10.4776 
0.328886 1.77156 0.434594 -15.8608 3.84334 10.7539 
0.335424 1.67035 0.449507 -16.2538 3.93467 11.0302 
0.341962 1.56913 0.464421 -16.6468 4.026 11.3066 
0.3485 1.46792 0.479334 -17.0399 4.11734 11.5829 
0.355038 1.3667 0.494248 -17.4329 4.20867 11.8593 
0.361576 1.26548 0.509161 -17.826 4.3 12.1356 
0.368114 1.16427 0.524075 -18.219 4.39133 12.4119 
0.374652 1.06305 0.538988 -18.612 4.48266 12.6883 
0.38119 0.961838 0.553902 -19.0051 4.57399 12.9646 
0.387728 0.860622 0.568815 -19.3981 4.66532 13.241 
0.394266 0.759407 0.583729 -19.7911 4.75665 13.5173 
0.400804 0.658191 0.598642 -20.1842 4.84798 13.7936 
0.407342 0.556976 0.613556 -20.5772 4.93931 14.07 
0.413879 0.45576 0.628469 -20.9702 5.03064 14.3463 
0.420417 0.354545 0.643383 -21.3633 5.12197 14.6227 
0.426955 0.253329 0.658296 -21.7563 5.2133 14.899 
0.433493 0.152114 0.67321 -22.1494 5.30463 15.1753 
0.440031 0.0508982 0.688123 -22.5424 5.39596 15.4517 
0.446569 -0.0503173 0.703037 -22.9354 5.48729 15.728 
0.453107 -0.151533 0.71795 -23.3285 5.57862 16.0044 
0.459645 -0.252748 0.732864 -23.7215 5.66995 16.2807 
0.466183 -0.353964 0.747777 -24.1145 5.76128 16.557 
0.472721 -0.455179 0.762691 -24.5076 5.85261 16.8334 
0.479259 -0.556395 0.777604 -24.9006 5.94395 17.1097 
0.485797 -0.65761 0.792518 -25.2936 6.03528 17.386 
0.492335 -0.758826 0.807432 -25.6867 6.12661 17.6624 
0.498873 -0.860041 0.822345 -26.0797 6.21794 17.9387 
0.505411 -0.961257 0.837259 -26.4728 6.30927 18.2151 
0.511949 -1.06247 0.852172 -26.8658 6.4006 18.4914 
0.518487 -1.16369 0.867086 -27.2588 6.49193 18.7677 
0.525025 -1.2649 0.881999 -27.6519 6.58326 19.0441 
0.531563 -1.36612 0.896913 -28.0449 6.67459 19.3204 
0.538101 -1.46733 0.911826 -28.4379 6.76592 19.5968 
0.544639 -1.56855 0.92674 -28.831 6.85725 19.8731 
0.551177 -1.66977 0.941653 -29.224 6.94858 20.1494 
0.557715 -1.77098 0.956567 -29.617 7.03991 20.4258 
0.564253 -1.8722 0.97148 -30.0101 7.13124 20.7021 
0.570791 -1.97341 0.986394 -30.4031 7.22257 20.9785 
0.577329 -2.07463 1.00131 -30.7962 7.3139 21.2548 
0.583867 -2.17584 1.01622 -31.1892 7.40523 21.5311 
0.590404 -2.27706 1.03113 -31.5822 7.49656 21.8075 
0.596942 -2.37827 1.04605 -31.9753 7.58789 22.0838 
0.60348 -2.47949 1.06096 -32.3683 7.67922 22.3602 
0.610018 -2.5807 1.07587 -32.7613 7.77056 22.6365 
0.616556 -2.68192 1.09079 -33.1544 7.86189 22.9128 
0.623094 -2.78314 1.1057 -33.5474 7.95322 23.1892 
0.629632 -2.88435 1.12062 -33.9404 8.04455 23.4655 
0.63617 -2.98557 1.13553 -34.3335 8.13588 23.7419 
0.642708 -3.08678 1.15044 -34.7265 8.22721 24.0182 
0.649246 -3.188 1.16536 -35.1196 8.31854 24.2945 
0.655784 -3.28921 1.18027 -35.5126 8.40987 24.5709 
0.662322 -3.39043 1.19518 -35.9056 8.5012 24.8472 
0.66886 -3.49164 1.2101 -36.2987 8.59253 25.1236 
0.675398 -3.59286 1.22501 -36.6917 8.68386 25.3999 
0.67009 -3.71644 1.20961 -37.1299 8.78095 25.5851 
0.664781 -3.84001 1.19421 -37.5681 8.87804 25.7703 
0.659473 -3.96359 1.17882 -38.0063 8.97512 25.9556 
0.654165 -4.08716 1.16342 -38.4446 9.07221 26.1408 
0.648857 -4.21074 1.14802 -38.8828 9.1693 26.326 
0.643548 -4.33431 1.13262 -39.321 9.26639 26.5112 
0.63824 -4.45789 1.11722 -39.7592 9.36348 26.6964 
0.632932 -4.58146 1.10183 -40.1974 9.46056 26.8816 
0.627623 -4.70504 1.08643 -40.6356 9.55765 27.0669 
0.622315 -4.82862 1.07103 -41.0738 9.65474 27.2521 
0.617007 -4.95219 1.05563 -41.5121 9.75183 27.4373 
0.611698 -5.07577 1.04024 -41.9503 9.84892 27.6225 
0.60639 -5.19934 1.02484 -42.3885 9.94601 27.8077 
0.601082 -5.32292 1.00944 -42.8267 10.0431 27.9929 
0.595774 -5.44649 0.994042 -43.2649 10.1402 28.1782 
0.590465 -5.57007 0.978644 -43.7031 10.2373 28.3634 
0.585157 -5.69365 0.963246 -44.1413 10.3344 28.5486 
0.579849 -5.81722 0.947848 -44.5796 10.4314 28.7338 
0.57454 -5.9408 0.93245 -45.0178 10.5285 28.919 
0.569232 -6.06437 0.917052 -45.456 10.6256 29.1042 
0.563924 -6.18795 0.901655 -45.8942 10.7227 29.2895 
0.558615 -6.31152 0.886257 -46.3324 10.8198 29.4747 
0.553307 -6.4351 0.870859 -46.7706 10.9169 29.6599 
0.547999 -6.55868 0.855461 -47.2088 11.014 29.8451 
0.542691 -6.68225 0.840063 -47.6471 11.1111 30.0303 
0.537382 -6.80583 0.824665 -48.0853 11.2082 30.2155 
0.532074 -6.9294 0.809267 -48.5235 11.3052 30.4008 
0.526766 -7.05298 0.79387 -48.9617 11.4023 30.586 
0.521457 -7.17655 0.778472 -49.3999 11.4994 30.7712 
0.516149 -7.30013 0.763074 -49.8381 11.5965 30.9564 
0.510841 -7.4237 0.747676 -50.2763 11.6936 31.1416 
0.505533 -7.54728 0.732278 -50.7145 11.7907 31.3269 
0.500224 -7.67086 0.71688 -51.1528 11.8878 31.5121 
0.494916 -7.79443 0.701482 -51.591 11.9849 31.6973 
0.489608 -7.91801 0.686084 -52.0292 12.0819 31.8825 
0.484299 -8.04158 0.670686 -52.4674 12.179 32.0677 
0.478991 -8.16516 0.655289 -52.9056 12.2761 32.2529 
0.473683 -8.28873 0.639891 -53.3438 12.3732 32.4382 
0.468374 -8.41231 0.624493 -53.782 12.4703 32.6234 
0.463066 -8.53589 0.609095 -54.2203 12.5674 32.8086 
0.457758 -8.65946 0.593697 -54.6585 12.6645 32.9938 
0.45245 -8.78304 0.578299 -55.0967 12.7616 33.179 
0.447141 -8.90661 0.562901 -55.5349 12.8586 33.3642 
0.441833 -9.03019 0.547504 -55.9731 12.9557 33.5495 
0.436525 -9.15376 0.532106 -56.4113 13.0528 33.7347 
0.431216 -9.27734 0.516708 -56.8495 13.1499 33.9199 
0.425908 -9.40091 0.50131 -57.2878 13.247 34.1051 
0.4206 -9.52449 0.485912 -57.726 13.3441 34.2903 
0.415291 -9.64807 0.470514 -58.1642 13.4412 34.4755 
0.409983 -9.77164 0.455116 -58.6024 13.5383 34.6608 
0.404675 -9.89522 0.439718 -59.0406 13.6354 34.846 
0.399367 -10.0188 0.42432 -59.4788 13.7324 35.0312 
0.394058 -10.1424 0.408923 -59.917 13.8295 35.2164 
0.38875 -10.2659 0.393525 -60.3553 13.9266 35.4016 
0.383442 -10.3895 0.378127 -60.7935 14.0237 35.5868 
0.378133 -10.5131 0.362729 -61.2317 14.1208 35.7721 
0.372825 -10.6367 0.347331 -61.6699 14.2179 35.9573 
0.367517 -10.7602 0.331933 -62.1081 14.315 36.1425 
0.362208 -10.8838 0.316535 -62.5463 14.4121 36.3277 
0.3569 -11.0074 0.301138 -62.9845 14.5091 36.5129 
0.351592 -11.131 0.28574 -63.4228 14.6062 36.6981 
0.346284 -11.2545 0.270342 -63.861 14.7033 36.8834 
0.340975 -11.3781 0.254944 -64.2992 14.8004 37.0686 
0.335667 -11.5017 0.239546 -64.7374 14.8975 37.2538 
0.461357 -11.3436 0.0811434 -65.0171 15.1991 37.1517 
0.587047 -11.1855 -0.0772592 -65.2968 15.5006 37.0496 
0.712737 -11.0273 -0.235662 -65.5766 15.8022 36.9476 
0.838427 -10.8692 -0.394064 -65.8563 16.1037 36.8455 
0.964118 -10.7111 -0.552467 -66.136 16.4053 36.7434 
1.08981 -10.553 -0.71087 -66.4157 16.7069 36.6413 
1.2155 -10.3948 -0.869272 -66.6954 17.0084 36.5392 
1.34119 -10.2367 -1.02767 -66.9752 17.31 36.4372 
1.46688 -10.0786 -1.18608 -67.2549 17.6116 36.3351 
1.59257 -9.92045 -1.34448 -67.5346 17.9131 36.233 
1.71826 -9.76233 -1.50288 -67.8143 18.2147 36.1309 
1.84395 -9.6042 -1.66129 -68.094 18.5162 36.0288 
1.96964 -9.44608 -1.81969 -68.3738 18.8178 35.9268 
2.09533 -9.28795 -1.97809 -68.6535 19.1194 35.8247 
2.22102 -9.12983 -2.13649 -68.9332 19.4209 35.7226 
2.34671 -8.9717 -2.2949 -69.2129 19.7225 35.6205 
2.4724 -8.81358 -2.4533 -69.4927 20.0241 35.5185 
2.59809 -8.65545 -2.6117 -69.7724 20.3256 35.4164 
2.72378 -8.49733 -2.7701 -70.0521 20.6272 35.3143 
2.84947 -8.3392 -2.92851 -70.3318 20.9287 35.2122 
2.97516 -8.18108 -3.08691 -70.6115 21.2303 35.1101 
3.10085 -8.02295 -3.24531 -70.8913 21.5319 35.0081 
3.22654 -7.86483 -3.40371 -71.171 21.8334 34.906 
3.35223 -7.7067 -3.56212 -71.4507 22.135 34.8039 
3.47792 -7.54858 -3.72052 -71.7304 22.4366 34.7018 
3.60361 -7.39045 -3.87892 -72.0101 22.7381 34.5997 
3.7293 -7.23233 -4.03732 -72.2899 23.0397 34.4977 
3.85499 -7.0742 -4.19573 -72.5696 23.3412 34.3956 
3.98068 -6.91608 -4.35413 -72.8493 23.6428 34.2935 
3.91321 -6.84727 -4.36417 -73.2735 23.721 34.5417 
3.84574 -6.77845 -4.37422 -73.6978 23.7992 34.79 
3.77827 -6.70964 -4.38426 -74.122 23.8774 35.0382 
3.7108 -6.64082 -4.3943 -74.5463 23.9556 35.2865 
3.64333 -6.57201 -4.40435 -74.9705 24.0337 35.5347 
3.57587 -6.50319 -4.41439 -75.3948 24.1119 35.783 
3.5084 -6.43438 -4.42443 -75.819 24.1901 36.0312 
3.44093 -6.36556 -4.43448 -76.2433 24.2683 36.2795 
3.37346 -6.29675 -4.44452 -76.6675 24.3465 36.5277 
3.30599 -6.22793 -4.45457 -77.0918 24.4247 36.776 
3.23852 -6.15912 -4.46461 -77.516 24.5029 37.0242 
3.17105 -6.0903 -4.47465 -77.9403 24.5811 37.2724 
3.10358 -6.02149 -4.4847 -78.3645 24.6593 37.5207 
3.03611 -5.95267 -4.49474 -78.7888 24.7375 37.7689 
2.96864 -5.88386 -4.50478 -79.213 24.8156 38.0172 
2.90117 -5.81504 -4.51483 -79.6373 24.8938 38.2654 
2.8337 -5.74623 -4.52487 -80.0615 24.972 38.5137 
2.76624 -5.67741 -4.53491 -80.4858 25.0502 38.7619 
2.69877 -5.6086 -4.54496 -80.91 25.1284 39.0102 
2.6313 -5.53978 -4.555 -81.3343 25.2066 39.2584 
2.56383 -5.47097 -4.56504 -81.7585 25.2848 39.5067 
2.49636 -5.40215 -4.57509 -82.1828 25.363 39.7549 
2.42889 -5.33334 -4.58513 -82.607 25.4412 40.0032 
2.36142 -5.26452 -4.59518 -83.0313 25.5194 40.2514 
2.29395 -5.19571 -4.60522 -83.4555 25.5975 40.4996 
2.22648 -5.12689 -4.61526 -83.8798 25.6757 40.7479 
2.15901 -5.05808 -4.62531 -84.304 25.7539 40.9961 
2.09154 -4.98926 -4.63535 -84.7283 25.8321 41.2444 
2.02407 -4.92045 -4.64539 -85.1525 25.9103 41.4926 
1.95661 -4.85163 -4.65544 -85.5768 25.9885 41.7409 
1.88914 -4.78282 -4.66548 -86.001 26.0667 41.9891 
1.82167 -4.714 -4.67552 -86.4253 26.1449 42.2374 
1.7542 -4.64519 -4.68557 -86.8495 26.2231 42.4856 
1.68673 -4.57637 -4.69561 -87.2738 26.3013 42.7339 
1.61926 -4.50756 -4.70565 -87.698 26.3794 42.9821 
1.55179 -4.43874 -4.7157 -88.1223 26.4576 43.2303 
1.48432 -4.36993 -4.72574 -88.5465 26.5358 43.4786 
1.41685 -4.30111 -4.73579 -88.9708 26.614 43.7268 
1.34938 -4.2323 -4.74583 -89.395 26.6922 43.9751 
1.28191 -4.16348 -4.75587 -89.8193 26.7704 44.2233 
1.21444 -4.09467 -4.76592 -90.2435 26.8486 44.4716 
1.14698 -4.02585 -4.77596 -90.6678 26.9268 44.7198 
1.07951 -3.95704 -4.786 -91.092 27.005 44.9681 
1.01204 -3.88822 -4.79605 -91.5163 27.0832 45.2163 
0.944568 -3.81941 -4.80609 -91.9405 27.1613 45.4646 
0.877099 -3.75059 -4.81613 -92.3648 27.2395 45.7128 
0.80963 -3.68178 -4.82618 -92.789 27.3177 45.9611 
0.742161 -3.61296 -4.83622 -93.2133 27.3959 46.2093 
0.674692 -3.54415 -4.84626 -93.6375 27.4741 46.4575 
0.607222 -3.47533 -4.85631 -94.0618 27.5523 46.7058 
0.539753 -3.40652 -4.86635 -94.486 27.6305 46.954 
0.472284 -3.3377 -4.8764 -94.9103 27.7087 47.2023 
0.404815 -3.26889 -4.88644 -95.3345 27.7869 47.4505 
0.337346 -3.20007 -4.89648 -95.7588 27.8651 47.6988 
0.269877 -3.13126 -4.90653 -96.183 27.9432 47.947 
0.202407 -3.06244 -4.91657 -96.6073 28.0214 48.1953 
0.134938 -2.99363 -4.92661 -97.0315 28.0996 48.4435 
0.0674692 -2.92481 -4.93666 -97.4558 28.1778 48.6918 
0 -2.856 -4.9467 -97.88 28.256 48.94 


