0 5.712 0 0 0 0 
0.0147411 5.59502 0.0276786 -0.42164 -0.100565 0.212881 
0.0294821 5.47803 0.0553572 -0.843279 -0.201129 0.425761 
0.0442231 5.36105 0.0830358 -1.26492 -0.301693 0.638641 
0.0589642 5.24407 0.110714 -1.68656 -0.402258 0.851522 
0.0737052 5.12709 0.138393 -2.1082 -0.502822 1.0644 
0.0884463 5.0101 0.166072 -2.52984 -0.603387 1.27728 
0.103187 4.89312 0.19375 -2.95148 -0.703951 1.49016 
0.117928 4.77614 0.221429 -3.37312 -0.804516 1.70304 
0.132669 4.65915 0.249107 -3.79476 -0.90508 1.91592 
0.14741 4.54217 0.276786 -4.2164 -1.00564 2.1288 
0.162152 4.42519 0.304465 -4.63803 -1.10621 2.34169 
0.176893 4.3082 0.332143 -5.05967 -1.20677 2.55457 
0.191634 4.19122 0.359822 -5.48131 -1.30734 2.76745 
0.206375 4.07424 0.3875 -5.90295 -1.4079 2.98033 
0.221116 3.95725 0.415179 -6.32459 -1.50847 3.19321 
0.235857 3.84027 0.442858 -6.74623 -1.60903 3.40609 
0.250598 3.72329 0.470536 -7.16787 -1.7096 3.61897 
0.265339 3.60631 0.498215 -7.58951 -1.81016 3.83185 
0.28008 3.48932 0.525893 -8.01115 -1.91073 4.04473 
0.294821 3.37234 0.553572 -8.43279 -2.01129 4.25761 
0.271145 3.27426 0.620852 -8.84214 -2.15796 4.47309 
0.247469 3.17618 0.688132 -9.25149 -2.30464 4.68858 
0.223794 3.0781 0.755412 -9.66084 -2.45131 4.90406 
0.200118 2.98002 0.822692 -10.0702 -2.59799 5.11954 
0.176442 2.88194 0.889972 -10.4795 -2.74466 5.33502 
0.152766 2.78386 0.957252 -10.8889 -2.89133 5.55051 
0.129091 2.68577 1.02453 -11.2983 -3.03801 5.76599 
0.105415 2.58769 1.09181 -11.7076 -3.18468 5.98147 
0.081739 2.48961 1.15909 -12.117 -3.33136 6.19695 
0.0580632 2.39153 1.22637 -12.5263 -3.47803 6.41244 
0.0343874 2.29345 1.29365 -12.9357 -3.6247 6.62792 
0.0107116 2.19537 1.36093 -13.345 -3.77138 6.8434 
-0.0129641 2.09729 1.42821 -13.7544 -3.91805 7.05888 
-0.0366399 1.99921 1.49549 -14.1637 -4.06472 7.27437 
-0.0603157 1.90113 1.56277 -14.5731 -4.2114 7.48985 
-0.0839915 1.80305 1.63005 -14.9824 -4.35807 7.70533 
-0.107667 1.70497 1.69733 -15.3918 -4.50475 7.92082 
-0.131343 1.60689 1.76461 -15.8011 -4.65142 8.1363 
-0.155019 1.50881 1.83189 -16.2105 -4.79809 8.35178 
-0.178695 1.41072 1.89917 -16.6198 -4.94477 8.56726 
-0.20237 1.31264 1.96645 -17.0292 -5.09144 8.78275 
-0.226046 1.21456 2.03373 -17.4385 -5.23812 8.99823 
-0.249722 1.11648 2.10101 -17.8479 -5.38479 9.21371 
-0.273398 1.0184 2.16829 -18.2572 -5.53146 9.42919 
-0.297074 0.92032 2.23557 -18.6666 -5.67814 9.64468 
-0.320749 0.82224 2.30285 -19.0759 -5.82481 9.86016 
-0.344425 0.724159 2.37013 -19.4853 -5.97149 10.0756 
-0.368101 0.626078 2.43741 -19.8946 -6.11816 10.2911 
-0.391777 0.527997 2.50469 -20.304 -6.26483 10.5066 
-0.415452 0.429917 2.57197 -20.7133 -6.41151 10.7221 
-0.439128 0.331836 2.63925 -21.1227 -6.55818 10.9376 
-0.462804 0.233755 2.70653 -21.532 -6.70485 11.1531 
-0.48648 0.135674 2.77381 -21.9414 -6.85153 11.3685 
-0.510156 0.0375935 2.84109 -22.3507 -6.9982 11.584 
-0.533831 -0.0604873 2.90837 -22.7601 -7.14488 11.7995 
-0.557507 -0.158568 2.97565 -23.1694 -7.29155 12.015 
-0.581183 -0.256649 3.04293 -23.5788 -7.43822 12.2305 
-0.604859 -0.35473 3.11021 -23.9881 -7.5849 12.446 
-0.628534 -0.45281 3.17749 -24.3975 -7.73157 12.6614 
-0.65221 -0.550891 3.24477 -24.8068 -7.87825 12.8769 
-0.675886 -0.648972 3.31205 -25.2162 -8.02492 13.0924 
-0.540709 -0.804778 3.14432 -25.067 -7.83272 12.9209 
-0.405532 -0.960583 2.97659 -24.9177 -7.64051 12.7494 
-0.270354 -1.11639 2.80886 -24.7685 -7.44831 12.578 
-0.135177 -1.27219 2.64113 -24.6192 -7.2561 12.4065 
0 -1.428 2.4734 -24.47 -7.0639 12.235 


