0 5.712 0 0 0 0 
0.0956236 5.72793 0.148682 -0.25269 0.15148 -0.357933 
0.191247 5.74387 0.297364 -0.505381 0.30296 -0.715867 
0.286871 5.7598 0.446046 -0.758071 0.454439 -1.0738 
0.382494 5.77573 0.594728 -1.01076 0.605919 -1.43173 
0.478118 5.79167 0.74341 -1.26345 0.757399 -1.78967 
0.573741 5.8076 0.892091 -1.51614 0.908879 -2.1476 
0.669365 5.82353 1.04077 -1.76883 1.06036 -2.50553 
0.764989 5.83946 1.18946 -2.02152 1.21184 -2.86347 
0.860612 5.8554 1.33814 -2.27421 1.36332 -3.2214 
0.956236 5.87133 1.48682 -2.5269 1.5148 -3.57933 
1.05186 5.88726 1.6355 -2.7796 1.66628 -3.93727 
1.14748 5.9032 1.78418 -3.03229 1.81776 -4.2952 
1.24311 5.91913 1.93286 -3.28498 1.96924 -4.65313 
1.33873 5.93506 2.08155 -3.53767 2.12072 -5.01107 
1.43435 5.951 2.23023 -3.79036 2.2722 -5.369 
1.52998 5.96693 2.37891 -4.04305 2.42368 -5.72693 
1.6256 5.98286 2.52759 -4.29574 2.57516 -6.08487 
1.72122 5.9988 2.67627 -4.54843 2.72664 -6.4428 
1.81685 6.01473 2.82496 -4.80112 2.87812 -6.80073 
1.91247 6.03066 2.97364 -5.05381 3.0296 -7.15867 
2.00809 6.04659 3.12232 -5.3065 3.18107 -7.5166 
2.10372 6.06253 3.271 -5.55919 3.33255 -7.87453 
2.19934 6.07846 3.41968 -5.81188 3.48403 -8.23247 
2.29497 6.09439 3.56837 -6.06457 3.63551 -8.5904 
2.39059 6.11033 3.71705 -6.31726 3.78699 -8.94833 
2.48621 6.12626 3.86573 -6.56995 3.93847 -9.30627 
2.58184 6.14219 4.01441 -6.82264 4.08995 -9.6642 
2.67746 6.15813 4.16309 -7.07533 4.24143 -10.0221 
2.77308 6.17406 4.31178 -7.32802 4.39291 -10.3801 
2.86871 6.18999 4.46046 -7.58071 4.54439 -10.738 
2.96433 6.20593 4.60914 -7.8334 4.69587 -11.0959 
3.05995 6.22186 4.75782 -8.0861 4.84735 -11.4539 
3.15558 6.23779 4.9065 -8.33879 4.99883 -11.8118 
3.2512 6.25373 5.05518 -8.59148 5.15031 -12.1697 
3.34682 6.26966 5.20387 -8.84417 5.30179 -12.5277 
3.44245 6.28559 5.35255 -9.09686 5.45327 -12.8856 
3.53807 6.30152 5.50123 -9.34955 5.60475 -13.2435 
3.6337 6.31746 5.64991 -9.60224 5.75623 -13.6015 
3.72932 6.33339 5.79859 -9.85493 5.90771 -13.9594 
3.82494 6.34932 5.94728 -10.1076 6.05919 -14.3173 
3.92057 6.36526 6.09596 -10.3603 6.21067 -14.6753 
4.01619 6.38119 6.24464 -10.613 6.36215 -15.0332 
3.98983 6.34871 6.36658 -10.792 6.64597 -15.3795 
3.96348 6.31623 6.48851 -10.971 6.9298 -15.7257 
3.93712 6.28375 6.61045 -11.1501 7.21362 -16.072 
3.91077 6.25127 6.73239 -11.3291 7.49744 -16.4183 
3.87315 6.15157 6.78619 -11.5496 7.7045 -16.7978 
3.83554 6.05187 6.83998 -11.77 7.91155 -17.1772 
3.79792 5.95217 6.89378 -11.9905 8.11861 -17.5567 
3.76031 5.85247 6.94757 -12.2109 8.32567 -17.9361 
3.72269 5.75277 7.00137 -12.4314 8.53273 -18.3156 
3.68508 5.65307 7.05517 -12.6519 8.73978 -18.695 
3.64746 5.55337 7.10896 -12.8723 8.94684 -19.0745 
3.60985 5.45367 7.16276 -13.0928 9.1539 -19.4539 
3.57223 5.35397 7.21656 -13.3133 9.36096 -19.8334 
3.53461 5.25427 7.27035 -13.5337 9.56801 -20.2128 
3.497 5.15457 7.32415 -13.7542 9.77507 -20.5923 
3.45938 5.05487 7.37794 -13.9746 9.98213 -20.9717 
3.42177 4.95517 7.43174 -14.1951 10.1892 -21.3512 
3.38415 4.85547 7.48554 -14.4156 10.3962 -21.7307 
3.34654 4.75577 7.53933 -14.636 10.6033 -22.1101 
3.30892 4.65607 7.59313 -14.8565 10.8104 -22.4896 
3.27131 4.55637 7.64693 -15.077 11.0174 -22.869 
3.23369 4.45667 7.70072 -15.2974 11.2245 -23.2485 
3.19607 4.35697 7.75452 -15.5179 11.4315 -23.6279 
3.15846 4.25727 7.80831 -15.7383 11.6386 -24.0074 
3.12084 4.15757 7.86211 -15.9588 11.8456 -24.3868 
3.08323 4.05787 7.91591 -16.1793 12.0527 -24.7663 
3.04561 3.95817 7.9697 -16.3997 12.2598 -25.1457 
3.008 3.85847 8.0235 -16.6202 12.4668 -25.5252 
2.97038 3.75877 8.07729 -16.8406 12.6739 -25.9046 
2.93277 3.65907 8.13109 -17.0611 12.8809 -26.2841 
2.89515 3.55937 8.18489 -17.2816 13.088 -26.6636 
2.85754 3.45967 8.23868 -17.502 13.295 -27.043 
2.81992 3.35997 8.29248 -17.7225 13.5021 -27.4225 
2.7823 3.26027 8.34628 -17.943 13.7092 -27.8019 
2.74469 3.16057 8.40007 -18.1634 13.9162 -28.1814 
2.70707 3.06087 8.45387 -18.3839 14.1233 -28.5608 
2.66946 2.96117 8.50766 -18.6043 14.3303 -28.9403 
2.63184 2.86147 8.56146 -18.8248 14.5374 -29.3197 
2.59423 2.76177 8.61526 -19.0453 14.7444 -29.6992 
2.55661 2.66207 8.66905 -19.2657 14.9515 -30.0786 
2.519 2.56237 8.72285 -19.4862 15.1586 -30.4581 
2.48138 2.46267 8.77665 -19.7066 15.3656 -30.8376 
2.44376 2.36297 8.83044 -19.9271 15.5727 -31.217 
2.40615 2.26327 8.88424 -20.1476 15.7797 -31.5965 
2.36853 2.16357 8.93803 -20.368 15.9868 -31.9759 
2.33092 2.06387 8.99183 -20.5885 16.1938 -32.3554 
2.2933 1.96417 9.04563 -20.809 16.4009 -32.7348 
2.25569 1.86447 9.09942 -21.0294 16.608 -33.1143 
2.21807 1.76477 9.15322 -21.2499 16.815 -33.4937 
2.18046 1.66507 9.20701 -21.4703 17.0221 -33.8732 
2.14284 1.56537 9.26081 -21.6908 17.2291 -34.2526 
2.10522 1.46567 9.31461 -21.9113 17.4362 -34.6321 
2.06761 1.36597 9.3684 -22.1317 17.6433 -35.0115 
2.02999 1.26627 9.4222 -22.3522 17.8503 -35.391 
1.99238 1.16657 9.476 -22.5727 18.0574 -35.7705 
1.95476 1.06687 9.52979 -22.7931 18.2644 -36.1499 
1.91715 0.96717 9.58359 -23.0136 18.4715 -36.5294 
1.87953 0.86747 9.63738 -23.234 18.6785 -36.9088 
1.84192 0.76777 9.69118 -23.4545 18.8856 -37.2883 
1.8043 0.66807 9.74498 -23.675 19.0927 -37.6677 
1.76668 0.56837 9.79877 -23.8954 19.2997 -38.0472 
1.72907 0.46867 9.85257 -24.1159 19.5068 -38.4266 
1.69145 0.36897 9.90636 -24.3363 19.7138 -38.8061 
1.65384 0.26927 9.96016 -24.5568 19.9209 -39.1855 
1.61622 0.16957 10.014 -24.7773 20.1279 -39.565 
1.57861 0.06987 10.0678 -24.9977 20.335 -39.9444 
1.54099 -0.02983 10.1215 -25.2182 20.5421 -40.3239 
1.50338 -0.12953 10.1753 -25.4387 20.7491 -40.7034 
1.46576 -0.22923 10.2291 -25.6591 20.9562 -41.0828 
1.42815 -0.32893 10.2829 -25.8796 21.1632 -41.4623 
1.39053 -0.42863 10.3367 -26.1 21.3703 -41.8417 
1.35291 -0.52833 10.3905 -26.3205 21.5773 -42.2212 
1.3153 -0.62803 10.4443 -26.541 21.7844 -42.6006 
1.27768 -0.72773 10.4981 -26.7614 21.9915 -42.9801 
1.24007 -0.82743 10.5519 -26.9819 22.1985 -43.3595 
1.20245 -0.92713 10.6057 -27.2024 22.4056 -43.739 
1.16484 -1.02683 10.6595 -27.4228 22.6126 -44.1184 
1.12722 -1.12653 10.7133 -27.6433 22.8197 -44.4979 
1.08961 -1.22623 10.7671 -27.8637 23.0267 -44.8773 
1.05199 -1.32593 10.8209 -28.0842 23.2338 -45.2568 
0.990108 -1.53892 10.6884 -28.3514 23.5292 -45.4735 
0.928226 -1.7519 10.5559 -28.6186 23.8246 -45.6901 
0.866345 -1.96489 10.4233 -28.8859 24.1201 -45.9068 
0.804463 -2.17788 10.2908 -29.1531 24.4155 -46.1234 
0.742581 -2.39086 10.1583 -29.4203 24.7109 -46.3401 
0.680699 -2.60385 10.0258 -29.6875 25.0063 -46.5568 
0.618818 -2.81684 9.89324 -29.9548 25.3018 -46.7734 
0.556936 -3.02982 9.76071 -30.222 25.5972 -46.9901 
0.495054 -3.24281 9.62819 -30.4892 25.8926 -47.2067 
0.433172 -3.45579 9.49566 -30.7564 26.188 -47.4234 
0.371291 -3.66878 9.36314 -31.0237 26.4835 -47.64 
0.309409 -3.88177 9.23062 -31.2909 26.7789 -47.8567 
0.247527 -4.09475 9.09809 -31.5581 27.0743 -48.0734 
0.185645 -4.30774 8.96557 -31.8253 27.3697 -48.29 
0.123764 -4.52073 8.83305 -32.0926 27.6652 -48.5067 
0.0618818 -4.73371 8.70052 -32.3598 27.9606 -48.7233 
0 -4.9467 8.568 -32.627 28.256 -48.94 


