0 5.712 0 0 0 0 
0 5.67005 0 -0.447075 -0.774366 0 
0 5.64672 0 -0.695774 -1.20513 0 
0 5.62339 0 -0.944472 -1.63589 0 
0 5.60005 0 -1.19317 -2.06665 0 
0 5.57672 0 -1.44187 -2.49741 0 
0 5.55339 0 -1.69056 -2.92817 0 
0 5.53005 0 -1.93926 -3.35894 0 
0 5.50672 0 -2.18796 -3.7897 0 
0 5.48339 0 -2.43666 -4.22046 0 
0 5.46005 0 -2.68535 -4.65123 0 
0 5.43671 0 -2.93405 -5.08199 0 
0 5.41338 0 -3.18275 -5.51275 0 
0 5.39004 0 -3.43145 -5.94351 0 
0 5.36671 0 -3.68014 -6.37427 0 
0 5.34337 0 -3.92884 -6.80504 0 
0 5.32004 0 -4.17754 -7.2358 0 
0 5.29671 0 -4.42624 -7.66656 0 
0 5.27337 0 -4.67493 -8.09732 0 
0 5.25004 0 -4.92363 -8.52809 0 
0 5.22671 0 -5.17233 -8.95885 0 
0 5.20337 0 -5.42103 -9.38961 0 
0 5.18004 0 -5.66972 -9.82038 0 
0 5.15671 0 -5.91842 -10.2511 0 
0 5.13337 0 -6.16712 -10.6819 0 
0 5.11004 0 -6.41582 -11.1127 0 
0 5.08671 0 -6.66451 -11.5434 0 
0 5.06337 0 -6.91321 -11.9742 0 
0 5.04004 0 -7.16191 -12.405 0 
0 5.0167 0 -7.41061 -12.8357 0 
0 4.99337 0 -7.6593 -13.2665 0 
0 4.97004 0 -7.908 -13.6973 0 
0 4.9467 0 -8.1567 -14.128 0 


