0 5.712 0 0 0 0 
-0.0416445 5.6657 0.0687257 -0.471702 -0.106495 0.0865018 
-0.0832891 5.6194 0.137451 -0.943405 -0.21299 0.173004 
-0.124934 5.5731 0.206177 -1.41511 -0.319486 0.259505 
-0.166578 5.5268 0.274903 -1.88681 -0.425981 0.346007 
-0.208223 5.4805 0.343628 -2.35851 -0.532476 0.432509 
-0.249867 5.4342 0.412354 -2.83021 -0.638971 0.519011 
-0.291512 5.3879 0.48108 -3.30192 -0.745467 0.605513 
-0.333156 5.3416 0.549805 -3.77362 -0.851962 0.692015 
-0.374801 5.2953 0.618531 -4.24532 -0.958457 0.778516 
-0.416445 5.249 0.687257 -4.71702 -1.06495 0.865018 
-0.45809 5.2027 0.755983 -5.18872 -1.17145 0.95152 
-0.499735 5.15639 0.824708 -5.66043 -1.27794 1.03802 
-0.541379 5.11009 0.893434 -6.13213 -1.38444 1.12452 
-0.583024 5.06379 0.96216 -6.60383 -1.49093 1.21103 
-0.624668 5.01749 1.03089 -7.07553 -1.59743 1.29753 
-0.666313 4.97119 1.09961 -7.54724 -1.70392 1.38403 
-0.707957 4.92489 1.16834 -8.01894 -1.81042 1.47053 
-0.749602 4.87859 1.23706 -8.49064 -1.91691 1.55703 
-0.791246 4.83229 1.30579 -8.96234 -2.02341 1.64353 
-0.832891 4.78599 1.37451 -9.43405 -2.1299 1.73004 
-0.874535 4.73969 1.44324 -9.90575 -2.2364 1.81654 
-0.91618 4.69339 1.51197 -10.3774 -2.34289 1.90304 
-0.957825 4.64709 1.58069 -10.8492 -2.44939 1.98954 
-0.999469 4.60079 1.64942 -11.3209 -2.55589 2.07604 
-1.04111 4.55449 1.71814 -11.7926 -2.66238 2.16255 
-1.08276 4.50819 1.78687 -12.2643 -2.76888 2.24905 
-1.1244 4.46189 1.85559 -12.736 -2.87537 2.33555 
-1.16605 4.41559 1.92432 -13.2077 -2.98187 2.42205 
-1.20769 4.36929 1.99304 -13.6794 -3.08836 2.50855 
-1.24934 4.32299 2.06177 -14.1511 -3.19486 2.59505 
-1.29098 4.27669 2.1305 -14.6228 -3.30135 2.68156 
-1.33263 4.23039 2.19922 -15.0945 -3.40785 2.76806 
-1.37427 4.18408 2.26795 -15.5662 -3.51434 2.85456 
-1.41591 4.13778 2.33667 -16.0379 -3.62084 2.94106 
-1.45756 4.09148 2.4054 -16.5096 -3.72733 3.02756 
-1.4992 4.04518 2.47412 -16.9813 -3.83383 3.11407 
-1.54085 3.99888 2.54285 -17.453 -3.94032 3.20057 
-1.58249 3.95258 2.61158 -17.9247 -4.04682 3.28707 
-1.62414 3.90628 2.6803 -18.3964 -4.15331 3.37357 
-1.66578 3.85998 2.74903 -18.8681 -4.25981 3.46007 
-1.70743 3.81368 2.81775 -19.3398 -4.3663 3.54657 
-1.74907 3.76738 2.88648 -19.8115 -4.4728 3.63308 
-1.79072 3.72108 2.9552 -20.2832 -4.57929 3.71958 
-1.83236 3.67478 3.02393 -20.7549 -4.68579 3.80608 
-1.84331 3.60294 3.06954 -21.2173 -4.79288 3.96495 
-1.85426 3.53109 3.11516 -21.6796 -4.89997 4.12382 
-1.86521 3.45925 3.16077 -22.142 -5.00706 4.28269 
-1.87616 3.38741 3.20638 -22.6044 -5.11415 4.44156 
-1.88711 3.31556 3.25199 -23.0667 -5.22124 4.60043 
-1.89806 3.24372 3.29761 -23.5291 -5.32833 4.75929 
-1.90901 3.17188 3.34322 -23.9915 -5.43542 4.91816 
-1.91996 3.10003 3.38883 -24.4538 -5.54251 5.07703 
-1.93091 3.02819 3.43444 -24.9162 -5.6496 5.2359 
-1.94186 2.95635 3.48006 -25.3785 -5.75669 5.39477 
-1.95281 2.8845 3.52567 -25.8409 -5.86378 5.55364 
-1.96376 2.81266 3.57128 -26.3033 -5.97086 5.71251 
-1.97472 2.74082 3.6169 -26.7656 -6.07795 5.87138 
-1.98567 2.66898 3.66251 -27.228 -6.18504 6.03025 
-1.99662 2.59713 3.70812 -27.6904 -6.29213 6.18912 
-2.00757 2.52529 3.75373 -28.1527 -6.39922 6.34799 
-2.01852 2.45345 3.79935 -28.6151 -6.50631 6.50686 
-2.02947 2.3816 3.84496 -29.0775 -6.6134 6.66573 
-2.04042 2.30976 3.89057 -29.5398 -6.72049 6.82459 
-2.05137 2.23792 3.93618 -30.0022 -6.82758 6.98346 
-2.06232 2.16607 3.9818 -30.4646 -6.93467 7.14233 
-2.07327 2.09423 4.02741 -30.9269 -7.04176 7.3012 
-2.08422 2.02239 4.07302 -31.3893 -7.14885 7.46007 
-2.09517 1.95054 4.11863 -31.8516 -7.25594 7.61894 
-2.10612 1.8787 4.16425 -32.314 -7.36303 7.77781 
-2.11707 1.80686 4.20986 -32.7764 -7.47012 7.93668 
-2.12802 1.73501 4.25547 -33.2387 -7.57721 8.09555 
-2.13897 1.66317 4.30109 -33.7011 -7.6843 8.25442 
-2.14992 1.59133 4.3467 -34.1635 -7.79139 8.41329 
-2.16087 1.51948 4.39231 -34.6258 -7.89848 8.57216 
-2.17182 1.44764 4.43792 -35.0882 -8.00557 8.73102 
-2.18277 1.3758 4.48354 -35.5506 -8.11266 8.88989 
-2.19372 1.30395 4.52915 -36.0129 -8.21975 9.04876 
-2.20467 1.23211 4.57476 -36.4753 -8.32684 9.20763 
-2.21562 1.16027 4.62037 -36.9377 -8.43393 9.3665 
-2.22657 1.08843 4.66599 -37.4 -8.54102 9.52537 
-2.23753 1.01658 4.7116 -37.8624 -8.6481 9.68424 
-2.24848 0.944739 4.75721 -38.3248 -8.75519 9.84311 
-2.25943 0.872896 4.80283 -38.7871 -8.86228 10.002 
-2.27038 0.801052 4.84844 -39.2495 -8.96937 10.1608 
-2.28133 0.729209 4.89405 -39.7118 -9.07646 10.3197 
-2.29228 0.657366 4.93966 -40.1742 -9.18355 10.4786 
-2.30323 0.585523 4.98528 -40.6366 -9.29064 10.6375 
-2.31418 0.51368 5.03089 -41.0989 -9.39773 10.7963 
-2.32513 0.441837 5.0765 -41.5613 -9.50482 10.9552 
-2.33608 0.369993 5.12211 -42.0237 -9.61191 11.1141 
-2.34703 0.29815 5.16773 -42.486 -9.719 11.2729 
-2.35798 0.226307 5.21334 -42.9484 -9.82609 11.4318 
-2.34183 0.26388 5.17763 -43.3246 -10.1458 11.3535 
-2.32568 0.301453 5.14192 -43.7009 -10.4656 11.2752 
-2.30953 0.339027 5.10622 -44.0771 -10.7854 11.1969 
-2.29338 0.3766 5.07051 -44.4534 -11.1051 11.1186 
-2.27723 0.414173 5.0348 -44.8296 -11.4249 11.0403 
-2.26108 0.451746 4.99909 -45.2059 -11.7446 10.962 
-2.24493 0.48932 4.96339 -45.5821 -12.0644 10.8837 
-2.22878 0.526893 4.92768 -45.9584 -12.3842 10.8054 
-2.21263 0.564466 4.89197 -46.3346 -12.7039 10.7271 
-2.19647 0.602039 4.85626 -46.7108 -13.0237 10.6488 
-2.18032 0.639613 4.82055 -47.0871 -13.3434 10.5705 
-2.16417 0.677186 4.78485 -47.4633 -13.6632 10.4922 
-2.14802 0.714759 4.74914 -47.8396 -13.983 10.4139 
-2.13187 0.752332 4.71343 -48.2158 -14.3027 10.3356 
-2.11572 0.789906 4.67772 -48.5921 -14.6225 10.2573 
-2.09957 0.827479 4.64202 -48.9683 -14.9422 10.179 
-2.08342 0.865052 4.60631 -49.3445 -15.262 10.1007 
-2.06727 0.902625 4.5706 -49.7208 -15.5818 10.0224 
-2.05112 0.940199 4.53489 -50.097 -15.9015 9.9441 
-2.03497 0.977772 4.49918 -50.4733 -16.2213 9.8658 
-2.01882 1.01535 4.46348 -50.8495 -16.541 9.7875 
-2.00267 1.05292 4.42777 -51.2258 -16.8608 9.7092 
-1.98652 1.09049 4.39206 -51.602 -17.1806 9.6309 
-1.97037 1.12806 4.35635 -51.9783 -17.5003 9.5526 
-1.95422 1.16564 4.32064 -52.3545 -17.8201 9.4743 
-1.93807 1.20321 4.28494 -52.7307 -18.1398 9.396 
-1.92192 1.24078 4.24923 -53.107 -18.4596 9.3177 
-1.90576 1.27836 4.21352 -53.4832 -18.7794 9.2394 
-1.88961 1.31593 4.17781 -53.8595 -19.0991 9.1611 
-1.87346 1.3535 4.14211 -54.2357 -19.4189 9.0828 
-1.85731 1.39108 4.1064 -54.612 -19.7386 9.0045 
-1.84116 1.42865 4.07069 -54.9882 -20.0584 8.9262 
-1.82501 1.46622 4.03498 -55.3644 -20.3782 8.8479 
-1.80886 1.5038 3.99927 -55.7407 -20.6979 8.7696 
-1.79271 1.54137 3.96357 -56.1169 -21.0177 8.6913 
-1.77656 1.57894 3.92786 -56.4932 -21.3374 8.613 
-1.76041 1.61652 3.89215 -56.8694 -21.6572 8.5347 
-1.74426 1.65409 3.85644 -57.2457 -21.977 8.4564 
-1.72811 1.69166 3.82074 -57.6219 -22.2967 8.3781 
-1.71196 1.72924 3.78503 -57.9982 -22.6165 8.2998 
-1.69581 1.76681 3.74932 -58.3744 -22.9362 8.2215 
-1.67966 1.80438 3.71361 -58.7506 -23.256 8.1432 
-1.66351 1.84196 3.6779 -59.1269 -23.5758 8.0649 
-1.64736 1.87953 3.6422 -59.5031 -23.8955 7.9866 
-1.63121 1.9171 3.60649 -59.8794 -24.2153 7.9083 
-1.61505 1.95468 3.57078 -60.2556 -24.535 7.83 
-1.5989 1.99225 3.53507 -60.6319 -24.8548 7.7517 
-1.58275 2.02982 3.49937 -61.0081 -25.1746 7.6734 
-1.5666 2.0674 3.46366 -61.3843 -25.4943 7.5951 
-1.55045 2.10497 3.42795 -61.7606 -25.8141 7.5168 
-1.5343 2.14254 3.39224 -62.1368 -26.1338 7.4385 
-1.51815 2.18012 3.35653 -62.5131 -26.4536 7.3602 
-1.502 2.21769 3.32083 -62.8893 -26.7734 7.2819 
-1.48585 2.25526 3.28512 -63.2656 -27.0931 7.2036 
-1.4697 2.29284 3.24941 -63.6418 -27.4129 7.1253 
-1.45355 2.33041 3.2137 -64.0181 -27.7326 7.047 
-1.4374 2.36798 3.17799 -64.3943 -28.0524 6.9687 
-1.42125 2.40555 3.14229 -64.7705 -28.3722 6.8904 
-1.4051 2.44313 3.10658 -65.1468 -28.6919 6.8121 
-1.38895 2.4807 3.07087 -65.523 -29.0117 6.7338 
-1.3728 2.51827 3.03516 -65.8993 -29.3314 6.6555 
-1.35665 2.55585 2.99946 -66.2755 -29.6512 6.5772 
-1.3405 2.59342 2.96375 -66.6518 -29.9709 6.4989 
-1.32434 2.63099 2.92804 -67.028 -30.2907 6.4206 
-1.30819 2.66857 2.89233 -67.4042 -30.6105 6.3423 
-1.29204 2.70614 2.85662 -67.7805 -30.9302 6.264 
-1.27589 2.74371 2.82092 -68.1567 -31.25 6.1857 
-1.25974 2.78129 2.78521 -68.533 -31.5697 6.1074 
-1.24359 2.81886 2.7495 -68.9092 -31.8895 6.0291 
-1.22744 2.85643 2.71379 -69.2855 -32.2093 5.9508 
-1.21129 2.89401 2.67809 -69.6617 -32.529 5.8725 
-1.19514 2.93158 2.64238 -70.038 -32.8488 5.7942 
-1.17899 2.96915 2.60667 -70.4142 -33.1685 5.7159 
-1.16284 3.00673 2.57096 -70.7904 -33.4883 5.6376 
-1.14669 3.0443 2.53525 -71.1667 -33.8081 5.5593 
-1.13054 3.08187 2.49955 -71.5429 -34.1278 5.481 
-1.11439 3.11945 2.46384 -71.9192 -34.4476 5.4027 
-1.09824 3.15702 2.42813 -72.2954 -34.7673 5.3244 
-1.08209 3.19459 2.39242 -72.6717 -35.0871 5.2461 
-1.06594 3.23217 2.35672 -73.0479 -35.4069 5.1678 
-1.04979 3.26974 2.32101 -73.4242 -35.7266 5.0895 
-1.03364 3.30731 2.2853 -73.8004 -36.0464 5.0112 
-1.01748 3.34489 2.24959 -74.1766 -36.3661 4.9329 
-1.00133 3.38246 2.21388 -74.5529 -36.6859 4.8546 
-0.985183 3.42003 2.17818 -74.9291 -37.0057 4.7763 
-0.969033 3.45761 2.14247 -75.3054 -37.3254 4.698 
-0.952882 3.49518 2.10676 -75.6816 -37.6452 4.6197 
-0.936732 3.53275 2.07105 -76.0579 -37.9649 4.5414 
-0.920581 3.57033 2.03535 -76.4341 -38.2847 4.4631 
-0.904431 3.6079 1.99964 -76.8103 -38.6045 4.3848 
-0.88828 3.64547 1.96393 -77.1866 -38.9242 4.3065 
-0.87213 3.68305 1.92822 -77.5628 -39.244 4.2282 
-0.855979 3.72062 1.89251 -77.9391 -39.5637 4.1499 
-0.839828 3.75819 1.85681 -78.3153 -39.8835 4.0716 
-0.823678 3.79576 1.8211 -78.6916 -40.2033 3.9933 
-0.807527 3.83334 1.78539 -79.0678 -40.523 3.915 
-0.791377 3.87091 1.74968 -79.4441 -40.8428 3.8367 
-0.775226 3.90848 1.71397 -79.8203 -41.1625 3.7584 
-0.759076 3.94606 1.67827 -80.1965 -41.4823 3.6801 
-0.742925 3.98363 1.64256 -80.5728 -41.8021 3.6018 
-0.726775 4.0212 1.60685 -80.949 -42.1218 3.5235 
-0.710624 4.05878 1.57114 -81.3253 -42.4416 3.4452 
-0.694474 4.09635 1.53544 -81.7015 -42.7613 3.3669 
-0.678323 4.13392 1.49973 -82.0778 -43.0811 3.2886 
-0.662172 4.1715 1.46402 -82.454 -43.4009 3.2103 
-0.646022 4.20907 1.42831 -82.8302 -43.7206 3.132 
-0.629871 4.24664 1.3926 -83.2065 -44.0404 3.0537 
-0.613721 4.28422 1.3569 -83.5827 -44.3601 2.9754 
-0.59757 4.32179 1.32119 -83.959 -44.6799 2.8971 
-0.58142 4.35936 1.28548 -84.3352 -44.9997 2.8188 
-0.565269 4.39694 1.24977 -84.7115 -45.3194 2.7405 
-0.549119 4.43451 1.21407 -85.0877 -45.6392 2.6622 
-0.532968 4.47208 1.17836 -85.464 -45.9589 2.5839 
-0.516818 4.50966 1.14265 -85.8402 -46.2787 2.5056 
-0.500667 4.54723 1.10694 -86.2164 -46.5985 2.4273 
-0.484516 4.5848 1.07123 -86.5927 -46.9182 2.349 
-0.468366 4.62238 1.03553 -86.9689 -47.238 2.2707 
-0.452215 4.65995 0.999819 -87.3452 -47.5577 2.1924 
-0.436065 4.69752 0.964111 -87.7214 -47.8775 2.1141 
-0.419914 4.7351 0.928403 -88.0977 -48.1972 2.0358 
-0.403764 4.77267 0.892695 -88.4739 -48.517 1.9575 
-0.387613 4.81024 0.856987 -88.8501 -48.8368 1.8792 
-0.371463 4.84782 0.82128 -89.2264 -49.1565 1.8009 
-0.355312 4.88539 0.785572 -89.6026 -49.4763 1.7226 
-0.339162 4.92296 0.749864 -89.9789 -49.796 1.6443 
-0.323011 4.96054 0.714156 -90.3551 -50.1158 1.566 
-0.30686 4.99811 0.678448 -90.7314 -50.4356 1.4877 
-0.29071 5.03568 0.642741 -91.1076 -50.7553 1.4094 
-0.274559 5.07325 0.607033 -91.4839 -51.0751 1.3311 
-0.258409 5.11083 0.571325 -91.8601 -51.3948 1.2528 
-0.242258 5.1484 0.535617 -92.2363 -51.7146 1.1745 
-0.226108 5.18597 0.499909 -92.6126 -52.0344 1.0962 
-0.209957 5.22355 0.464202 -92.9888 -52.3541 1.0179 
-0.193807 5.26112 0.428494 -93.3651 -52.6739 0.9396 
-0.177656 5.29869 0.392786 -93.7413 -52.9936 0.8613 
-0.161505 5.33627 0.357078 -94.1176 -53.3134 0.783 
-0.145355 5.37384 0.32137 -94.4938 -53.6332 0.7047 
-0.129204 5.41141 0.285662 -94.87 -53.9529 0.6264 
-0.113054 5.44899 0.249955 -95.2463 -54.2727 0.5481 
-0.0969033 5.48656 0.214247 -95.6225 -54.5924 0.4698 
-0.0807527 5.52413 0.178539 -95.9988 -54.9122 0.3915 
-0.0646022 5.56171 0.142831 -96.375 -55.232 0.3132 
-0.0484516 5.59928 0.107123 -96.7513 -55.5517 0.2349 
-0.0323011 5.63685 0.0714156 -97.1275 -55.8715 0.1566 
-0.0161505 5.67443 0.0357078 -97.5038 -56.1912 0.0783 
0 5.712 0 -97.88 -56.511 0 


