0 5.712 0 0 0 0 
0.00527261 5.72232 0.0482189 -0.436708 0.0549447 -0.249081 
0.0105452 5.73264 0.0964379 -0.873416 0.109889 -0.498162 
0.0158178 5.74296 0.144657 -1.31012 0.164834 -0.747243 
0.0210904 5.75329 0.192876 -1.74683 0.219779 -0.996324 
0.026363 5.76361 0.241095 -2.18354 0.274724 -1.24541 
0.0316356 5.77393 0.289314 -2.62025 0.329668 -1.49449 
0.0369082 5.78425 0.337533 -3.05696 0.384613 -1.74357 
0.0421808 5.79457 0.385752 -3.49366 0.439558 -1.99265 
0.0474534 5.80489 0.433971 -3.93037 0.494503 -2.24173 
0.0527261 5.81521 0.482189 -4.36708 0.549447 -2.49081 
0.0579987 5.82553 0.530408 -4.80379 0.604392 -2.73989 
0.0632713 5.83586 0.578627 -5.24049 0.659337 -2.98897 
0.0685439 5.84618 0.626846 -5.6772 0.714282 -3.23805 
0.0738165 5.8565 0.675065 -6.11391 0.769226 -3.48713 
0.0790891 5.86682 0.723284 -6.55062 0.824171 -3.73622 
0.0843617 5.87714 0.771503 -6.98733 0.879116 -3.9853 
0.0896343 5.88746 0.819722 -7.42403 0.934061 -4.23438 
0.0949069 5.89778 0.867941 -7.86074 0.989005 -4.48346 
0.10018 5.9081 0.91616 -8.29745 1.04395 -4.73254 
0.105452 5.91843 0.964379 -8.73416 1.09889 -4.98162 
0.110725 5.92875 1.0126 -9.17087 1.15384 -5.2307 
0.115997 5.93907 1.06082 -9.60757 1.20878 -5.47978 
0.12127 5.94939 1.10904 -10.0443 1.26373 -5.72886 
0.126543 5.95971 1.15725 -10.481 1.31867 -5.97795 
0.131815 5.97003 1.20547 -10.9177 1.37362 -6.22703 
0.137088 5.98035 1.25369 -11.3544 1.42856 -6.47611 
0.14236 5.99068 1.30191 -11.7911 1.48351 -6.72519 
0.147633 6.001 1.35013 -12.2278 1.53845 -6.97427 
0.152906 6.01132 1.39835 -12.6645 1.5934 -7.22335 
0.158178 6.02164 1.44657 -13.1012 1.64834 -7.47243 
0.163451 6.03196 1.49479 -13.5379 1.70329 -7.72151 
0.168723 6.04228 1.54301 -13.9747 1.75823 -7.97059 
0.173996 6.0526 1.59123 -14.4114 1.81318 -8.21967 
0.179269 6.06292 1.63944 -14.8481 1.86812 -8.46876 
0.184541 6.07325 1.68766 -15.2848 1.92307 -8.71784 
0.189814 6.08357 1.73588 -15.7215 1.97801 -8.96692 
0.195086 6.09389 1.7841 -16.1582 2.03296 -9.216 
0.200359 6.10421 1.83232 -16.5949 2.0879 -9.46508 
0.152184 5.90724 1.76025 -16.7612 1.66838 -9.46743 
0.104009 5.71028 1.68818 -16.9274 1.24886 -9.46978 
0.0558344 5.51331 1.61612 -17.0937 0.829347 -9.47213 
0.0076595 5.31635 1.54405 -17.2599 0.40983 -9.47448 
-0.0405154 5.11938 1.47198 -17.4262 -0.0096875 -9.47684 
-0.0886902 4.92241 1.39991 -17.5924 -0.429205 -9.47919 
-0.136865 4.72545 1.32784 -17.7587 -0.848723 -9.48154 
-0.18504 4.52848 1.25578 -17.9249 -1.26824 -9.48389 
-0.233215 4.33151 1.18371 -18.0912 -1.68776 -9.48624 
-0.28139 4.13455 1.11164 -18.2574 -2.10728 -9.48859 
-0.329565 3.93758 1.03957 -18.4237 -2.52679 -9.49094 
-0.377739 3.74062 0.967503 -18.59 -2.94631 -9.49329 
-0.425914 3.54365 0.895435 -18.7562 -3.36583 -9.49565 
-0.474089 3.34668 0.823367 -18.9225 -3.78534 -9.498 
-0.522264 3.14972 0.751299 -19.0887 -4.20486 -9.50035 
-0.570439 2.95275 0.679231 -19.255 -4.62438 -9.5027 
-0.618614 2.75578 0.607163 -19.4212 -5.0439 -9.50505 
-0.666789 2.55882 0.535095 -19.5875 -5.46341 -9.5074 
-0.714964 2.36185 0.463027 -19.7537 -5.88293 -9.50975 
-0.763138 2.16488 0.390959 -19.92 -6.30245 -9.51211 
-0.811313 1.96792 0.318891 -20.0862 -6.72197 -9.51446 
-0.859488 1.77095 0.246823 -20.2525 -7.14148 -9.51681 
-0.907663 1.57399 0.174755 -20.4187 -7.561 -9.51916 
-0.955838 1.37702 0.102687 -20.585 -7.98052 -9.52151 
-0.876185 1.14327 -0.111987 -20.9088 -7.90414 -9.74763 
-0.796532 0.909517 -0.326661 -21.2325 -7.82775 -9.97376 
-0.716878 0.675765 -0.541335 -21.5562 -7.75136 -10.1999 
-0.637225 0.442013 -0.756009 -21.88 -7.67498 -10.426 
-0.557572 0.208262 -0.970683 -22.2037 -7.5986 -10.6521 
-0.477919 -0.02549 -1.18536 -22.5275 -7.52221 -10.8783 
-0.398266 -0.259242 -1.40003 -22.8513 -7.44583 -11.1044 
-0.318613 -0.492993 -1.6147 -23.175 -7.36944 -11.3305 
-0.238959 -0.726745 -1.82938 -23.4988 -7.29306 -11.5566 
-0.159306 -0.960497 -2.04405 -23.8225 -7.21667 -11.7828 
-0.0796532 -1.19425 -2.25873 -24.1462 -7.14029 -12.0089 
0 -1.428 -2.4734 -24.47 -7.0639 -12.235 

