0 5.712 0 0 0 0 
-0.0074922 5.64621 -0.00524161 -0.418454 -0.264344 0.0139782 
-0.0149844 5.58042 -0.0104832 -0.836907 -0.528688 0.0279563 
-0.0224766 5.51464 -0.0157248 -1.25536 -0.793032 0.0419345 
-0.0299688 5.44885 -0.0209664 -1.67381 -1.05738 0.0559127 
-0.037461 5.38306 -0.026208 -2.09227 -1.32172 0.0698909 
-0.0449532 5.31727 -0.0314497 -2.51072 -1.58606 0.083869 
-0.0524454 5.25148 -0.0366913 -2.92918 -1.85041 0.0978472 
-0.0599376 5.1857 -0.0419329 -3.34763 -2.11475 0.111825 
-0.0674298 5.11991 -0.0471745 -3.76608 -2.3791 0.125804 
-0.074922 5.05412 -0.0524161 -4.18454 -2.64344 0.139782 
-0.0824141 4.98833 -0.0576577 -4.60299 -2.90778 0.15376 
-0.0899063 4.92254 -0.0628993 -5.02144 -3.17213 0.167738 
-0.0973985 4.85676 -0.0681409 -5.4399 -3.43647 0.181716 
-0.104891 4.79097 -0.0733825 -5.85835 -3.70081 0.195694 
-0.112383 4.72518 -0.0786241 -6.2768 -3.96516 0.209673 
-0.119875 4.65939 -0.0838658 -6.69526 -4.2295 0.223651 
-0.127367 4.5936 -0.0891074 -7.11371 -4.49385 0.237629 
-0.13486 4.52782 -0.094349 -7.53217 -4.75819 0.251607 
-0.142352 4.46203 -0.0995906 -7.95062 -5.02253 0.265585 
-0.149844 4.39624 -0.104832 -8.36907 -5.28688 0.279563 
-0.157336 4.33045 -0.110074 -8.78753 -5.55122 0.293542 
-0.164828 4.26466 -0.115315 -9.20598 -5.81557 0.30752 
-0.17232 4.19887 -0.120557 -9.62443 -6.07991 0.321498 
-0.179813 4.13309 -0.125799 -10.0429 -6.34425 0.335476 
-0.187305 4.0673 -0.13104 -10.4613 -6.6086 0.349454 
-0.194797 4.00151 -0.136282 -10.8798 -6.87294 0.363432 
-0.202289 3.93572 -0.141523 -11.2982 -7.13729 0.377411 
-0.209781 3.86993 -0.146765 -11.7167 -7.40163 0.391389 
-0.217274 3.80415 -0.152007 -12.1352 -7.66597 0.405367 
-0.224766 3.73836 -0.157248 -12.5536 -7.93032 0.419345 
-0.232258 3.67257 -0.16249 -12.9721 -8.19466 0.433323 
-0.23975 3.60678 -0.167732 -13.3905 -8.459 0.447301 
-0.247242 3.54099 -0.172973 -13.809 -8.72335 0.46128 
-0.254735 3.47521 -0.178215 -14.2274 -8.98769 0.475258 
-0.262227 3.40942 -0.183456 -14.6459 -9.25204 0.489236 
-0.269719 3.34363 -0.188698 -15.0643 -9.51638 0.503214 
-0.277211 3.27784 -0.19394 -15.4828 -9.78072 0.517192 
-0.284703 3.21205 -0.199181 -15.9012 -10.0451 0.53117 
-0.292196 3.14627 -0.204423 -16.3197 -10.3094 0.545149 
-0.299688 3.08048 -0.209664 -16.7381 -10.5738 0.559127 
-0.30718 3.01469 -0.214906 -17.1566 -10.8381 0.573105 
-0.287981 3.00477 -0.201474 -17.6137 -11.0437 0.537286 
-0.268783 2.99485 -0.188043 -18.0708 -11.2493 0.501467 
-0.249584 2.98494 -0.174611 -18.5279 -11.455 0.465648 
-0.230385 2.97502 -0.16118 -18.985 -11.6606 0.429829 
-0.211186 2.9651 -0.147748 -19.442 -11.8662 0.39401 
-0.191988 2.95518 -0.134316 -19.8991 -12.0718 0.358191 
-0.172789 2.94526 -0.120885 -20.3562 -12.2774 0.322372 
-0.15359 2.93534 -0.107453 -20.8133 -12.4831 0.286552 
-0.134391 2.92543 -0.0940214 -21.2704 -12.6887 0.250733 
-0.115193 2.91551 -0.0805898 -21.7275 -12.8943 0.214914 
-0.0959937 2.90559 -0.0671581 -22.1846 -13.0999 0.179095 
-0.076795 2.89567 -0.0537265 -22.6416 -13.3055 0.143276 
-0.0575963 2.88575 -0.0402949 -23.0987 -13.5111 0.107457 
-0.0383975 2.87584 -0.0268633 -23.5558 -13.7168 0.0716381 
-0.0191987 2.86592 -0.0134316 -24.0129 -13.9224 0.0358191 
0 2.856 0 -24.47 -14.128 0 


