0 5.712 0 0 0 0 
0.0249983 5.62772 0.119516 -0.419372 -0.0318971 -0.195698 
0.0499966 5.54344 0.239032 -0.838745 -0.0637942 -0.391396 
0.0749949 5.45915 0.358549 -1.25812 -0.0956913 -0.587094 
0.0999932 5.37487 0.478065 -1.67749 -0.127588 -0.782792 
0.124992 5.29059 0.597581 -2.09686 -0.159486 -0.97849 
0.14999 5.20631 0.717097 -2.51623 -0.191383 -1.17419 
0.174988 5.12203 0.836613 -2.93561 -0.22328 -1.36989 
0.199986 5.03774 0.95613 -3.35498 -0.255177 -1.56558 
0.224985 4.95346 1.07565 -3.77435 -0.287074 -1.76128 
0.249983 4.86918 1.19516 -4.19372 -0.318971 -1.95698 
0.274981 4.7849 1.31468 -4.6131 -0.350868 -2.15268 
0.29998 4.70062 1.43419 -5.03247 -0.382765 -2.34838 
0.324978 4.61633 1.55371 -5.45184 -0.414662 -2.54407 
0.349976 4.53205 1.67323 -5.87121 -0.446559 -2.73977 
0.374975 4.44777 1.79274 -6.29059 -0.478457 -2.93547 
0.399973 4.36349 1.91226 -6.70996 -0.510354 -3.13117 
0.424971 4.2792 2.03178 -7.12933 -0.542251 -3.32686 
0.44997 4.19492 2.15129 -7.5487 -0.574148 -3.52256 
0.474968 4.11064 2.27081 -7.96808 -0.606045 -3.71826 
0.499966 4.02636 2.39032 -8.38745 -0.637942 -3.91396 
0.524965 3.94208 2.50984 -8.80682 -0.669839 -4.10966 
0.549963 3.85779 2.62936 -9.22619 -0.701736 -4.30535 
0.574961 3.77351 2.74887 -9.64557 -0.733633 -4.50105 
0.599959 3.68923 2.86839 -10.0649 -0.76553 -4.69675 
0.624958 3.60495 2.98791 -10.4843 -0.797428 -4.89245 
0.649956 3.52067 3.10742 -10.9037 -0.829325 -5.08815 
0.674954 3.43638 3.22694 -11.3231 -0.861222 -5.28384 
0.699953 3.3521 3.34645 -11.7424 -0.893119 -5.47954 
0.724951 3.26782 3.46597 -12.1618 -0.925016 -5.67524 
0.702983 3.12552 3.43589 -12.5348 -0.682928 -5.87402 
0.681015 2.98322 3.40581 -12.9078 -0.440839 -6.0728 
0.659046 2.84093 3.37574 -13.2807 -0.198751 -6.27158 
0.637078 2.69863 3.34566 -13.6537 0.0433375 -6.47036 
0.61511 2.55633 3.31558 -14.0267 0.285426 -6.66914 
0.593142 2.41403 3.2855 -14.3997 0.527514 -6.86792 
0.571174 2.27174 3.25542 -14.7726 0.769603 -7.0667 
0.549205 2.12944 3.22535 -15.1456 1.01169 -7.26548 
0.527237 1.98714 3.19527 -15.5186 1.25378 -7.46427 
0.505269 1.84484 3.16519 -15.8916 1.49587 -7.66305 
0.483301 1.70255 3.13511 -16.2645 1.73796 -7.86183 
0.461332 1.56025 3.10504 -16.6375 1.98004 -8.06061 
0.439364 1.41795 3.07496 -17.0105 2.22213 -8.25939 
0.417396 1.27565 3.04488 -17.3835 2.46422 -8.45817 
0.395428 1.13336 3.0148 -17.7564 2.70631 -8.65695 
0.37346 0.991059 2.98472 -18.1294 2.9484 -8.85573 
0.351491 0.848761 2.95465 -18.5024 3.19049 -9.05451 
0.329523 0.706464 2.92457 -18.8754 3.43257 -9.25329 
0.307555 0.564166 2.89449 -19.2483 3.67466 -9.45207 
0.285587 0.421868 2.86441 -19.6213 3.91675 -9.65085 
0.263619 0.279571 2.83433 -19.9943 4.15884 -9.84963 
0.24165 0.137273 2.80426 -20.3673 4.40093 -10.0484 
0.219682 -0.00502424 2.77418 -20.7402 4.64302 -10.2472 
0.197714 -0.147322 2.7441 -21.1132 4.8851 -10.446 
0.175746 -0.289619 2.71402 -21.4862 5.12719 -10.6448 
0.153777 -0.431917 2.68395 -21.8592 5.36928 -10.8435 
0.131809 -0.574215 2.65387 -22.2321 5.61137 -11.0423 
0.109841 -0.716512 2.62379 -22.6051 5.85346 -11.2411 
0.0878728 -0.85881 2.59371 -22.9781 6.09555 -11.4399 
0.0659046 -1.00111 2.56363 -23.3511 6.33763 -11.6387 
0.0439364 -1.1434 2.53356 -23.724 6.57972 -11.8374 
0.0219682 -1.2857 2.50348 -24.097 6.82181 -12.0362 
0 -1.428 2.4734 -24.47 7.0639 -12.235 


