0 5.712 0 0 0 0 
0.252095 5.72204 -0.0468247 0.299098 -0.28877 0.104785 
0.50419 5.73208 -0.0936495 0.598195 -0.57754 0.209569 
0.756285 5.74211 -0.140474 0.897293 -0.86631 0.314354 
1.00838 5.75215 -0.187299 1.19639 -1.15508 0.419139 
0.976679 5.72683 -0.18141 0.902338 -0.674592 0.405962 
0.948717 5.70449 -0.176216 0.642996 -0.250823 0.39434 
0.920756 5.68216 -0.171023 0.383655 0.172945 0.382718 
0.892795 5.65983 -0.16583 0.124313 0.596713 0.371096 
0.864835 5.6375 -0.160637 -0.135028 1.02048 0.359474 
0.836874 5.61516 -0.155443 -0.39437 1.44425 0.347853 
0.808914 5.59283 -0.150249 -0.653712 1.86801 0.336231 
0.780954 5.57049 -0.145056 -0.913053 2.29178 0.324609 
0.752994 5.54816 -0.139863 -1.17239 2.71555 0.312987 
0.725033 5.52583 -0.134669 -1.43174 3.13931 0.301365 
0.697073 5.50349 -0.129476 -1.69108 3.56308 0.289744 
0.669113 5.48116 -0.124283 -1.95042 3.98685 0.278122 
0.641153 5.45883 -0.11909 -2.20976 4.41062 0.2665 
0.613193 5.43649 -0.113896 -2.4691 4.83439 0.254878 
0.585233 5.41416 -0.108703 -2.72844 5.25815 0.243256 
0.557273 5.39183 -0.103509 -2.98778 5.68192 0.231634 
0.529313 5.36949 -0.0983156 -3.24712 6.10569 0.220012 
0.501352 5.34716 -0.0931223 -3.50646 6.52946 0.208391 
0.473392 5.32482 -0.0879289 -3.76581 6.95322 0.196769 
0.445432 5.30249 -0.0827355 -4.02515 7.37699 0.185147 
0.417472 5.28016 -0.0775421 -4.28449 7.80076 0.173525 
0.389512 5.25783 -0.0723488 -4.54383 8.22452 0.161903 
0.361551 5.23549 -0.0671554 -4.80318 8.64829 0.150281 
0.333591 5.21316 -0.061962 -5.06252 9.07206 0.138659 
0.305792 5.19096 -0.0567985 -5.32037 9.49339 0.127104 
0.277993 5.16875 -0.051635 -5.57822 9.91473 0.115549 
0.250193 5.14654 -0.0464715 -5.83606 10.3361 0.103994 
0.222394 5.12434 -0.041308 -6.09391 10.7574 0.0924396 
0.194595 5.10214 -0.0361445 -6.35176 11.1787 0.0808847 
0.166796 5.07993 -0.030981 -6.60961 11.6 0.0693297 
0.138996 5.05772 -0.0258175 -6.86746 12.0214 0.0577747 
0.111197 5.03552 -0.020654 -7.12531 12.4427 0.0462198 
0.0833978 5.01332 -0.0154905 -7.38316 12.864 0.0346648 
0.0555985 4.99111 -0.010327 -7.641 13.2854 0.0231099 
0.0277992 4.9689 -0.0051635 -7.89885 13.7067 0.011555 
0 4.9467 0 -8.1567 14.128 0 


