0 5.712 0 0 0 0 
0 5.6316 -0.0646317 -0.246118 0.213146 0.369172 
0 5.55119 -0.129263 -0.492237 0.426292 0.738345 
0 5.47079 -0.193895 -0.738355 0.639438 1.10752 
0 5.39039 -0.258527 -0.984474 0.852585 1.47669 
0 5.30999 -0.323158 -1.23059 1.06573 1.84586 
0 5.22958 -0.38779 -1.47671 1.27888 2.21503 
0 5.14918 -0.452422 -1.72283 1.49202 2.58421 
0 5.06878 -0.517054 -1.96895 1.70517 2.95338 
0 4.98838 -0.581685 -2.21507 1.91832 3.32255 
0 4.90797 -0.646317 -2.46118 2.13146 3.69172 
0 4.82757 -0.710949 -2.7073 2.34461 4.0609 
0 4.74717 -0.77558 -2.95342 2.55775 4.43007 
0 4.66677 -0.840212 -3.19954 2.7709 4.79924 
0 4.58636 -0.904844 -3.44566 2.98405 5.16841 
0 4.50596 -0.969475 -3.69178 3.19719 5.53758 
0 4.42556 -1.03411 -3.9379 3.41034 5.90676 
0 4.34516 -1.09874 -4.18401 3.62348 6.27593 
0 4.26475 -1.16337 -4.43013 3.83663 6.6451 
0 4.18435 -1.228 -4.67625 4.04978 7.01427 
0 4.10395 -1.29263 -4.92237 4.26292 7.38345 
0 4.02355 -1.35727 -5.16849 4.47607 7.75262 
0 3.94314 -1.4219 -5.41461 4.68922 8.12179 
0 3.86274 -1.48653 -5.66072 4.90236 8.49096 
0 3.78234 -1.55116 -5.90684 5.11551 8.86014 
0 3.70194 -1.61579 -6.15296 5.32865 9.22931 
0 3.62153 -1.68042 -6.39908 5.5418 9.59848 
0 3.54113 -1.74506 -6.6452 5.75495 9.96765 
0 3.46073 -1.80969 -6.89132 5.96809 10.3368 
0 3.38033 -1.87432 -7.13744 6.18124 10.706 
0 3.29992 -1.93895 -7.38355 6.39438 11.0752 
0 3.21952 -2.00358 -7.62967 6.60753 11.4443 
0 3.13912 -2.06821 -7.87579 6.82068 11.8135 
0 3.05871 -2.13285 -8.12191 7.03382 12.1827 
0 2.97831 -2.19748 -8.36803 7.24697 12.5519 
0 2.89791 -2.26211 -8.61415 7.46012 12.921 
0 2.81751 -2.32674 -8.86026 7.67326 13.2902 
0 2.7371 -2.39137 -9.10638 7.88641 13.6594 
0 2.6567 -2.456 -9.3525 8.09955 14.0285 
0 2.5763 -2.52064 -9.59862 8.3127 14.3977 
0 2.4959 -2.58527 -9.84474 8.52585 14.7669 
0 2.41549 -2.6499 -10.0909 8.73899 15.1361 
0 2.33509 -2.71453 -10.337 8.95214 15.5052 
0 2.25469 -2.77916 -10.5831 9.16528 15.8744 
0 2.17429 -2.84379 -10.8292 9.37843 16.2436 
0 2.09388 -2.90843 -11.0753 9.59158 16.6128 
0 2.01348 -2.97306 -11.3214 9.80472 16.9819 
0 1.93308 -3.03769 -11.5676 10.0179 17.3511 
0 1.85268 -3.10232 -11.8137 10.231 17.7203 
0 1.77227 -3.16695 -12.0598 10.4442 18.0894 
0 1.69187 -3.23158 -12.3059 10.6573 18.4586 
0 1.61147 -3.29622 -12.552 10.8705 18.8278 
0 1.53107 -3.36085 -12.7982 11.0836 19.197 
0 1.45066 -3.42548 -13.0443 11.2967 19.5661 
0 1.37026 -3.49011 -13.2904 11.5099 19.9353 
0 1.28986 -3.55474 -13.5365 11.723 20.3045 
0 1.20946 -3.61937 -13.7826 11.9362 20.6736 
0 1.12905 -3.68401 -14.0288 12.1493 21.0428 
0 1.04865 -3.74864 -14.2749 12.3625 21.412 
0 0.968248 -3.81327 -14.521 12.5756 21.7812 
0 0.887845 -3.8779 -14.7671 12.7888 22.1503 
0 0.807442 -3.94253 -15.0132 13.0019 22.5195 
0 0.72704 -4.00716 -15.2593 13.2151 22.8887 
0 0.646637 -4.0718 -15.5055 13.4282 23.2579 
0 0.566235 -4.13643 -15.7516 13.6414 23.627 
0 0.485832 -4.20106 -15.9977 13.8545 23.9962 
0 0.405942 -4.26528 -16.2422 14.0663 24.363 
0 0.326052 -4.3295 -16.4868 14.2781 24.7298 
0 0.246161 -4.39372 -16.7313 14.4899 25.0967 
0 0.166271 -4.45794 -16.9759 14.7016 25.4635 
0 0.0863811 -4.52216 -17.2204 14.9134 25.8303 
0 0.00649094 -4.58638 -17.465 15.1252 26.1971 
0 -0.0733992 -4.6506 -17.7095 15.337 26.5639 
0 -0.153289 -4.71482 -17.9541 15.5488 26.9308 
0 -0.23318 -4.77904 -18.1986 15.7606 27.2976 
0 -0.31307 -4.84326 -18.4432 15.9724 27.6644 
0 -0.39296 -4.90748 -18.6877 16.1842 28.0312 
0 -0.47285 -4.9717 -18.9323 16.3959 28.398 
0 -0.55274 -5.03592 -19.1768 16.6077 28.7649 
0 -0.63263 -5.10014 -19.4214 16.8195 29.1317 
0 -0.712521 -5.16436 -19.6659 17.0313 29.4985 
0 -0.792411 -5.22858 -19.9105 17.2431 29.8653 
0 -0.872301 -5.29279 -20.155 17.4549 30.2322 
0 -0.952191 -5.35701 -20.3996 17.6667 30.599 
0 -1.03208 -5.42123 -20.6441 17.8784 30.9658 
0 -1.11197 -5.48545 -20.8887 18.0902 31.3326 
0 -1.19186 -5.54967 -21.1332 18.302 31.6994 
0 -1.27175 -5.61389 -21.3778 18.5138 32.0663 
0 -1.35164 -5.67811 -21.6223 18.7256 32.4331 
0 -1.43153 -5.74233 -21.8669 18.9374 32.7999 
0 -1.51142 -5.80655 -22.1114 19.1492 33.1667 
0 -1.59131 -5.87077 -22.356 19.361 33.5335 
0 -1.6712 -5.93499 -22.6005 19.5727 33.9004 
0 -1.75109 -5.99921 -22.8451 19.7845 34.2672 
0 -1.83098 -6.06343 -23.0896 19.9963 34.634 
0 -1.91087 -6.12765 -23.3342 20.2081 35.0008 
0 -1.99076 -6.19187 -23.5787 20.4199 35.3676 
0 -2.07065 -6.25609 -23.8233 20.6317 35.7345 
0 -2.15054 -6.32031 -24.0678 20.8435 36.1013 
0 -2.23043 -6.38453 -24.3124 21.0553 36.4681 
0 -2.31032 -6.44875 -24.5569 21.267 36.8349 
0 -2.39021 -6.51297 -24.8014 21.4788 37.2017 
0 -2.4701 -6.57719 -25.046 21.6906 37.5686 
0 -2.54999 -6.64141 -25.2905 21.9024 37.9354 
0 -2.62988 -6.70563 -25.5351 22.1142 38.3022 
0 -2.70978 -6.76985 -25.7796 22.326 38.669 
0 -2.78967 -6.83407 -26.0242 22.5378 39.0358 
0 -2.86956 -6.89829 -26.2687 22.7495 39.4027 
0 -2.94945 -6.96251 -26.5133 22.9613 39.7695 
0 -3.02934 -7.02673 -26.7578 23.1731 40.1363 
0 -3.10923 -7.09095 -27.0024 23.3849 40.5031 
0 -3.18912 -7.15517 -27.2469 23.5967 40.8699 
0 -3.26901 -7.21939 -27.4915 23.8085 41.2368 
0 -3.3489 -7.28361 -27.736 24.0203 41.6036 
0 -3.42879 -7.34783 -27.9806 24.2321 41.9704 
0 -3.50868 -7.41205 -28.2251 24.4438 42.3372 
0 -3.58857 -7.47626 -28.4697 24.6556 42.704 
0 -3.66846 -7.54048 -28.7142 24.8674 43.0709 
0 -3.74835 -7.6047 -28.9588 25.0792 43.4377 
0 -3.82824 -7.66892 -29.2033 25.291 43.8045 
0 -3.90813 -7.73314 -29.4479 25.5028 44.1713 
0 -3.98802 -7.79736 -29.6924 25.7146 44.5382 
0 -4.06791 -7.86158 -29.937 25.9263 44.905 
0 -4.1478 -7.9258 -30.1815 26.1381 45.2718 
0 -4.22769 -7.99002 -30.4261 26.3499 45.6386 
0 -4.30758 -8.05424 -30.6706 26.5617 46.0054 
0 -4.38747 -8.11846 -30.9152 26.7735 46.3723 
0 -4.46736 -8.18268 -31.1597 26.9853 46.7391 
0 -4.54725 -8.2469 -31.4043 27.1971 47.1059 
0 -4.62714 -8.31112 -31.6488 27.4089 47.4727 
0 -4.70703 -8.37534 -31.8934 27.6206 47.8395 
0 -4.78692 -8.43956 -32.1379 27.8324 48.2064 
0 -4.86681 -8.50378 -32.3825 28.0442 48.5732 
0 -4.9467 -8.568 -32.627 28.256 48.94 


