0 5.712 0 0 0 0 
0.0464548 5.71861 -0.0175947 -0.423181 0.255488 -0.01551 
0.0929095 5.72522 -0.0351894 -0.846362 0.510976 -0.03102 
0.139364 5.73183 -0.0527841 -1.26954 0.766464 -0.0465301 
0.185819 5.73844 -0.0703788 -1.69272 1.02195 -0.0620401 
0.232274 5.74505 -0.0879735 -2.1159 1.27744 -0.0775501 
0.278729 5.75166 -0.105568 -2.53909 1.53293 -0.0930601 
0.325183 5.75827 -0.123163 -2.96227 1.78842 -0.10857 
0.371638 5.76488 -0.140758 -3.38545 2.0439 -0.12408 
0.418093 5.77149 -0.158352 -3.80863 2.29939 -0.13959 
0.464548 5.7781 -0.175947 -4.23181 2.55488 -0.1551 
0.511002 5.78472 -0.193542 -4.65499 2.81037 -0.17061 
0.557457 5.79133 -0.211136 -5.07817 3.06586 -0.18612 
0.603912 5.79794 -0.228731 -5.50135 3.32135 -0.20163 
0.650367 5.80455 -0.246326 -5.92453 3.57683 -0.21714 
0.696821 5.81116 -0.26392 -6.34771 3.83232 -0.23265 
0.743276 5.81777 -0.281515 -6.7709 4.08781 -0.24816 
0.789731 5.82438 -0.29911 -7.19408 4.3433 -0.26367 
0.836186 5.83099 -0.316704 -7.61726 4.59879 -0.27918 
0.88264 5.8376 -0.334299 -8.04044 4.85427 -0.29469 
0.929095 5.84421 -0.351894 -8.46362 5.10976 -0.3102 
0.97555 5.85082 -0.369488 -8.8868 5.36525 -0.325711 
1.022 5.85743 -0.387083 -9.30998 5.62074 -0.341221 
1.06846 5.86404 -0.404678 -9.73316 5.87623 -0.356731 
1.11491 5.87065 -0.422273 -10.1563 6.13171 -0.372241 
1.16137 5.87726 -0.439867 -10.5795 6.3872 -0.387751 
1.20782 5.88387 -0.457462 -11.0027 6.64269 -0.403261 
1.25428 5.89048 -0.475057 -11.4259 6.89818 -0.418771 
1.30073 5.89709 -0.492651 -11.8491 7.15367 -0.434281 
1.34719 5.9037 -0.510246 -12.2722 7.40915 -0.449791 
1.39364 5.91031 -0.527841 -12.6954 7.66464 -0.465301 
1.4401 5.91692 -0.545435 -13.1186 7.92013 -0.480811 
1.48655 5.92354 -0.56303 -13.5418 8.17562 -0.496321 
1.53301 5.93015 -0.580625 -13.965 8.43111 -0.511831 
1.57946 5.93676 -0.598219 -14.3882 8.6866 -0.527341 
1.62592 5.94337 -0.615814 -14.8113 8.94208 -0.542851 
1.67237 5.94998 -0.633409 -15.2345 9.19757 -0.558361 
1.71883 5.95659 -0.651004 -15.6577 9.45306 -0.573871 
1.76528 5.9632 -0.668598 -16.0809 9.70855 -0.589381 
1.81174 5.96981 -0.686193 -16.5041 9.96404 -0.604891 
1.85819 5.97642 -0.703788 -16.9272 10.2195 -0.620401 
1.90465 5.98303 -0.721382 -17.3504 10.475 -0.635911 
1.9511 5.98964 -0.738977 -17.7736 10.7305 -0.651421 
2.06962 6.0275 -0.784636 -18.2036 10.943 -0.653099 
2.18814 6.06536 -0.830295 -18.6336 11.1555 -0.654776 
2.30666 6.10322 -0.875954 -19.0636 11.3679 -0.656454 
2.42518 6.14109 -0.921613 -19.4936 11.5804 -0.658132 
2.54371 6.17895 -0.967273 -19.9237 11.7929 -0.65981 
2.66223 6.21681 -1.01293 -20.3537 12.0053 -0.661488 
2.78075 6.25467 -1.05859 -20.7837 12.2178 -0.663165 
2.89927 6.29253 -1.10425 -21.2137 12.4303 -0.664843 
2.65766 6.00615 -1.01223 -21.4851 12.5718 -0.609439 
2.41606 5.71978 -0.920208 -21.7564 12.7133 -0.554036 
2.17445 5.4334 -0.828187 -22.0278 12.8547 -0.498632 
1.93285 5.14702 -0.736167 -22.2991 12.9962 -0.443229 
1.69124 4.86064 -0.644146 -22.5705 13.1377 -0.387825 
1.44964 4.57427 -0.552125 -22.8419 13.2792 -0.332421 
1.20803 4.28789 -0.460104 -23.1132 13.4206 -0.277018 
0.966423 4.00151 -0.368083 -23.3846 13.5621 -0.221614 
0.724817 3.71513 -0.276062 -23.6559 13.7036 -0.166211 
0.483212 3.42875 -0.184042 -23.9273 13.8451 -0.110807 
0.241606 3.14238 -0.0920208 -24.1986 13.9865 -0.0554036 
0 2.856 0 -24.47 14.128 0 


