0 5.712 0 0 0 0 
0 5.74417 0 -0.251025 -0.434783 0 
0 5.77634 0 -0.502049 -0.869565 0 
0 5.80851 0 -0.753074 -1.30435 0 
0 5.84069 0 -1.0041 -1.73913 0 
0 5.87286 0 -1.25512 -2.17391 0 
0 5.90503 0 -1.50615 -2.6087 0 
0 5.9372 0 -1.75717 -3.04348 0 
0 5.96937 0 -2.0082 -3.47826 0 
0 6.00154 0 -2.25922 -3.91304 0 
0 6.03372 0 -2.51025 -4.34783 0 
0 6.06589 0 -2.76127 -4.78261 0 
0 6.09806 0 -3.0123 -5.21739 0 
0 6.13023 0 -3.26332 -5.65217 0 
0 6.1624 0 -3.51434 -6.08696 0 
0 6.19457 0 -3.76537 -6.52174 0 
0 6.22674 0 -4.01639 -6.95652 0 
0 6.25892 0 -4.26742 -7.3913 0 
0 6.29109 0 -4.51844 -7.82609 0 
0 6.32326 0 -4.76947 -8.26087 0 
0 6.35543 0 -5.02049 -8.69565 0 
0 6.3876 0 -5.27152 -9.13043 0 
0 6.41977 0 -5.52254 -9.56522 0 
0 6.45194 0 -5.77357 -10 0 
0 6.48412 0 -6.02459 -10.4348 0 
0 6.51629 0 -6.27562 -10.8696 0 
0 6.54846 0 -6.52664 -11.3043 0 
0 6.58063 0 -6.77766 -11.7391 0 
0 6.6128 0 -7.02869 -12.1739 0 
0 6.64497 0 -7.27971 -12.6087 0 
0 6.67715 0 -7.53074 -13.0435 0 
0 6.70932 0 -7.78176 -13.4783 0 
0 6.74149 0 -8.03279 -13.913 0 
0 6.77366 0 -8.28381 -14.3478 0 
0 6.80583 0 -8.53484 -14.7826 0 
0 6.838 0 -8.78586 -15.2174 0 
0 6.87017 0 -9.03689 -15.6522 0 
0 6.90235 0 -9.28791 -16.087 0 
0 6.93452 0 -9.53893 -16.5217 0 
0 6.96669 0 -9.78996 -16.9565 0 
0 6.99886 0 -10.041 -17.3913 0 
0 7.03103 0 -10.292 -17.8261 0 
0 7.0632 0 -10.543 -18.2609 0 
0 7.09537 0 -10.7941 -18.6956 0 
0 7.12755 0 -11.0451 -19.1304 0 
0 7.15972 0 -11.2961 -19.5652 0 
0 7.19189 0 -11.5471 -20 0 
0 7.22406 0 -11.7982 -20.4348 0 
0 7.25623 0 -12.0492 -20.8696 0 
0 7.2884 0 -12.3002 -21.3043 0 
0 7.32058 0 -12.5512 -21.7391 0 
0 7.35275 0 -12.8023 -22.1739 0 
0 7.38492 0 -13.0533 -22.6087 0 
0 7.41709 0 -13.3043 -23.0435 0 
0 7.44926 0 -13.5553 -23.4783 0 
0 7.48143 0 -13.8064 -23.913 0 
0 7.5136 0 -14.0574 -24.3478 0 
0 7.54578 0 -14.3084 -24.7826 0 
0 7.57795 0 -14.5594 -25.2174 0 
0 7.61012 0 -14.8105 -25.6522 0 
0 7.64229 0 -15.0615 -26.087 0 
0 7.67446 0 -15.3125 -26.5217 0 
0 7.70663 0 -15.5635 -26.9565 0 
0 7.73881 0 -15.8146 -27.3913 0 
0 7.77098 0 -16.0656 -27.8261 0 
0 7.80315 0 -16.3166 -28.2609 0 
0 7.83532 0 -16.5676 -28.6956 0 
0 7.86749 0 -16.8186 -29.1304 0 
0 7.89966 0 -17.0697 -29.5652 0 
0 7.93183 0 -17.3207 -30 0 
0 7.96401 0 -17.5717 -30.4348 0 
0 7.99618 0 -17.8227 -30.8696 0 
0 8.02835 0 -18.0738 -31.3043 0 
0 8.06052 0 -18.3248 -31.7391 0 
0 8.09269 0 -18.5758 -32.1739 0 
0 8.12486 0 -18.8268 -32.6087 0 
0 8.15703 0 -19.0779 -33.0435 0 
0 8.18921 0 -19.3289 -33.4783 0 
0 8.22138 0 -19.5799 -33.913 0 
0 8.25355 0 -19.8309 -34.3478 0 
0 8.28572 0 -20.082 -34.7826 0 
0 8.31789 0 -20.333 -35.2174 0 
0 8.35006 0 -20.584 -35.6522 0 
0 8.38224 0 -20.835 -36.087 0 
0 8.41441 0 -21.0861 -36.5217 0 
0 8.44658 0 -21.3371 -36.9565 0 
0 8.47875 0 -21.5881 -37.3913 0 
0 8.51092 0 -21.8391 -37.8261 0 
0 8.54309 0 -22.0902 -38.2609 0 
0 8.57526 0 -22.3412 -38.6956 0 
0 8.60744 0 -22.5922 -39.1304 0 
0 8.63961 0 -22.8432 -39.5652 0 
0 8.67178 0 -23.0943 -40 0 
0 8.70395 0 -23.3453 -40.4348 0 
0 8.73612 0 -23.5963 -40.8696 0 
0 8.76829 0 -23.8473 -41.3043 0 
0 8.80046 0 -24.0984 -41.7391 0 
0 8.83264 0 -24.3494 -42.1739 0 
0 8.86481 0 -24.6004 -42.6087 0 
0 8.89698 0 -24.8514 -43.0435 0 
0 8.92915 0 -25.1025 -43.4783 0 
0 8.96132 0 -25.3535 -43.913 0 
0 8.99349 0 -25.6045 -44.3478 0 
0 9.02567 0 -25.8555 -44.7826 0 
0 9.05784 0 -26.1066 -45.2174 0 
0 9.09001 0 -26.3576 -45.6522 0 
0 9.12218 0 -26.6086 -46.0869 0 
0 9.15435 0 -26.8596 -46.5217 0 
0 9.18652 0 -27.1107 -46.9565 0 
0 9.21869 0 -27.3617 -47.3913 0 
0 9.25087 0 -27.6127 -47.8261 0 
0 9.28304 0 -27.8637 -48.2609 0 
0 9.31521 0 -28.1148 -48.6956 0 
0 9.34738 0 -28.3658 -49.1304 0 
0 9.37955 0 -28.6168 -49.5652 0 
0 9.41172 0 -28.8678 -50 0 
0 9.44389 0 -29.1189 -50.4348 0 
0 9.47607 0 -29.3699 -50.8696 0 
0 9.50824 0 -29.6209 -51.3043 0 
0 9.54041 0 -29.8719 -51.7391 0 
0 9.57258 0 -30.123 -52.1739 0 
0 9.60475 0 -30.374 -52.6087 0 
0 9.63692 0 -30.625 -53.0435 0 
0 9.6691 0 -30.876 -53.4783 0 
0 9.70127 0 -31.1271 -53.913 0 
0 9.73344 0 -31.3781 -54.3478 0 
0 9.76561 0 -31.6291 -54.7826 0 
0 9.78388 0 -31.7717 -55.0295 0 
0 9.80215 0 -31.9142 -55.2764 0 
0 9.82042 0 -32.0568 -55.5233 0 
0 9.83869 0 -32.1993 -55.7703 0 
0 9.85696 0 -32.3419 -56.0172 0 
0 9.87523 0 -32.4844 -56.2641 0 
0 9.8935 0 -32.627 -56.511 0 


