0 5.712 0 0 0 0 
-0.0100444 5.61551 -0.0377952 -0.244678 -0.13189 -0.384977 
-0.0200888 5.51902 -0.0755904 -0.489357 -0.26378 -0.769954 
-0.0301333 5.42253 -0.113386 -0.734035 -0.39567 -1.15493 
-0.0401777 5.32604 -0.151181 -0.978714 -0.52756 -1.53991 
-0.0502221 5.22954 -0.188976 -1.22339 -0.65945 -1.92488 
-0.0602665 5.13305 -0.226771 -1.46807 -0.79134 -2.30986 
-0.070311 5.03656 -0.264566 -1.71275 -0.92323 -2.69484 
-0.0803554 4.94007 -0.302362 -1.95743 -1.05512 -3.07982 
-0.0903998 4.84358 -0.340157 -2.20211 -1.18701 -3.46479 
-0.100444 4.74709 -0.377952 -2.44678 -1.3189 -3.84977 
-0.110489 4.6506 -0.415747 -2.69146 -1.45079 -4.23475 
-0.120533 4.55411 -0.453542 -2.93614 -1.58268 -4.61972 
-0.130578 4.45761 -0.491337 -3.18082 -1.71457 -5.0047 
-0.140622 4.36112 -0.529133 -3.4255 -1.84646 -5.38968 
-0.150666 4.26463 -0.566928 -3.67018 -1.97835 -5.77465 
-0.160711 4.16814 -0.604723 -3.91486 -2.11024 -6.15963 
-0.170755 4.07165 -0.642518 -4.15953 -2.24213 -6.54461 
-0.1808 3.97516 -0.680313 -4.40421 -2.37402 -6.92958 
-0.190844 3.87867 -0.718109 -4.64889 -2.50591 -7.31456 
-0.200888 3.78218 -0.755904 -4.89357 -2.6378 -7.69954 
-0.210933 3.68569 -0.793699 -5.13825 -2.76969 -8.08452 
-0.220977 3.58919 -0.831494 -5.38293 -2.90158 -8.46949 
-0.231022 3.4927 -0.869289 -5.6276 -3.03347 -8.85447 
-0.241066 3.39621 -0.907085 -5.87228 -3.16536 -9.23945 
-0.251111 3.29972 -0.94488 -6.11696 -3.29725 -9.62442 
-0.261155 3.20323 -0.982675 -6.36164 -3.42914 -10.0094 
-0.245793 2.86931 -1.17687 -6.46723 -3.64295 -10.1403 
-0.230431 2.53539 -1.37107 -6.57282 -3.85676 -10.2712 
-0.215069 2.20147 -1.56526 -6.67842 -4.07057 -10.4022 
-0.199707 1.86755 -1.75946 -6.78401 -4.28438 -10.5331 
-0.184345 1.53363 -1.95365 -6.8896 -4.49819 -10.664 
-0.168983 1.19971 -2.14785 -6.99519 -4.712 -10.7949 
-0.153621 0.865794 -2.34204 -7.10078 -4.92581 -10.9258 
-0.138259 0.531875 -2.53624 -7.20637 -5.13962 -11.0567 
-0.122896 0.197955 -2.73044 -7.31197 -5.35342 -11.1877 
-0.107534 -0.135964 -2.92463 -7.41756 -5.56723 -11.3186 
-0.0921724 -0.469884 -3.11883 -7.52315 -5.78104 -11.4495 
-0.0768103 -0.803803 -3.31302 -7.62874 -5.99485 -11.5804 
-0.0614482 -1.13772 -3.50722 -7.73433 -6.20866 -11.7113 
-0.0460862 -1.47164 -3.70141 -7.83992 -6.42247 -11.8422 
-0.0307241 -1.80556 -3.89561 -7.94552 -6.63628 -11.9732 
-0.0153621 -2.13948 -4.0898 -8.05111 -6.85009 -12.1041 
0 -2.4734 -4.284 -8.1567 -7.0639 -12.235 


