0 5.712 0 0 0 0 
-0.044091 5.64327 0.148506 -0.445587 -0.0322647 -0.120265 
-0.088182 5.57454 0.297011 -0.891173 -0.0645295 -0.240529 
-0.132273 5.50581 0.445517 -1.33676 -0.0967942 -0.360794 
-0.176364 5.43707 0.594023 -1.78235 -0.129059 -0.481059 
-0.220455 5.36834 0.742528 -2.22793 -0.161324 -0.601323 
-0.264546 5.29961 0.891034 -2.67352 -0.193588 -0.721588 
-0.308637 5.23088 1.03954 -3.11911 -0.225853 -0.841853 
-0.352728 5.16215 1.18805 -3.56469 -0.258118 -0.962117 
-0.396819 5.09342 1.33655 -4.01028 -0.290383 -1.08238 
-0.44091 5.02469 1.48506 -4.45587 -0.322647 -1.20265 
-0.485001 4.95596 1.63356 -4.90145 -0.354912 -1.32291 
-0.529092 4.88722 1.78207 -5.34704 -0.387177 -1.44318 
-0.573183 4.81849 1.93057 -5.79263 -0.419442 -1.56344 
-0.617274 4.74976 2.07908 -6.23821 -0.451706 -1.68371 
-0.661365 4.68103 2.22758 -6.6838 -0.483971 -1.80397 
-0.705456 4.6123 2.37609 -7.12939 -0.516236 -1.92423 
-0.749547 4.54357 2.5246 -7.57497 -0.5485 -2.0445 
-0.793638 4.47484 2.6731 -8.02056 -0.580765 -2.16476 
-0.837729 4.4061 2.82161 -8.46615 -0.61303 -2.28503 
-0.88182 4.33737 2.97011 -8.91173 -0.645295 -2.40529 
-0.925911 4.26864 3.11862 -9.35732 -0.677559 -2.52556 
-0.970002 4.19991 3.26712 -9.80291 -0.709824 -2.64582 
-1.01409 4.13118 3.41563 -10.2485 -0.742089 -2.76609 
-1.05818 4.06245 3.56414 -10.6941 -0.774354 -2.88635 
-1.10228 3.99372 3.71264 -11.1397 -0.806618 -3.00662 
-1.14637 3.92499 3.86115 -11.5853 -0.838883 -3.12688 
-1.19046 3.85625 4.00965 -12.0308 -0.871148 -3.24715 
-1.23455 3.78752 4.15816 -12.4764 -0.903413 -3.36741 
-1.27864 3.71879 4.30666 -12.922 -0.935677 -3.48768 
-1.32273 3.65006 4.45517 -13.3676 -0.967942 -3.60794 
-1.20419 3.62051 4.52495 -13.8216 -1.021 -3.72644 
-1.08565 3.59096 4.59473 -14.2756 -1.07407 -3.84495 
-0.967108 3.56142 4.66451 -14.7296 -1.12713 -3.96345 
-0.848568 3.53187 4.7343 -15.1835 -1.18019 -4.08196 
-0.730027 3.50232 4.80408 -15.6375 -1.23326 -4.20046 
-0.611487 3.47277 4.87386 -16.0915 -1.28632 -4.31896 
-0.492946 3.44323 4.94364 -16.5455 -1.33938 -4.43747 
-0.374406 3.41368 5.01342 -16.9995 -1.39244 -4.55597 
-0.255865 3.38413 5.0832 -17.4535 -1.44551 -4.67448 
-0.137325 3.35458 5.15298 -17.9074 -1.49857 -4.79298 
-0.0187841 3.32503 5.22276 -18.3614 -1.55163 -4.91148 
0.0997565 3.29549 5.29255 -18.8154 -1.60469 -5.02999 
0.218297 3.26594 5.36233 -19.2694 -1.65776 -5.14849 
0.336838 3.23639 5.43211 -19.7234 -1.71082 -5.267 
0.455378 3.20684 5.50189 -20.1774 -1.76388 -5.3855 
0.573919 3.17729 5.57167 -20.6313 -1.81694 -5.504 
0.692459 3.14775 5.64145 -21.0853 -1.87001 -5.62251 
0.811 3.1182 5.71123 -21.5393 -1.92307 -5.74101 
0.92954 3.08865 5.78102 -21.9933 -1.97613 -5.85952 
1.04808 3.0591 5.8508 -22.4473 -2.02919 -5.97802 
1.16662 3.02956 5.92058 -22.9013 -2.08226 -6.09653 
1.28516 3.00001 5.99036 -23.3552 -2.13532 -6.21503 
1.4037 2.97046 6.06014 -23.8092 -2.18838 -6.33353 
1.52224 2.94091 6.12992 -24.2632 -2.24145 -6.45204 
1.64078 2.91136 6.1997 -24.7172 -2.29451 -6.57054 
1.75932 2.88182 6.26949 -25.1712 -2.34757 -6.68905 
1.87786 2.85227 6.33927 -25.6252 -2.40063 -6.80755 
1.99641 2.82272 6.40905 -26.0791 -2.4537 -6.92605 
2.11495 2.79317 6.47883 -26.5331 -2.50676 -7.04456 
2.23349 2.76362 6.54861 -26.9871 -2.55982 -7.16306 
2.35203 2.73408 6.61839 -27.4411 -2.61288 -7.28157 
2.47057 2.70453 6.68817 -27.8951 -2.66595 -7.40007 
2.58911 2.67498 6.75795 -28.3491 -2.71901 -7.51857 
2.70765 2.64543 6.82774 -28.803 -2.77207 -7.63708 
2.82619 2.61589 6.89752 -29.257 -2.82513 -7.75558 
2.94473 2.58634 6.9673 -29.711 -2.8782 -7.87409 
3.06327 2.55679 7.03708 -30.165 -2.93126 -7.99259 
2.9667 2.49422 6.8288 -30.4647 -2.74279 -8.25231 
2.87013 2.43164 6.62053 -30.7645 -2.55432 -8.51202 
2.77355 2.36907 6.41225 -31.0642 -2.36586 -8.77174 
2.67698 2.3065 6.20397 -31.3639 -2.17739 -9.03145 
2.58041 2.24393 5.9957 -31.6636 -1.98892 -9.29117 
2.48384 2.18135 5.78742 -31.9633 -1.80045 -9.55089 
2.38726 2.11878 5.57914 -32.2631 -1.61198 -9.8106 
2.29069 2.05621 5.37087 -32.5628 -1.42352 -10.0703 
2.19412 1.99364 5.16259 -32.8625 -1.23505 -10.33 
2.09755 1.93106 4.95431 -33.1623 -1.04658 -10.5897 
2.00097 1.86849 4.74604 -33.462 -0.858111 -10.8495 
1.9044 1.80592 4.53776 -33.7617 -0.669643 -11.1092 
1.80783 1.74335 4.32949 -34.0614 -0.481174 -11.3689 
1.71126 1.68077 4.12121 -34.3612 -0.292706 -11.6286 
1.61469 1.6182 3.91293 -34.6609 -0.104238 -11.8883 
1.51811 1.55563 3.70466 -34.9606 0.08423 -12.148 
1.42154 1.49306 3.49638 -35.2603 0.272698 -12.4078 
1.32497 1.43048 3.2881 -35.56 0.461166 -12.6675 
1.2284 1.36791 3.07983 -35.8598 0.649634 -12.9272 
1.13182 1.30534 2.87155 -36.1595 0.838102 -13.1869 
1.03525 1.24277 2.66327 -36.4592 1.02657 -13.4466 
0.93868 1.18019 2.455 -36.7589 1.21504 -13.7063 
0.842107 1.11762 2.24672 -37.0587 1.40351 -13.9661 
0.745535 1.05505 2.03844 -37.3584 1.59197 -14.2258 
0.648963 0.992475 1.83017 -37.6581 1.78044 -14.4855 
0.55239 0.929903 1.62189 -37.9579 1.96891 -14.7452 
0.455818 0.86733 1.41361 -38.2576 2.15738 -15.0049 
0.359246 0.804757 1.20534 -38.5573 2.34585 -15.2646 
0.262673 0.742185 0.997062 -38.857 2.53432 -15.5244 
0.166101 0.679612 0.788785 -39.1568 2.72278 -15.7841 
0.0695289 0.61704 0.580509 -39.4565 2.91125 -16.0438 
-0.0270434 0.554467 0.372232 -39.7562 3.09972 -16.3035 
-0.0268543 0.530618 0.404221 -40.1627 3.27564 -16.5317 
-0.0266652 0.506768 0.436211 -40.5691 3.45156 -16.76 
-0.0264761 0.482919 0.4682 -40.9756 3.62747 -16.9882 
-0.0262869 0.459069 0.500189 -41.382 3.80339 -17.2164 
-0.0260978 0.43522 0.532178 -41.7885 3.97931 -17.4446 
-0.0259087 0.41137 0.564168 -42.195 4.15523 -17.6729 
-0.0257196 0.387521 0.596157 -42.6014 4.33115 -17.9011 
-0.0255305 0.363672 0.628146 -43.0079 4.50706 -18.1293 
-0.0253414 0.339822 0.660136 -43.4143 4.68298 -18.3575 
-0.0251523 0.315973 0.692125 -43.8208 4.8589 -18.5858 
-0.0249631 0.292123 0.724114 -44.2273 5.03482 -18.814 
-0.024774 0.268274 0.756103 -44.6337 5.21074 -19.0422 
-0.0245849 0.244425 0.788093 -45.0402 5.38665 -19.2705 
-0.0243958 0.220575 0.820082 -45.4466 5.56257 -19.4987 
-0.0242067 0.196726 0.852071 -45.8531 5.73849 -19.7269 
-0.0240176 0.172876 0.884061 -46.2596 5.91441 -19.9551 
-0.0238285 0.149027 0.91605 -46.666 6.09033 -20.1834 
-0.0236393 0.125177 0.948039 -47.0725 6.26624 -20.4116 
-0.0234502 0.101328 0.980028 -47.4789 6.44216 -20.6398 
-0.0232611 0.0774786 1.01202 -47.8854 6.61808 -20.868 
-0.023072 0.0536292 1.04401 -48.2919 6.794 -21.0963 
-0.0228829 0.0297798 1.076 -48.6983 6.96992 -21.3245 
-0.0226938 0.00593035 1.10799 -49.1048 7.14583 -21.5527 
-0.0225046 -0.0179191 1.13997 -49.5112 7.32175 -21.781 
-0.0223155 -0.0417685 1.17196 -49.9177 7.49767 -22.0092 
-0.0221264 -0.0656179 1.20395 -50.3242 7.67359 -22.2374 
-0.0219373 -0.0894673 1.23594 -50.7306 7.84951 -22.4656 
-0.0217482 -0.113317 1.26793 -51.1371 8.02543 -22.6939 
-0.0215591 -0.137166 1.29992 -51.5435 8.20134 -22.9221 
-0.02137 -0.161016 1.33191 -51.95 8.37726 -23.1503 
-0.0211808 -0.184865 1.3639 -52.3565 8.55318 -23.3785 
-0.0209917 -0.208714 1.39589 -52.7629 8.7291 -23.6068 
-0.0208026 -0.232564 1.42788 -53.1694 8.90502 -23.835 
-0.0206135 -0.256413 1.45987 -53.5758 9.08093 -24.0632 
-0.0204244 -0.280263 1.49186 -53.9823 9.25685 -24.2915 
-0.0202353 -0.304112 1.52385 -54.3888 9.43277 -24.5197 
-0.0200462 -0.327962 1.55584 -54.7952 9.60869 -24.7479 
-0.019857 -0.351811 1.58782 -55.2017 9.78461 -24.9761 
-0.0196679 -0.37566 1.61981 -55.6081 9.96052 -25.2044 
-0.0194788 -0.39951 1.6518 -56.0146 10.1364 -25.4326 
-0.0192897 -0.423359 1.68379 -56.4211 10.3124 -25.6608 
-0.0191006 -0.447209 1.71578 -56.8275 10.4883 -25.889 
-0.0189115 -0.471058 1.74777 -57.234 10.6642 -26.1173 
-0.0187224 -0.494907 1.77976 -57.6404 10.8401 -26.3455 
-0.0185332 -0.518757 1.81175 -58.0469 11.016 -26.5737 
-0.0183441 -0.542606 1.84374 -58.4534 11.1919 -26.802 
-0.018155 -0.566456 1.87573 -58.8598 11.3679 -27.0302 
-0.0179659 -0.590305 1.90772 -59.2663 11.5438 -27.2584 
-0.0177768 -0.614155 1.93971 -59.6727 11.7197 -27.4866 
-0.0175877 -0.638004 1.9717 -60.0792 11.8956 -27.7149 
-0.0173986 -0.661853 2.00369 -60.4857 12.0715 -27.9431 
-0.0172094 -0.685703 2.03567 -60.8921 12.2475 -28.1713 
-0.0170203 -0.709552 2.06766 -61.2986 12.4234 -28.3995 
-0.0168312 -0.733402 2.09965 -61.705 12.5993 -28.6278 
-0.0166421 -0.757251 2.13164 -62.1115 12.7752 -28.856 
-0.016453 -0.7811 2.16363 -62.518 12.9511 -29.0842 
-0.0162639 -0.80495 2.19562 -62.9244 13.127 -29.3125 
-0.0160747 -0.828799 2.22761 -63.3309 13.303 -29.5407 
-0.0158856 -0.852649 2.2596 -63.7373 13.4789 -29.7689 
-0.0156965 -0.876498 2.29159 -64.1438 13.6548 -29.9971 
-0.0155074 -0.900348 2.32358 -64.5503 13.8307 -30.2254 
-0.0153183 -0.924197 2.35557 -64.9567 14.0066 -30.4536 
-0.0151292 -0.948046 2.38756 -65.3632 14.1826 -30.6818 
-0.0149401 -0.971896 2.41955 -65.7696 14.3585 -30.91 
-0.0147509 -0.995745 2.45154 -66.1761 14.5344 -31.1383 
-0.0145618 -1.01959 2.48352 -66.5826 14.7103 -31.3665 
-0.0143727 -1.04344 2.51551 -66.989 14.8862 -31.5947 
-0.0141836 -1.06729 2.5475 -67.3955 15.0621 -31.823 
-0.0139945 -1.09114 2.57949 -67.8019 15.2381 -32.0512 
-0.0138054 -1.11499 2.61148 -68.2084 15.414 -32.2794 
-0.0136163 -1.13884 2.64347 -68.6149 15.5899 -32.5076 
-0.0134271 -1.16269 2.67546 -69.0213 15.7658 -32.7359 
-0.013238 -1.18654 2.70745 -69.4278 15.9417 -32.9641 
-0.0130489 -1.21039 2.73944 -69.8343 16.1177 -33.1923 
-0.0128598 -1.23424 2.77143 -70.2407 16.2936 -33.4205 
-0.0126707 -1.25809 2.80342 -70.6472 16.4695 -33.6488 
-0.0124816 -1.28194 2.83541 -71.0536 16.6454 -33.877 
-0.0122925 -1.30579 2.8674 -71.4601 16.8213 -34.1052 
-0.0121033 -1.32964 2.89939 -71.8666 16.9972 -34.3335 
-0.0119142 -1.35349 2.93137 -72.273 17.1732 -34.5617 
-0.0117251 -1.37734 2.96336 -72.6795 17.3491 -34.7899 
-0.011536 -1.40119 2.99535 -73.0859 17.525 -35.0181 
-0.0113469 -1.42503 3.02734 -73.4924 17.7009 -35.2464 
-0.0111578 -1.44888 3.05933 -73.8989 17.8768 -35.4746 
-0.0109687 -1.47273 3.09132 -74.3053 18.0528 -35.7028 
-0.0107795 -1.49658 3.12331 -74.7118 18.2287 -35.931 
-0.0105904 -1.52043 3.1553 -75.1182 18.4046 -36.1593 
-0.0104013 -1.54428 3.18729 -75.5247 18.5805 -36.3875 
-0.0102122 -1.56813 3.21928 -75.9312 18.7564 -36.6157 
-0.0100231 -1.59198 3.25127 -76.3376 18.9323 -36.844 
-0.00983396 -1.61583 3.28326 -76.7441 19.1083 -37.0722 
-0.00964485 -1.63968 3.31525 -77.1505 19.2842 -37.3004 
-0.00945573 -1.66353 3.34724 -77.557 19.4601 -37.5286 
-0.00926662 -1.68738 3.37922 -77.9635 19.636 -37.7569 
-0.0090775 -1.71123 3.41121 -78.3699 19.8119 -37.9851 
-0.00888839 -1.73508 3.4432 -78.7764 19.9879 -38.2133 
-0.00869928 -1.75893 3.47519 -79.1828 20.1638 -38.4415 
-0.00851016 -1.78278 3.50718 -79.5893 20.3397 -38.6698 
-0.00832105 -1.80663 3.53917 -79.9958 20.5156 -38.898 
-0.00813193 -1.83047 3.57116 -80.4022 20.6915 -39.1262 
-0.00794282 -1.85432 3.60315 -80.8087 20.8674 -39.3545 
-0.0077537 -1.87817 3.63514 -81.2151 21.0434 -39.5827 
-0.00756459 -1.90202 3.66713 -81.6216 21.2193 -39.8109 
-0.00737547 -1.92587 3.69912 -82.0281 21.3952 -40.0391 
-0.00718636 -1.94972 3.73111 -82.4345 21.5711 -40.2674 
-0.00699724 -1.97357 3.7631 -82.841 21.747 -40.4956 
-0.00680813 -1.99742 3.79509 -83.2474 21.923 -40.7238 
-0.00661901 -2.02127 3.82707 -83.6539 22.0989 -40.952 
-0.0064299 -2.04512 3.85906 -84.0604 22.2748 -41.1803 
-0.00624078 -2.06897 3.89105 -84.4668 22.4507 -41.4085 
-0.00605167 -2.09282 3.92304 -84.8733 22.6266 -41.6367 
-0.00586256 -2.11667 3.95503 -85.2797 22.8025 -41.865 
-0.00567344 -2.14052 3.98702 -85.6862 22.9785 -42.0932 
-0.00548433 -2.16437 4.01901 -86.0927 23.1544 -42.3214 
-0.00529521 -2.18822 4.051 -86.4991 23.3303 -42.5496 
-0.0051061 -2.21207 4.08299 -86.9056 23.5062 -42.7779 
-0.00491698 -2.23592 4.11498 -87.312 23.6821 -43.0061 
-0.00472787 -2.25976 4.14697 -87.7185 23.858 -43.2343 
-0.00453875 -2.28361 4.17896 -88.125 24.034 -43.4625 
-0.00434964 -2.30746 4.21095 -88.5314 24.2099 -43.6908 
-0.00416052 -2.33131 4.24294 -88.9379 24.3858 -43.919 
-0.00397141 -2.35516 4.27492 -89.3443 24.5617 -44.1472 
-0.00378229 -2.37901 4.30691 -89.7508 24.7376 -44.3755 
-0.00359318 -2.40286 4.3389 -90.1573 24.9136 -44.6037 
-0.00340406 -2.42671 4.37089 -90.5637 25.0895 -44.8319 
-0.00321495 -2.45056 4.40288 -90.9702 25.2654 -45.0601 
-0.00302583 -2.47441 4.43487 -91.3766 25.4413 -45.2884 
-0.00283672 -2.49826 4.46686 -91.7831 25.6172 -45.5166 
-0.00264761 -2.52211 4.49885 -92.1896 25.7931 -45.7448 
-0.00245849 -2.54596 4.53084 -92.596 25.9691 -45.973 
-0.00226938 -2.56981 4.56283 -93.0025 26.145 -46.2013 
-0.00208026 -2.59366 4.59482 -93.4089 26.3209 -46.4295 
-0.00189115 -2.61751 4.62681 -93.8154 26.4968 -46.6577 
-0.00170203 -2.64136 4.6588 -94.2219 26.6727 -46.886 
-0.00151292 -2.6652 4.69079 -94.6283 26.8487 -47.1142 
-0.0013238 -2.68905 4.72277 -95.0348 27.0246 -47.3424 
-0.00113469 -2.7129 4.75476 -95.4412 27.2005 -47.5706 
-0.000945573 -2.73675 4.78675 -95.8477 27.3764 -47.7989 
-0.000756459 -2.7606 4.81874 -96.2542 27.5523 -48.0271 
-0.000567344 -2.78445 4.85073 -96.6606 27.7282 -48.2553 
-0.000378229 -2.8083 4.88272 -97.0671 27.9042 -48.4835 
-0.000189115 -2.83215 4.91471 -97.4735 28.0801 -48.7118 
0 -2.856 4.9467 -97.88 28.256 -48.94 

