0 5.712 0 0 0 0 
0 5.4979 0.112051 -0.213345 -0.184762 0.320016 
0 5.28381 0.224103 -0.42669 -0.369524 0.640032 
0 5.06971 0.336154 -0.640035 -0.554285 0.960048 
0 4.85562 0.448205 -0.85338 -0.739047 1.28006 
0 4.64152 0.560257 -1.06673 -0.923809 1.60008 
0 4.42743 0.672308 -1.28007 -1.10857 1.9201 
0 4.21333 0.78436 -1.49342 -1.29333 2.24011 
0 3.99924 0.896411 -1.70676 -1.47809 2.56013 
0 3.78514 1.00846 -1.92011 -1.66286 2.88014 
0 3.57105 1.12051 -2.13345 -1.84762 3.20016 
0 3.35695 1.23256 -2.3468 -2.03238 3.52018 
0 3.14285 1.34462 -2.56014 -2.21714 3.84019 
0 2.92876 1.45667 -2.77349 -2.4019 4.16021 
0 2.71466 1.56872 -2.98683 -2.58667 4.48022 
0 2.50057 1.68077 -3.20018 -2.77143 4.80024 
0 2.28647 1.79282 -3.41352 -2.95619 5.12025 
0 2.07238 1.90487 -3.62687 -3.14095 5.44027 
0 1.85828 2.01692 -3.84021 -3.32571 5.76029 
0 1.64419 2.12898 -4.05356 -3.51047 6.0803 
0 1.43009 2.24103 -4.2669 -3.69524 6.40032 
0 1.216 2.35308 -4.48025 -3.88 6.72033 
0 1.0019 2.46513 -4.69359 -4.06476 7.04035 
0 0.784694 2.57881 -4.91003 -4.25221 7.36502 
0 0.567488 2.69249 -5.12648 -4.43965 7.68968 
0 0.350281 2.80617 -5.34292 -4.6271 8.01435 
0 0.133075 2.91985 -5.55937 -4.81454 8.33901 
0 -0.0841312 3.03353 -5.77581 -5.00199 8.66368 
0 -0.301337 3.14721 -5.99226 -5.18944 8.98834 
0 -0.518544 3.26089 -6.2087 -5.37688 9.31301 
0 -0.73575 3.37456 -6.42515 -5.56433 9.63767 
0 -0.952956 3.48824 -6.64159 -5.75178 9.96234 
0 -1.17016 3.60192 -6.85803 -5.93922 10.287 
0 -1.38737 3.7156 -7.07448 -6.12667 10.6117 
0 -1.60457 3.82928 -7.29092 -6.31412 10.9363 
0 -1.82178 3.94296 -7.50737 -6.50156 11.261 
0 -2.03899 4.05664 -7.72381 -6.68901 11.5857 
0 -2.25619 4.17032 -7.94026 -6.87645 11.9103 
0 -2.4734 4.284 -8.1567 -7.0639 12.235 


