0 5.712 0 0 0 0 
0.039294 5.81537 -0.34288 0.27842 -0.184755 -0.083846 
0.078588 5.91875 -0.68576 0.55684 -0.369511 -0.167692 
0.117882 6.02212 -1.02864 0.83526 -0.554266 -0.251538 
0.157176 6.1255 -1.37152 1.11368 -0.739021 -0.335384 
0.152687 5.87993 -1.4547 0.84893 -0.516179 0.0236107 
0.148199 5.63435 -1.53787 0.584179 -0.293338 0.382605 
0.14371 5.38878 -1.62105 0.319429 -0.0704964 0.7416 
0.139718 5.17038 -1.69502 0.083981 0.127681 1.06086 
0.135726 4.95199 -1.76899 -0.151467 0.325859 1.38012 
0.131734 4.7336 -1.84296 -0.386915 0.524036 1.69938 
0.127742 4.5152 -1.91693 -0.622363 0.722214 2.01864 
0.12375 4.29681 -1.9909 -0.857812 0.920393 2.3379 
0.119758 4.07841 -2.06487 -1.09326 1.11857 2.65716 
0.115766 3.86002 -2.13885 -1.32871 1.31675 2.97643 
0.111774 3.64163 -2.21282 -1.56416 1.51493 3.29569 
0.107782 3.42324 -2.28679 -1.79961 1.71311 3.61495 
0.10379 3.20484 -2.36076 -2.03505 1.91129 3.93421 
0.0997985 2.98645 -2.43473 -2.2705 2.10946 4.25347 
0.0958067 2.76805 -2.5087 -2.50595 2.30764 4.57273 
0.0918148 2.54966 -2.58267 -2.7414 2.50582 4.89199 
0.0878228 2.33127 -2.65664 -2.97684 2.70399 5.21125 
0.0838308 2.11287 -2.73061 -3.21229 2.90217 5.53052 
0.0798389 1.89448 -2.80458 -3.44774 3.10035 5.84978 
0.0758469 1.67609 -2.87855 -3.68319 3.29853 6.16904 
0.071855 1.45769 -2.95253 -3.91864 3.49671 6.4883 
0.0678631 1.23929 -3.0265 -4.15408 3.69488 6.80756 
0.0638711 1.0209 -3.10047 -4.38953 3.89306 7.12682 
0.0598791 0.802507 -3.17444 -4.62498 4.09124 7.44608 
0.0558872 0.584113 -3.24841 -4.86042 4.28941 7.76534 
0.0518953 0.365719 -3.32238 -5.09587 4.48759 8.08461 
0.0479033 0.147326 -3.39635 -5.33132 4.68577 8.40387 
0.0439114 -0.0710677 -3.47032 -5.56677 4.88395 8.72313 
0.0399195 -0.289461 -3.54429 -5.80222 5.08212 9.04239 
0.0359275 -0.507855 -3.61826 -6.03767 5.2803 9.36165 
0.0319356 -0.726249 -3.69223 -6.27312 5.47848 9.68091 
0.0279437 -0.944642 -3.7662 -6.50857 5.67666 10.0002 
0.0239517 -1.16303 -3.84017 -6.74401 5.87484 10.3195 
0.0199598 -1.38143 -3.91415 -6.97946 6.07301 10.6387 
0.0159678 -1.59982 -3.98812 -7.21491 6.27119 10.958 
0.0119758 -1.81821 -4.06209 -7.45036 6.46937 11.2773 
0.0079839 -2.03661 -4.13606 -7.68581 6.66755 11.5965 
0.00399195 -2.255 -4.21003 -7.92125 6.86572 11.9157 
0 -2.4734 -4.284 -8.1567 7.0639 12.235 


