0 5.712 0 0 0 0 
-0.0526312 5.54811 -0.0416827 -0.265103 -0.00499874 -0.347501 
-0.105262 5.38422 -0.0833654 -0.530206 -0.00999749 -0.695001 
-0.157894 5.22032 -0.125048 -0.795309 -0.0149962 -1.0425 
-0.210525 5.05643 -0.166731 -1.06041 -0.019995 -1.39 
-0.263156 4.89254 -0.208414 -1.32551 -0.0249937 -1.7375 
-0.315787 4.72865 -0.250096 -1.59062 -0.0299925 -2.085 
-0.368418 4.56475 -0.291779 -1.85572 -0.0349912 -2.4325 
-0.42105 4.40086 -0.333462 -2.12082 -0.0399899 -2.78001 
-0.473681 4.23697 -0.375144 -2.38593 -0.0449887 -3.12751 
-0.526312 4.07308 -0.416827 -2.65103 -0.0499874 -3.47501 
-0.578943 3.90919 -0.45851 -2.91613 -0.0549862 -3.82251 
-0.631575 3.74529 -0.500193 -3.18123 -0.0599849 -4.17001 
-0.684206 3.5814 -0.541875 -3.44634 -0.0649837 -4.51751 
-0.736837 3.41751 -0.583558 -3.71144 -0.0699824 -4.86501 
-0.709547 3.19933 -0.403278 -3.87608 0.194235 -5.13797 
-0.682256 2.98115 -0.222998 -4.04072 0.458453 -5.41094 
-0.654966 2.76296 -0.0427182 -4.20536 0.722671 -5.6839 
-0.627676 2.54478 0.137562 -4.37 0.986889 -5.95686 
-0.600386 2.3266 0.317842 -4.53464 1.25111 -6.22982 
-0.573095 2.10842 0.498122 -4.69928 1.51532 -6.50279 
-0.545805 1.89024 0.678401 -4.86391 1.77954 -6.77575 
-0.518515 1.67206 0.858681 -5.02855 2.04376 -7.04871 
-0.491225 1.45387 1.03896 -5.19319 2.30798 -7.32167 
-0.463934 1.23569 1.21924 -5.35783 2.5722 -7.59464 
-0.436644 1.01751 1.39952 -5.52247 2.83641 -7.8676 
-0.409354 0.799328 1.5798 -5.68711 3.10063 -8.14056 
-0.382064 0.581146 1.76008 -5.85175 3.36485 -8.41352 
-0.354773 0.362964 1.94036 -6.01639 3.62907 -8.68649 
-0.327483 0.144782 2.12064 -6.18103 3.89329 -8.95945 
-0.300193 -0.0733996 2.30092 -6.34567 4.1575 -9.23241 
-0.272903 -0.291581 2.4812 -6.51031 4.42172 -9.50537 
-0.245612 -0.509763 2.66148 -6.67495 4.68594 -9.77834 
-0.218322 -0.727945 2.84176 -6.83959 4.95016 -10.0513 
-0.191032 -0.946127 3.02204 -7.00423 5.21437 -10.3243 
-0.163742 -1.16431 3.20232 -7.16886 5.47859 -10.5972 
-0.136451 -1.38249 3.3826 -7.3335 5.74281 -10.8702 
-0.109161 -1.60067 3.56288 -7.49814 6.00703 -11.1431 
-0.0818708 -1.81885 3.74316 -7.66278 6.27125 -11.4161 
-0.0545805 -2.03704 3.92344 -7.82742 6.53546 -11.6891 
-0.0272903 -2.25522 4.10372 -7.99206 6.79968 -11.962 
0 -2.4734 4.284 -8.1567 7.0639 -12.235 


