0 0.264091 -0.140898 -0 -1.69399 2.98452 0.0318262 0.256964 -0.125467 -0.00299456 -1.71539 2.89749 
0.0420895 0.210801 -0.115783 0.0370162 -1.61194 2.86733 0.00941445 0.244187 -0.109824 -0.0825406 -1.70058 2.90498 
0.0667667 0.184554 -0.10751 0.0606521 -1.56535 2.80044 -0.00292971 0.237964 -0.101242 -0.125886 -1.69361 2.90954 
0.0914438 0.158306 -0.0992371 0.0842881 -1.51875 2.73356 -0.0150194 0.234545 -0.0931775 -0.166461 -1.69047 2.91468 
0.116121 0.132059 -0.0909641 0.107924 -1.47216 2.66667 -0.0269025 0.23402 -0.0857823 -0.204243 -1.69109 2.92021 
0.143097 0.119771 -0.102485 0.143773 -1.42878 2.5924 -0.0371578 0.224327 -0.076465 -0.250419 -1.67775 2.92125 
0.170073 0.107483 -0.114005 0.179622 -1.38539 2.51813 -0.0486548 0.217821 -0.067623 -0.293767 -1.66995 2.92492 
0.19705 0.0951948 -0.125526 0.215471 -1.34201 2.44386 -0.061532 0.214623 -0.0595554 -0.334305 -1.66769 2.93095 
0.224026 0.0829068 -0.137046 0.25132 -1.29863 2.36959 -0.0758689 0.214896 -0.0527055 -0.372033 -1.67084 2.93916 
0.248975 0.0840796 -0.164716 0.298225 -1.26606 2.28983 -0.0842385 0.204692 -0.0432314 -0.417683 -1.65505 2.93941 
0.273925 0.0852524 -0.192387 0.345131 -1.23349 2.21007 -0.0951045 0.198004 -0.034207 -0.46083 -1.64651 2.94283 
0.298874 0.0864251 -0.220058 0.392036 -1.20092 2.1303 -0.108623 0.194962 -0.0261192 -0.501534 -1.64511 2.94914 
0.323823 0.0875979 -0.247728 0.438941 -1.16835 2.05054 -0.12484 0.195766 -0.0196315 -0.539824 -1.65056 2.95813 
0.343034 0.0992239 -0.286538 0.49218 -1.14965 1.97106 -0.132703 0.185403 -0.0100677 -0.584521 -1.63397 2.96007 
0.362245 0.11085 -0.325348 0.545419 -1.13094 1.89158 -0.143413 0.178669 -0.00101673 -0.627346 -1.62518 2.96408 
0.381456 0.122476 -0.364158 0.598658 -1.11223 1.81211 -0.157109 0.17568 0.00703841 -0.668363 -1.62406 2.96982 
0.400667 0.134102 -0.402968 0.651897 -1.09353 1.73263 -0.173808 0.176635 0.0134459 -0.707615 -1.63029 2.97708 
0.412518 0.15192 -0.447026 0.705286 -1.08744 1.66035 -0.182253 0.166496 0.0230627 -0.75147 -1.61478 2.98176 
0.424369 0.169738 -0.491084 0.758676 -1.08136 1.58806 -0.193163 0.159843 0.0320443 -0.794034 -1.60634 2.98668 
0.43622 0.187556 -0.535142 0.812065 -1.07527 1.51578 -0.20666 0.156788 0.0400295 -0.835335 -1.60484 2.99152 
0.448071 0.205374 -0.5792 0.865455 -1.06919 1.4435 -0.222774 0.157511 0.0465184 -0.875405 -1.61002 2.99603 
0.452866 0.22435 -0.62084 0.914031 -1.07286 1.3844 -0.232363 0.14803 0.0562809 -0.91881 -1.59717 3.0029 
0.457661 0.243326 -0.66248 0.962608 -1.07653 1.32529 -0.243657 0.141608 0.0652097 -0.961244 -1.58959 3.00852 
0.462455 0.262301 -0.70412 1.01118 -1.08019 1.26618 -0.256765 0.138346 0.0730872 -1.0027 -1.58718 3.01262 
0.46725 0.281277 -0.74576 1.05976 -1.08386 1.20708 -0.271738 0.138384 0.0796004 -1.04319 -1.58976 3.01498 
0.466292 0.29436 -0.772601 1.10005 -1.09448 1.16756 -0.283003 0.130166 0.0895308 -1.08655 -1.58103 3.02287 
0.465335 0.307443 -0.799443 1.14034 -1.10509 1.12804 -0.294874 0.124203 0.09839 -1.12898 -1.5748 3.02876 
0.464377 0.320525 -0.826285 1.18064 -1.11571 1.08853 -0.307425 0.120545 0.106133 -1.17047 -1.571 3.03249 
0.46342 0.333608 -0.853126 1.22093 -1.12633 1.04901 -0.320714 0.119259 0.112667 -1.21099 -1.5695 3.03394 
0.458287 0.332795 -0.850162 1.25142 -1.14011 1.03565 -0.334337 0.112749 0.122303 -1.25468 -1.56589 3.0418 
0.453155 0.331982 -0.847198 1.28191 -1.15389 1.0223 -0.347029 0.107441 0.130914 -1.29726 -1.56138 3.04754 
0.448022 0.331169 -0.844234 1.31239 -1.16768 1.00894 -0.358802 0.103256 0.138679 -1.33865 -1.55586 3.05121 
0.442889 0.330356 -0.84127 1.34288 -1.18146 0.99559 -0.369678 0.100127 0.145751 -1.37877 -1.54923 3.05289 
0.442889 0.330356 -0.84127 1.34288 -1.18146 0.960701 -0.369678 0.100127 0.145751 -1.37877 -1.54923 3.018 
0.442889 0.330356 -0.84127 1.34288 -1.18146 0.925812 -0.369678 0.100127 0.145751 -1.37877 -1.54923 2.98311 
0.442889 0.330356 -0.84127 1.34288 -1.18146 0.890923 -0.369678 0.100127 0.145751 -1.37877 -1.54923 2.94822 
0.442889 0.330356 -0.84127 1.34288 -1.18146 0.856034 -0.369678 0.100127 0.145751 -1.37877 -1.54923 2.91333 
0.442889 0.330356 -0.84127 1.34288 -1.18146 0.821146 -0.369678 0.100127 0.145751 -1.37877 -1.54923 2.87845 
0.442889 0.330356 -0.84127 1.34288 -1.18146 0.786257 -0.369678 0.100127 0.145751 -1.37877 -1.54923 2.84356 
0.442889 0.330356 -0.84127 1.34288 -1.18146 0.751368 -0.369678 0.100127 0.145751 -1.37877 -1.54923 2.80867 
0.442889 0.330356 -0.84127 1.34288 -1.18146 0.716479 -0.369678 0.100127 0.145751 -1.37877 -1.54923 2.77378 
0.442889 0.330356 -0.84127 1.34288 -1.18146 0.68159 -0.369678 0.100127 0.145751 -1.37877 -1.54923 2.73889 
0.442889 0.330356 -0.84127 1.34288 -1.18146 0.646701 -0.369678 0.100127 0.145751 -1.37877 -1.54923 2.704 
0.442889 0.330356 -0.84127 1.34288 -1.18146 0.611812 -0.369678 0.100127 0.145751 -1.37877 -1.54923 2.66911 
0.442889 0.330356 -0.84127 1.34288 -1.18146 0.576923 -0.369678 0.100127 0.145751 -1.37877 -1.54923 2.63422 
0.442889 0.330356 -0.84127 1.34288 -1.18146 0.542034 -0.369678 0.100127 0.145751 -1.37877 -1.54923 2.59933 
0.442889 0.330356 -0.84127 1.34288 -1.18146 0.507146 -0.369678 0.100127 0.145751 -1.37877 -1.54923 2.56445 
0.442889 0.330356 -0.84127 1.34288 -1.18146 0.472257 -0.369678 0.100127 0.145751 -1.37877 -1.54923 2.52956 
0.442889 0.330356 -0.84127 1.34288 -1.18146 0.437368 -0.369678 0.100127 0.145751 -1.37877 -1.54923 2.49467 
0.442889 0.330356 -0.84127 1.34288 -1.18146 0.402479 -0.369678 0.100127 0.145751 -1.37877 -1.54923 2.45978 
0.442889 0.330356 -0.84127 1.34288 -1.18146 0.36759 -0.369678 0.100127 0.145751 -1.37877 -1.54923 2.42489 
0.442889 0.330356 -0.84127 1.34288 -1.18146 0.332701 -0.369678 0.100127 0.145751 -1.37877 -1.54923 2.39 
0.442889 0.330356 -0.84127 1.34288 -1.18146 0.297812 -0.369678 0.100127 0.145751 -1.37877 -1.54923 2.35511 
0.442889 0.330356 -0.84127 1.34288 -1.18146 0.262923 -0.369678 0.100127 0.145751 -1.37877 -1.54923 2.32022 
0.442889 0.330356 -0.84127 1.34288 -1.18146 0.228034 -0.369678 0.100127 0.145751 -1.37877 -1.54923 2.28533 
0.442889 0.330356 -0.84127 1.34288 -1.18146 0.193146 -0.369678 0.100127 0.145751 -1.37877 -1.54923 2.25045 
0.442889 0.330356 -0.84127 1.34288 -1.18146 0.158257 -0.369678 0.100127 0.145751 -1.37877 -1.54923 2.21556 
0.442889 0.330356 -0.84127 1.34288 -1.18146 0.123368 -0.369678 0.100127 0.145751 -1.37877 -1.54923 2.18067 
0.442889 0.330356 -0.84127 1.34288 -1.18146 0.0884789 -0.369678 0.100127 0.145751 -1.37877 -1.54923 2.14578 
0.442889 0.330356 -0.84127 1.34288 -1.18146 0.05359 -0.369678 0.100127 0.145751 -1.37877 -1.54923 2.11089 
0.442889 0.330356 -0.84127 1.34288 -1.18146 0.0187011 -0.369678 0.100127 0.145751 -1.37877 -1.54923 2.076 
0.442889 0.330356 -0.84127 1.34288 -1.18146 -0.0161878 -0.369678 0.100127 0.145751 -1.37877 -1.54923 2.04111 
0.442889 0.330356 -0.84127 1.34288 -1.18146 -0.0510767 -0.369678 0.100127 0.145751 -1.37877 -1.54923 2.00622 
0.442889 0.330356 -0.84127 1.34288 -1.18146 -0.0859656 -0.369678 0.100127 0.145751 -1.37877 -1.54923 1.97133 
0.442889 0.330356 -0.84127 1.34288 -1.18146 -0.120854 -0.369678 0.100127 0.145751 -1.37877 -1.54923 1.93645 
0.442889 0.330356 -0.84127 1.34288 -1.18146 -0.155743 -0.369678 0.100127 0.145751 -1.37877 -1.54923 1.90156 
0.442889 0.330356 -0.84127 1.34288 -1.18146 -0.190632 -0.369678 0.100127 0.145751 -1.37877 -1.54923 1.86667 
0.442889 0.330356 -0.84127 1.34288 -1.18146 -0.225521 -0.369678 0.100127 0.145751 -1.37877 -1.54923 1.83178 
0.442889 0.330356 -0.84127 1.34288 -1.18146 -0.26041 -0.369678 0.100127 0.145751 -1.37877 -1.54923 1.79689 
0.442889 0.330356 -0.84127 1.34288 -1.18146 -0.295299 -0.369678 0.100127 0.145751 -1.37877 -1.54923 1.762 
0.442889 0.330356 -0.84127 1.34288 -1.18146 -0.330188 -0.369678 0.100127 0.145751 -1.37877 -1.54923 1.72711 
0.442889 0.330356 -0.84127 1.34288 -1.18146 -0.365077 -0.369678 0.100127 0.145751 -1.37877 -1.54923 1.69222 
0.442889 0.330356 -0.84127 1.34288 -1.18146 -0.399966 -0.369678 0.100127 0.145751 -1.37877 -1.54923 1.65733 
0.442889 0.330356 -0.84127 1.34288 -1.18146 -0.434854 -0.369678 0.100127 0.145751 -1.37877 -1.54923 1.62245 
0.442889 0.330356 -0.84127 1.34288 -1.18146 -0.469743 -0.369678 0.100127 0.145751 -1.37877 -1.54923 1.58756 
0.442889 0.330356 -0.84127 1.34288 -1.18146 -0.504632 -0.369678 0.100127 0.145751 -1.37877 -1.54923 1.55267 
0.442889 0.330356 -0.84127 1.34288 -1.18146 -0.539521 -0.369678 0.100127 0.145751 -1.37877 -1.54923 1.51778 
0.442889 0.330356 -0.84127 1.34288 -1.18146 -0.57441 -0.369678 0.100127 0.145751 -1.37877 -1.54923 1.48289 
0.442889 0.330356 -0.84127 1.34288 -1.18146 -0.609299 -0.369678 0.100127 0.145751 -1.37877 -1.54923 1.448 
0.442889 0.330356 -0.84127 1.34288 -1.18146 -0.644188 -0.369678 0.100127 0.145751 -1.37877 -1.54923 1.41311 
0.442889 0.330356 -0.84127 1.34288 -1.18146 -0.679077 -0.369678 0.100127 0.145751 -1.37877 -1.54923 1.37822 
0.442889 0.330356 -0.84127 1.34288 -1.18146 -0.713966 -0.369678 0.100127 0.145751 -1.37877 -1.54923 1.34333 
0.442889 0.330356 -0.84127 1.34288 -1.18146 -0.748854 -0.369678 0.100127 0.145751 -1.37877 -1.54923 1.30845 
0.442889 0.330356 -0.84127 1.34288 -1.18146 -0.783743 -0.369678 0.100127 0.145751 -1.37877 -1.54923 1.27356 
0.442889 0.330356 -0.84127 1.34288 -1.18146 -0.818632 -0.369678 0.100127 0.145751 -1.37877 -1.54923 1.23867 
0.442889 0.330356 -0.84127 1.34288 -1.18146 -0.853521 -0.369678 0.100127 0.145751 -1.37877 -1.54923 1.20378 
0.442889 0.330356 -0.84127 1.34288 -1.18146 -0.88841 -0.369678 0.100127 0.145751 -1.37877 -1.54923 1.16889 
0.442889 0.330356 -0.84127 1.34288 -1.18146 -0.923299 -0.369678 0.100127 0.145751 -1.37877 -1.54923 1.134 
0.442889 0.330356 -0.84127 1.34288 -1.18146 -0.958188 -0.369678 0.100127 0.145751 -1.37877 -1.54923 1.09911 
0.442889 0.330356 -0.84127 1.34288 -1.18146 -0.993077 -0.369678 0.100127 0.145751 -1.37877 -1.54923 1.06422 
0.442889 0.330356 -0.84127 1.34288 -1.18146 -1.02797 -0.369678 0.100127 0.145751 -1.37877 -1.54923 1.02933 
0.442889 0.330356 -0.84127 1.34288 -1.18146 -1.06285 -0.369678 0.100127 0.145751 -1.37877 -1.54923 0.994446 
0.442889 0.330356 -0.84127 1.34288 -1.18146 -1.09774 -0.369678 0.100127 0.145751 -1.37877 -1.54923 0.959557 
0.442889 0.330356 -0.84127 1.34288 -1.18146 -1.13263 -0.369678 0.100127 0.145751 -1.37877 -1.54923 0.924668 
0.442889 0.330356 -0.84127 1.34288 -1.18146 -1.16752 -0.369678 0.100127 0.145751 -1.37877 -1.54923 0.889779 
0.442889 0.330356 -0.84127 1.34288 -1.18146 -1.20241 -0.369678 0.100127 0.145751 -1.37877 -1.54923 0.85489 
0.442889 0.330356 -0.84127 1.34288 -1.18146 -1.2373 -0.369678 0.100127 0.145751 -1.37877 -1.54923 0.820001 
0.442889 0.330356 -0.84127 1.34288 -1.18146 -1.27219 -0.369678 0.100127 0.145751 -1.37877 -1.54923 0.785112 
0.442889 0.330356 -0.84127 1.34288 -1.18146 -1.30708 -0.369678 0.100127 0.145751 -1.37877 -1.54923 0.750223 
0.442889 0.330356 -0.84127 1.34288 -1.18146 -1.34197 -0.369678 0.100127 0.145751 -1.37877 -1.54923 0.715334 
0.442889 0.330356 -0.84127 1.34288 -1.18146 -1.37685 -0.369678 0.100127 0.145751 -1.37877 -1.54923 0.680446 
0.442889 0.330356 -0.84127 1.34288 -1.18146 -1.41174 -0.369678 0.100127 0.145751 -1.37877 -1.54923 0.645557 
0.442889 0.330356 -0.84127 1.34288 -1.18146 -1.44663 -0.369678 0.100127 0.145751 -1.37877 -1.54923 0.610668 
0.442889 0.330356 -0.84127 1.34288 -1.18146 -1.48152 -0.369678 0.100127 0.145751 -1.37877 -1.54923 0.575779 
0.442889 0.330356 -0.84127 1.34288 -1.18146 -1.51641 -0.369678 0.100127 0.145751 -1.37877 -1.54923 0.54089 
0.442889 0.330356 -0.84127 1.34288 -1.18146 -1.5513 -0.369678 0.100127 0.145751 -1.37877 -1.54923 0.506001 
0.442889 0.330356 -0.84127 1.34288 -1.18146 -1.58619 -0.369678 0.100127 0.145751 -1.37877 -1.54923 0.471112 
0.442889 0.330356 -0.84127 1.34288 -1.18146 -1.62108 -0.369678 0.100127 0.145751 -1.37877 -1.54923 0.436223 
0.442889 0.330356 -0.84127 1.34288 -1.18146 -1.65597 -0.369678 0.100127 0.145751 -1.37877 -1.54923 0.401334 
0.442889 0.330356 -0.84127 1.34288 -1.18146 -1.69085 -0.369678 0.100127 0.145751 -1.37877 -1.54923 0.366446 
0.442889 0.330356 -0.84127 1.34288 -1.18146 -1.72574 -0.369678 0.100127 0.145751 -1.37877 -1.54923 0.331557 
0.442889 0.330356 -0.84127 1.34288 -1.18146 -1.76063 -0.369678 0.100127 0.145751 -1.37877 -1.54923 0.296668 
0.442889 0.330356 -0.84127 1.34288 -1.18146 -1.79552 -0.369678 0.100127 0.145751 -1.37877 -1.54923 0.261779 
0.442889 0.330356 -0.84127 1.34288 -1.18146 -1.83041 -0.369678 0.100127 0.145751 -1.37877 -1.54923 0.22689 
0.442889 0.330356 -0.84127 1.34288 -1.18146 -1.8653 -0.369678 0.100127 0.145751 -1.37877 -1.54923 0.192001 
0.442889 0.330356 -0.84127 1.34288 -1.18146 -1.90019 -0.369678 0.100127 0.145751 -1.37877 -1.54923 0.157112 
0.442889 0.330356 -0.84127 1.34288 -1.18146 -1.93508 -0.369678 0.100127 0.145751 -1.37877 -1.54923 0.122223 
0.442889 0.330356 -0.84127 1.34288 -1.18146 -1.96997 -0.369678 0.100127 0.145751 -1.37877 -1.54923 0.0873344 
0.442889 0.330356 -0.84127 1.34288 -1.18146 -2.00485 -0.369678 0.100127 0.145751 -1.37877 -1.54923 0.0524456 
0.442889 0.330356 -0.84127 1.34288 -1.18146 -2.03974 -0.369678 0.100127 0.145751 -1.37877 -1.54923 0.0175567 
0.442889 0.330356 -0.84127 1.34288 -1.18146 -2.07463 -0.369678 0.100127 0.145751 -1.37877 -1.54923 -0.0173322 
0.442889 0.330356 -0.84127 1.34288 -1.18146 -2.10952 -0.369678 0.100127 0.145751 -1.37877 -1.54923 -0.0522211 
0.442889 0.330356 -0.84127 1.34288 -1.18146 -2.14441 -0.369678 0.100127 0.145751 -1.37877 -1.54923 -0.08711 
0.442889 0.330356 -0.84127 1.34288 -1.18146 -2.1793 -0.369678 0.100127 0.145751 -1.37877 -1.54923 -0.121999 
0.442889 0.330356 -0.84127 1.34288 -1.18146 -2.21419 -0.369678 0.100127 0.145751 -1.37877 -1.54923 -0.156888 
0.442889 0.330356 -0.84127 1.34288 -1.18146 -2.24908 -0.369678 0.100127 0.145751 -1.37877 -1.54923 -0.191777 
0.442889 0.330356 -0.84127 1.34288 -1.18146 -2.28397 -0.369678 0.100127 0.145751 -1.37877 -1.54923 -0.226666 
0.442889 0.330356 -0.84127 1.34288 -1.18146 -2.31885 -0.369678 0.100127 0.145751 -1.37877 -1.54923 -0.261554 
0.442889 0.330356 -0.84127 1.34288 -1.18146 -2.35374 -0.369678 0.100127 0.145751 -1.37877 -1.54923 -0.296443 
0.442889 0.330356 -0.84127 1.34288 -1.18146 -2.38863 -0.369678 0.100127 0.145751 -1.37877 -1.54923 -0.331332 
0.442889 0.330356 -0.84127 1.34288 -1.18146 -2.42352 -0.369678 0.100127 0.145751 -1.37877 -1.54923 -0.366221 
0.442889 0.330356 -0.84127 1.34288 -1.18146 -2.45841 -0.369678 0.100127 0.145751 -1.37877 -1.54923 -0.40111 
0.442889 0.330356 -0.84127 1.34288 -1.18146 -2.4933 -0.369678 0.100127 0.145751 -1.37877 -1.54923 -0.435999 
0.442889 0.330356 -0.84127 1.34288 -1.18146 -2.52819 -0.369678 0.100127 0.145751 -1.37877 -1.54923 -0.470888 
0.442889 0.330356 -0.84127 1.34288 -1.18146 -2.56308 -0.369678 0.100127 0.145751 -1.37877 -1.54923 -0.505777 
0.442889 0.330356 -0.84127 1.34288 -1.18146 -2.59797 -0.369678 0.100127 0.145751 -1.37877 -1.54923 -0.540666 
0.442889 0.330356 -0.84127 1.34288 -1.18146 -2.63285 -0.369678 0.100127 0.145751 -1.37877 -1.54923 -0.575554 
0.442889 0.330356 -0.84127 1.34288 -1.18146 -2.66774 -0.369678 0.100127 0.145751 -1.37877 -1.54923 -0.610443 
0.442889 0.330356 -0.84127 1.34288 -1.18146 -2.70263 -0.369678 0.100127 0.145751 -1.37877 -1.54923 -0.645332 
0.442889 0.330356 -0.84127 1.34288 -1.18146 -2.73752 -0.369678 0.100127 0.145751 -1.37877 -1.54923 -0.680221 
0.442889 0.330356 -0.84127 1.34288 -1.18146 -2.77241 -0.369678 0.100127 0.145751 -1.37877 -1.54923 -0.71511 
0.442889 0.330356 -0.84127 1.34288 -1.18146 -2.8073 -0.369678 0.100127 0.145751 -1.37877 -1.54923 -0.749999 
0.442889 0.330356 -0.84127 1.34288 -1.18146 -2.84219 -0.369678 0.100127 0.145751 -1.37877 -1.54923 -0.784888 
0.442889 0.330356 -0.84127 1.34288 -1.18146 -2.87708 -0.369678 0.100127 0.145751 -1.37877 -1.54923 -0.819777 
0.442889 0.330356 -0.84127 1.34288 -1.18146 -2.91197 -0.369678 0.100127 0.145751 -1.37877 -1.54923 -0.854666 
0.442889 0.330356 -0.84127 1.34288 -1.18146 -2.94685 -0.369678 0.100127 0.145751 -1.37877 -1.54923 -0.889554 
0.442889 0.330356 -0.84127 1.34288 -1.18146 -2.98174 -0.369678 0.100127 0.145751 -1.37877 -1.54923 -0.924443 
0.442889 0.330356 -0.84127 1.34288 -1.18146 -3.01663 -0.369678 0.100127 0.145751 -1.37877 -1.54923 -0.959332 
0.442889 0.330356 -0.84127 1.34288 -1.18146 -3.05152 -0.369678 0.100127 0.145751 -1.37877 -1.54923 -0.994221 
0.442889 0.330356 -0.84127 1.34288 -1.18146 -3.08641 -0.369678 0.100127 0.145751 -1.37877 -1.54923 -1.02911 
0.442889 0.330356 -0.84127 1.34288 -1.18146 -3.1213 -0.369678 0.100127 0.145751 -1.37877 -1.54923 -1.064 
0.442889 0.330356 -0.84127 1.34288 -1.18146 -3.15619 -0.369678 0.100127 0.145751 -1.37877 -1.54923 -1.09889 
0.442889 0.330356 -0.84127 1.34288 -1.18146 -3.19108 -0.369678 0.100127 0.145751 -1.37877 -1.54923 -1.13378 
0.442889 0.330356 -0.84127 1.34288 -1.18146 -3.22597 -0.369678 0.100127 0.145751 -1.37877 -1.54923 -1.16867 
0.442889 0.330356 -0.84127 1.34288 -1.18146 -3.26085 -0.369678 0.100127 0.145751 -1.37877 -1.54923 -1.20355 
0.442889 0.330356 -0.84127 1.34288 -1.18146 -3.29574 -0.369678 0.100127 0.145751 -1.37877 -1.54923 -1.23844 
0.442889 0.330356 -0.84127 1.34288 -1.18146 -3.33063 -0.369678 0.100127 0.145751 -1.37877 -1.54923 -1.27333 
0.442889 0.330356 -0.84127 1.34288 -1.18146 -3.36552 -0.369678 0.100127 0.145751 -1.37877 -1.54923 -1.30822 
0.442889 0.330356 -0.84127 1.34288 -1.18146 -3.40041 -0.369678 0.100127 0.145751 -1.37877 -1.54923 -1.34311 
0.442889 0.330356 -0.84127 1.34288 -1.18146 -3.4353 -0.369678 0.100127 0.145751 -1.37877 -1.54923 -1.378 
0.442889 0.330356 -0.84127 1.34288 -1.18146 -3.47019 -0.369678 0.100127 0.145751 -1.37877 -1.54923 -1.41289 
0.442889 0.330356 -0.84127 1.34288 -1.18146 -3.50508 -0.369678 0.100127 0.145751 -1.37877 -1.54923 -1.44778 
0.442889 0.330356 -0.84127 1.34288 -1.18146 -3.53997 -0.369678 0.100127 0.145751 -1.37877 -1.54923 -1.48267 
0.442889 0.330356 -0.84127 1.34288 -1.18146 -3.57485 -0.369678 0.100127 0.145751 -1.37877 -1.54923 -1.51755 
0.442889 0.330356 -0.84127 1.34288 -1.18146 -3.60974 -0.369678 0.100127 0.145751 -1.37877 -1.54923 -1.55244 
0.442889 0.330356 -0.84127 1.34288 -1.18146 -3.64463 -0.369678 0.100127 0.145751 -1.37877 -1.54923 -1.58733 
0.442889 0.330356 -0.84127 1.34288 -1.18146 -3.67952 -0.369678 0.100127 0.145751 -1.37877 -1.54923 -1.62222 
0.442889 0.330356 -0.84127 1.34288 -1.18146 -3.71441 -0.369678 0.100127 0.145751 -1.37877 -1.54923 -1.65711 
0.442889 0.330356 -0.84127 1.34288 -1.18146 -3.7493 -0.369678 0.100127 0.145751 -1.37877 -1.54923 -1.692 
0.442889 0.330356 -0.84127 1.34288 -1.18146 -3.78419 -0.369678 0.100127 0.145751 -1.37877 -1.54923 -1.72689 
0.442889 0.330356 -0.84127 1.34288 -1.18146 -3.81908 -0.369678 0.100127 0.145751 -1.37877 -1.54923 -1.76178 
0.442889 0.330356 -0.84127 1.34288 -1.18146 -3.85397 -0.369678 0.100127 0.145751 -1.37877 -1.54923 -1.79667 
0.442889 0.330356 -0.84127 1.34288 -1.18146 -3.88885 -0.369678 0.100127 0.145751 -1.37877 -1.54923 -1.83155 
0.442889 0.330356 -0.84127 1.34288 -1.18146 -3.92374 -0.369678 0.100127 0.145751 -1.37877 -1.54923 -1.86644 
0.442889 0.330356 -0.84127 1.34288 -1.18146 -3.95863 -0.369678 0.100127 0.145751 -1.37877 -1.54923 -1.90133 
0.442889 0.330356 -0.84127 1.34288 -1.18146 -3.99352 -0.369678 0.100127 0.145751 -1.37877 -1.54923 -1.93622 
0.442889 0.330356 -0.84127 1.34288 -1.18146 -4.02841 -0.369678 0.100127 0.145751 -1.37877 -1.54923 -1.97111 
0.442889 0.330356 -0.84127 1.34288 -1.18146 -4.0633 -0.369678 0.100127 0.145751 -1.37877 -1.54923 -2.006 
0.442889 0.330356 -0.84127 1.34288 -1.18146 -4.09819 -0.369678 0.100127 0.145751 -1.37877 -1.54923 -2.04089 
0.442889 0.330356 -0.84127 1.34288 -1.18146 -4.13308 -0.369678 0.100127 0.145751 -1.37877 -1.54923 -2.07578 
0.442889 0.330356 -0.84127 1.34288 -1.18146 -4.16797 -0.369678 0.100127 0.145751 -1.37877 -1.54923 -2.11067 
0.442889 0.330356 -0.84127 1.34288 -1.18146 -4.20285 -0.369678 0.100127 0.145751 -1.37877 -1.54923 -2.14555 
0.442889 0.330356 -0.84127 1.34288 -1.18146 -4.23774 -0.369678 0.100127 0.145751 -1.37877 -1.54923 -2.18044 
0.442889 0.330356 -0.84127 1.34288 -1.18146 -4.27263 -0.369678 0.100127 0.145751 -1.37877 -1.54923 -2.21533 
0.442889 0.330356 -0.84127 1.34288 -1.18146 -4.30752 -0.369678 0.100127 0.145751 -1.37877 -1.54923 -2.25022 
0.442889 0.330356 -0.84127 1.34288 -1.18146 -4.34241 -0.369678 0.100127 0.145751 -1.37877 -1.54923 -2.28511 
0.442889 0.330356 -0.84127 1.34288 -1.18146 -4.3773 -0.369678 0.100127 0.145751 -1.37877 -1.54923 -2.32 
0.442889 0.330356 -0.84127 1.34288 -1.18146 -4.41219 -0.369678 0.100127 0.145751 -1.37877 -1.54923 -2.35489 
0.442889 0.330356 -0.84127 1.34288 -1.18146 -4.44708 -0.369678 0.100127 0.145751 -1.37877 -1.54923 -2.38978 
0.442889 0.330356 -0.84127 1.34288 -1.18146 -4.48197 -0.369678 0.100127 0.145751 -1.37877 -1.54923 -2.42467 
0.442889 0.330356 -0.84127 1.34288 -1.18146 -4.51685 -0.369678 0.100127 0.145751 -1.37877 -1.54923 -2.45955 
0.442889 0.330356 -0.84127 1.34288 -1.18146 -4.55174 -0.369678 0.100127 0.145751 -1.37877 -1.54923 -2.49444 
0.442889 0.330356 -0.84127 1.34288 -1.18146 -4.58663 -0.369678 0.100127 0.145751 -1.37877 -1.54923 -2.52933 
0.442889 0.330356 -0.84127 1.34288 -1.18146 -4.62152 -0.369678 0.100127 0.145751 -1.37877 -1.54923 -2.56422 
0.442889 0.330356 -0.84127 1.34288 -1.18146 -4.65641 -0.369678 0.100127 0.145751 -1.37877 -1.54923 -2.59911 
0.442889 0.330356 -0.84127 1.34288 -1.18146 -4.6913 -0.369678 0.100127 0.145751 -1.37877 -1.54923 -2.634 
0.442889 0.330356 -0.84127 1.34288 -1.18146 -4.72619 -0.369678 0.100127 0.145751 -1.37877 -1.54923 -2.66889 
0.442889 0.330356 -0.84127 1.34288 -1.18146 -4.76108 -0.369678 0.100127 0.145751 -1.37877 -1.54923 -2.70378 
0.442889 0.330356 -0.84127 1.34288 -1.18146 -4.79597 -0.369678 0.100127 0.145751 -1.37877 -1.54923 -2.73867 
0.442889 0.330356 -0.84127 1.34288 -1.18146 -4.83085 -0.369678 0.100127 0.145751 -1.37877 -1.54923 -2.77355 
0.442889 0.330356 -0.84127 1.34288 -1.18146 -4.86574 -0.369678 0.100127 0.145751 -1.37877 -1.54923 -2.80844 
0.442889 0.330356 -0.84127 1.34288 -1.18146 -4.90063 -0.369678 0.100127 0.145751 -1.37877 -1.54923 -2.84333 
0.442889 0.330356 -0.84127 1.34288 -1.18146 -4.93552 -0.369678 0.100127 0.145751 -1.37877 -1.54923 -2.87822 
0.442889 0.330356 -0.84127 1.34288 -1.18146 -4.97041 -0.369678 0.100127 0.145751 -1.37877 -1.54923 -2.91311 
0.442889 0.330356 -0.84127 1.34288 -1.18146 -5.0053 -0.369678 0.100127 0.145751 -1.37877 -1.54923 -2.948 
0.442889 0.330356 -0.84127 1.34288 -1.18146 -5.04019 -0.369678 0.100127 0.145751 -1.37877 -1.54923 -2.98289 
0.442889 0.330356 -0.84127 1.34288 -1.18146 -5.07508 -0.369678 0.100127 0.145751 -1.37877 -1.54923 -3.01778 
0.442889 0.330356 -0.84127 1.34288 -1.18146 -5.10997 -0.369678 0.100127 0.145751 -1.37877 -1.54923 -3.05267 
0.442889 0.330356 -0.84127 1.34288 -1.18146 -5.14485 -0.369678 0.100127 0.145751 -1.37877 -1.54923 -3.08755 
0.442889 0.330356 -0.84127 1.34288 -1.18146 -5.17974 -0.369678 0.100127 0.145751 -1.37877 -1.54923 -3.12244 
0.442889 0.330356 -0.84127 1.34288 -1.18146 -5.21463 -0.369678 0.100127 0.145751 -1.37877 -1.54923 -3.15733 
0.442889 0.330356 -0.84127 1.34288 -1.18146 -5.24952 -0.369678 0.100127 0.145751 -1.37877 -1.54923 -3.19222 
0.442889 0.330356 -0.84127 1.34288 -1.18146 -5.28441 -0.369678 0.100127 0.145751 -1.37877 -1.54923 -3.22711 
0.442889 0.330356 -0.84127 1.34288 -1.18146 -5.3193 -0.369678 0.100127 0.145751 -1.37877 -1.54923 -3.262 
0.442889 0.330356 -0.84127 1.34288 -1.18146 -5.35419 -0.369678 0.100127 0.145751 -1.37877 -1.54923 -3.29689 
0.442889 0.330356 -0.84127 1.34288 -1.18146 -5.38908 -0.369678 0.100127 0.145751 -1.37877 -1.54923 -3.33178 
0.442889 0.330356 -0.84127 1.34288 -1.18146 -5.42397 -0.369678 0.100127 0.145751 -1.37877 -1.54923 -3.36667 
0.442889 0.330356 -0.84127 1.34288 -1.18146 -5.45885 -0.369678 0.100127 0.145751 -1.37877 -1.54923 -3.40155 
0.442889 0.330356 -0.84127 1.34288 -1.18146 -5.49374 -0.369678 0.100127 0.145751 -1.37877 -1.54923 -3.43644 
0.442889 0.330356 -0.84127 1.34288 -1.18146 -5.52863 -0.369678 0.100127 0.145751 -1.37877 -1.54923 -3.47133 
0.442889 0.330356 -0.84127 1.34288 -1.18146 -5.56352 -0.369678 0.100127 0.145751 -1.37877 -1.54923 -3.50622 
0.442889 0.330356 -0.84127 1.34288 -1.18146 -5.59841 -0.369678 0.100127 0.145751 -1.37877 -1.54923 -3.54111 
0.442889 0.330356 -0.84127 1.34288 -1.18146 -5.6333 -0.369678 0.100127 0.145751 -1.37877 -1.54923 -3.576 
0.442889 0.330356 -0.84127 1.34288 -1.18146 -5.66819 -0.369678 0.100127 0.145751 -1.37877 -1.54923 -3.61089 
0.442889 0.330356 -0.84127 1.34288 -1.18146 -5.70308 -0.369678 0.100127 0.145751 -1.37877 -1.54923 -3.64578 
0.442889 0.330356 -0.84127 1.34288 -1.18146 -5.73797 -0.369678 0.100127 0.145751 -1.37877 -1.54923 -3.68067 
0.442889 0.330356 -0.84127 1.34288 -1.18146 -5.77285 -0.369678 0.100127 0.145751 -1.37877 -1.54923 -3.71555 
0.442889 0.330356 -0.84127 1.34288 -1.18146 -5.80774 -0.369678 0.100127 0.145751 -1.37877 -1.54923 -3.75044 
0.442889 0.330356 -0.84127 1.34288 -1.18146 -5.84263 -0.369678 0.100127 0.145751 -1.37877 -1.54923 -3.78533 
0.442889 0.330356 -0.84127 1.34288 -1.18146 -5.87752 -0.369678 0.100127 0.145751 -1.37877 -1.54923 -3.82022 
0.442889 0.330356 -0.84127 1.34288 -1.18146 -5.91241 -0.369678 0.100127 0.145751 -1.37877 -1.54923 -3.85511 
0.442889 0.330356 -0.84127 1.34288 -1.18146 -5.9473 -0.369678 0.100127 0.145751 -1.37877 -1.54923 -3.89 
0.442889 0.330356 -0.84127 1.34288 -1.18146 -5.98219 -0.369678 0.100127 0.145751 -1.37877 -1.54923 -3.92489 
0.442889 0.330356 -0.84127 1.34288 -1.18146 -6.01708 -0.369678 0.100127 0.145751 -1.37877 -1.54923 -3.95978 
0.442889 0.330356 -0.84127 1.34288 -1.18146 -6.05197 -0.369678 0.100127 0.145751 -1.37877 -1.54923 -3.99467 
0.442889 0.330356 -0.84127 1.34288 -1.18146 -6.08685 -0.369678 0.100127 0.145751 -1.37877 -1.54923 -4.02955 
0.442889 0.330356 -0.84127 1.34288 -1.18146 -6.12174 -0.369678 0.100127 0.145751 -1.37877 -1.54923 -4.06444 
0.442889 0.330356 -0.84127 1.34288 -1.18146 -6.15663 -0.369678 0.100127 0.145751 -1.37877 -1.54923 -4.09933 
0.442889 0.330356 -0.84127 1.34288 -1.18146 -6.19152 -0.369678 0.100127 0.145751 -1.37877 -1.54923 -4.13422 
0.442889 0.330356 -0.84127 1.34288 -1.18146 -6.22641 -0.369678 0.100127 0.145751 -1.37877 -1.54923 -4.16911 
0.442889 0.330356 -0.84127 1.34288 -1.18146 -6.2613 -0.369678 0.100127 0.145751 -1.37877 -1.54923 -4.204 
0.442889 0.330356 -0.84127 1.34288 -1.18146 -6.29619 -0.369678 0.100127 0.145751 -1.37877 -1.54923 -4.23889 
0.442889 0.330356 -0.84127 1.34288 -1.18146 -6.33108 -0.369678 0.100127 0.145751 -1.37877 -1.54923 -4.27378 
0.442889 0.330356 -0.84127 1.34288 -1.18146 -6.36597 -0.369678 0.100127 0.145751 -1.37877 -1.54923 -4.30867 
0.442889 0.330356 -0.84127 1.34288 -1.18146 -6.40085 -0.369678 0.100127 0.145751 -1.37877 -1.54923 -4.34355 
0.442889 0.330356 -0.84127 1.34288 -1.18146 -6.43574 -0.369678 0.100127 0.145751 -1.37877 -1.54923 -4.37844 
0.442889 0.330356 -0.84127 1.34288 -1.18146 -6.47063 -0.369678 0.100127 0.145751 -1.37877 -1.54923 -4.41333 
0.442889 0.330356 -0.84127 1.34288 -1.18146 -6.50552 -0.369678 0.100127 0.145751 -1.37877 -1.54923 -4.44822 
0.442889 0.330356 -0.84127 1.34288 -1.18146 -6.54041 -0.369678 0.100127 0.145751 -1.37877 -1.54923 -4.48311 
0.442889 0.330356 -0.84127 1.34288 -1.18146 -6.5753 -0.369678 0.100127 0.145751 -1.37877 -1.54923 -4.518 
0.442889 0.330356 -0.84127 1.34288 -1.18146 -6.61019 -0.369678 0.100127 0.145751 -1.37877 -1.54923 -4.55289 
0.442889 0.330356 -0.84127 1.34288 -1.18146 -6.64508 -0.369678 0.100127 0.145751 -1.37877 -1.54923 -4.58778 
0.442889 0.330356 -0.84127 1.34288 -1.18146 -6.67997 -0.369678 0.100127 0.145751 -1.37877 -1.54923 -4.62267 
0.442889 0.330356 -0.84127 1.34288 -1.18146 -6.71485 -0.369678 0.100127 0.145751 -1.37877 -1.54923 -4.65755 
0.442889 0.330356 -0.84127 1.34288 -1.18146 -6.74974 -0.369678 0.100127 0.145751 -1.37877 -1.54923 -4.69244 
0.442889 0.330356 -0.84127 1.34288 -1.18146 -6.78463 -0.369678 0.100127 0.145751 -1.37877 -1.54923 -4.72733 
0.442889 0.330356 -0.84127 1.34288 -1.18146 -6.81952 -0.369678 0.100127 0.145751 -1.37877 -1.54923 -4.76222 
0.442889 0.330356 -0.84127 1.34288 -1.18146 -6.85441 -0.369678 0.100127 0.145751 -1.37877 -1.54923 -4.79711 
0.442889 0.330356 -0.84127 1.34288 -1.18146 -6.8893 -0.369678 0.100127 0.145751 -1.37877 -1.54923 -4.832 
0.442889 0.330356 -0.84127 1.34288 -1.18146 -6.92419 -0.369678 0.100127 0.145751 -1.37877 -1.54923 -4.86689 
0.442889 0.330356 -0.84127 1.34288 -1.18146 -6.8893 -0.369678 0.100127 0.145751 -1.37877 -1.54923 -4.90178 
0.442889 0.330356 -0.84127 1.34288 -1.18146 -6.8893 -0.369678 0.100127 0.145751 -1.37877 -1.54923 -4.93667 
0.442889 0.330356 -0.84127 1.34288 -1.18146 -6.8893 -0.369678 0.100127 0.145751 -1.37877 -1.54923 -4.97155 
0.442889 0.330356 -0.84127 1.34288 -1.18146 -6.8893 -0.369678 0.100127 0.145751 -1.37877 -1.54923 -5.00644 
0.442889 0.330356 -0.84127 1.34288 -1.18146 -6.8893 -0.369678 0.100127 0.145751 -1.37877 -1.54923 -5.04133 
0.442889 0.330356 -0.84127 1.34288 -1.18146 -6.8893 -0.369678 0.100127 0.145751 -1.37877 -1.54923 -5.07622 
0.442889 0.330356 -0.84127 1.34288 -1.18146 -6.8893 -0.369678 0.100127 0.145751 -1.37877 -1.54923 -5.11111 
0.442889 0.330356 -0.84127 1.34288 -1.18146 -6.8893 -0.369678 0.100127 0.145751 -1.37877 -1.54923 -5.146 
0.442889 0.330356 -0.84127 1.34288 -1.18146 -6.8893 -0.369678 0.100127 0.145751 -1.37877 -1.54923 -5.18089 
0.442889 0.330356 -0.84127 1.34288 -1.18146 -6.8893 -0.369678 0.100127 0.145751 -1.37877 -1.54923 -5.21578 
0.442889 0.330356 -0.84127 1.34288 -1.18146 -6.8893 -0.369678 0.100127 0.145751 -1.37877 -1.54923 -5.25067 
0.442889 0.330356 -0.84127 1.34288 -1.18146 -6.8893 -0.369678 0.100127 0.145751 -1.37877 -1.54923 -5.28555 
0.442889 0.330356 -0.84127 1.34288 -1.18146 -6.8893 -0.369678 0.100127 0.145751 -1.37877 -1.54923 -5.32044 
0.442889 0.330356 -0.84127 1.34288 -1.18146 -6.8893 -0.369678 0.100127 0.145751 -1.37877 -1.54923 -5.35533 
0.442889 0.330356 -0.84127 1.34288 -1.18146 -6.8893 -0.369678 0.100127 0.145751 -1.37877 -1.54923 -5.39022 
0.442889 0.330356 -0.84127 1.34288 -1.18146 -6.8893 -0.369678 0.100127 0.145751 -1.37877 -1.54923 -5.42511 
0.442889 0.330356 -0.84127 1.34288 -1.18146 -6.8893 -0.369678 0.100127 0.145751 -1.37877 -1.54923 -5.46 
0.442889 0.330356 -0.84127 1.34288 -1.18146 -6.8893 -0.369678 0.100127 0.145751 -1.37877 -1.54923 -5.49489 
0.442889 0.330356 -0.84127 1.34288 -1.18146 -6.8893 -0.369678 0.100127 0.145751 -1.37877 -1.54923 -5.52978 
0.442889 0.330356 -0.84127 1.34288 -1.18146 -6.8893 -0.369678 0.100127 0.145751 -1.37877 -1.54923 -5.56467 
0.442889 0.330356 -0.84127 1.34288 -1.18146 -6.8893 -0.369678 0.100127 0.145751 -1.37877 -1.54923 -5.59955 
0.442889 0.330356 -0.84127 1.34288 -1.18146 -6.8893 -0.369678 0.100127 0.145751 -1.37877 -1.54923 -5.63444 
0.442889 0.330356 -0.84127 1.34288 -1.18146 -6.8893 -0.369678 0.100127 0.145751 -1.37877 -1.54923 -5.66933 
0.442889 0.330356 -0.84127 1.34288 -1.18146 -6.8893 -0.369678 0.100127 0.145751 -1.37877 -1.54923 -5.70422 
0.442889 0.330356 -0.84127 1.34288 -1.18146 -6.8893 -0.369678 0.100127 0.145751 -1.37877 -1.54923 -5.73911 
0.442889 0.330356 -0.84127 1.34288 -1.18146 -6.8893 -0.369678 0.100127 0.145751 -1.37877 -1.54923 -5.774 
0.442889 0.330356 -0.84127 1.34288 -1.18146 -6.8893 -0.369678 0.100127 0.145751 -1.37877 -1.54923 -5.80889 
0.442889 0.330356 -0.84127 1.34288 -1.18146 -6.8893 -0.369678 0.100127 0.145751 -1.37877 -1.54923 -5.84378 
0.442889 0.330356 -0.84127 1.34288 -1.18146 -6.8893 -0.369678 0.100127 0.145751 -1.37877 -1.54923 -5.87867 
0.442889 0.330356 -0.84127 1.34288 -1.18146 -6.8893 -0.369678 0.100127 0.145751 -1.37877 -1.54923 -5.91355 
0.442889 0.330356 -0.84127 1.34288 -1.18146 -6.8893 -0.369678 0.100127 0.145751 -1.37877 -1.54923 -5.94844 
0.442889 0.330356 -0.84127 1.34288 -1.18146 -6.8893 -0.369678 0.100127 0.145751 -1.37877 -1.54923 -5.98333 
0.442889 0.330356 -0.84127 1.34288 -1.18146 -6.8893 -0.369678 0.100127 0.145751 -1.37877 -1.54923 -6.01822 
0.442889 0.330356 -0.84127 1.34288 -1.18146 -6.8893 -0.369678 0.100127 0.145751 -1.37877 -1.54923 -6.05311 
0.442889 0.330356 -0.84127 1.34288 -1.18146 -6.8893 -0.369678 0.100127 0.145751 -1.37877 -1.54923 -6.088 
0.442889 0.330356 -0.84127 1.34288 -1.18146 -6.8893 -0.369678 0.100127 0.145751 -1.37877 -1.54923 -6.12289 
0.442889 0.330356 -0.84127 1.34288 -1.18146 -6.8893 -0.369678 0.100127 0.145751 -1.37877 -1.54923 -6.15778 
0.442889 0.330356 -0.84127 1.34288 -1.18146 -6.8893 -0.369678 0.100127 0.145751 -1.37877 -1.54923 -6.19267 
0.442889 0.330356 -0.84127 1.34288 -1.18146 -6.8893 -0.369678 0.100127 0.145751 -1.37877 -1.54923 -6.22755 
0.442889 0.330356 -0.84127 1.34288 -1.18146 -6.8893 -0.369678 0.100127 0.145751 -1.37877 -1.54923 -6.26244 
0.442889 0.330356 -0.84127 1.34288 -1.18146 -6.8893 -0.369678 0.100127 0.145751 -1.37877 -1.54923 -6.29733 
0.442889 0.330356 -0.84127 1.34288 -1.18146 -6.8893 -0.369678 0.100127 0.145751 -1.37877 -1.54923 -6.33222 
0.442889 0.330356 -0.84127 1.34288 -1.18146 -6.8893 -0.369678 0.100127 0.145751 -1.37877 -1.54923 -6.36711 
0.442889 0.330356 -0.84127 1.34288 -1.18146 -6.8893 -0.369678 0.100127 0.145751 -1.37877 -1.54923 -6.402 
0.442889 0.330356 -0.84127 1.34288 -1.18146 -6.8893 -0.369678 0.100127 0.145751 -1.37877 -1.54923 -6.43689 
0.442889 0.330356 -0.84127 1.34288 -1.18146 -6.8893 -0.369678 0.100127 0.145751 -1.37877 -1.54923 -6.47178 
0.442889 0.330356 -0.84127 1.34288 -1.18146 -6.8893 -0.369678 0.100127 0.145751 -1.37877 -1.54923 -6.50667 
0.442889 0.330356 -0.84127 1.34288 -1.18146 -6.8893 -0.369678 0.100127 0.145751 -1.37877 -1.54923 -6.54155 
0.442889 0.330356 -0.84127 1.34288 -1.18146 -6.8893 -0.369678 0.100127 0.145751 -1.37877 -1.54923 -6.57644 
0.442889 0.330356 -0.84127 1.34288 -1.18146 -6.8893 -0.369678 0.100127 0.145751 -1.37877 -1.54923 -6.61133 
0.442889 0.330356 -0.84127 1.34288 -1.18146 -6.8893 -0.369678 0.100127 0.145751 -1.37877 -1.54923 -6.64622 
0.442889 0.330356 -0.84127 1.34288 -1.18146 -6.8893 -0.369678 0.100127 0.145751 -1.37877 -1.54923 -6.68111 
0.442889 0.330356 -0.84127 1.34288 -1.18146 -6.8893 -0.369678 0.100127 0.145751 -1.37877 -1.54923 -6.716 
0.442889 0.330356 -0.84127 1.34288 -1.18146 -6.8893 -0.369678 0.100127 0.145751 -1.37877 -1.54923 -6.75089 
0.442889 0.330356 -0.84127 1.34288 -1.18146 -6.8893 -0.369678 0.100127 0.145751 -1.37877 -1.54923 -6.78578 
0.442889 0.330356 -0.84127 1.34288 -1.18146 -6.8893 -0.369678 0.100127 0.145751 -1.37877 -1.54923 -6.82067 
0.442889 0.330356 -0.84127 1.34288 -1.18146 -6.8893 -0.369678 0.100127 0.145751 -1.37877 -1.54923 -6.85555 
0.442889 0.330356 -0.84127 1.34288 -1.18146 -6.8893 -0.369678 0.100127 0.145751 -1.37877 -1.54923 -6.89044 
0.442889 0.330356 -0.84127 1.34288 -1.18146 -6.8893 -0.369678 0.100127 0.145751 -1.37877 -1.54923 -6.92533 

