62
0,0.264091,-0.140898,-0,-1.69399,2.98452,0.0318262,0.256964,-0.125467,-0.00299456,-1.71539,2.89749,
-0.0231729,0.265382,-0.114567,-0.0506688,-1.70341,2.9861,0.0993602,0.132485,0.00917557,0.066281,-1.62716,2.77339,
-0.0390672,0.266268,-0.0965061,-0.0854228,-1.70987,2.98718,0.152194,0.0590575,0.0763018,0.124138,-1.56318,2.68206,
-0.0549616,0.267154,-0.0784452,-0.120177,-1.71633,2.98826,0.20953,-0.00500933,0.125945,0.190055,-1.50098,2.58472,
-0.070856,0.26804,-0.0603844,-0.154931,-1.72278,2.98934,0.270346,-0.0598434,0.160319,0.263369,-1.4442,2.48146,
-0.0867503,0.268926,-0.0423235,-0.189685,-1.72924,2.99042,0.333373,-0.1057,0.181556,0.342859,-1.39589,2.37341,
-0.102645,0.269812,-0.0242627,-0.224439,-1.7357,2.9915,0.397183,-0.1431,0.191792,0.426657,-1.3582,2.26267,
-0.118539,0.270698,-0.0062019,-0.259192,-1.74215,2.99258,0.460323,-0.172872,0.193176,0.512399,-1.3321,2.15203,
-0.134434,0.271584,0.0118589,-0.293946,-1.74861,2.99366,0.521444,-0.196107,0.187832,0.597566,-1.31734,2.04451,
-0.150328,0.27247,0.0299197,-0.3287,-1.75507,2.99474,0.579403,-0.214073,0.177807,0.679908,-1.31271,1.94286,
-0.166222,0.273356,0.0479805,-0.363454,-1.76153,2.99582,0.633331,-0.228108,0.165024,0.75775,-1.31632,1.84915,
-0.182117,0.274242,0.0660413,-0.398208,-1.76798,2.9969,0.682642,-0.239527,0.151252,0.830107,-1.32604,1.76467,
-0.198011,0.275127,0.0841022,-0.432962,-1.77444,2.99798,0.72701,-0.249553,0.138066,0.896619,-1.33974,1.68997,
-0.213905,0.276013,0.102163,-0.467716,-1.7809,2.99906,0.766314,-0.259269,0.12684,0.957384,-1.35552,1.62503,
-0.229799,0.276899,0.120224,-0.50247,-1.78736,3.00014,0.800579,-0.269592,0.118734,1.01278,-1.37178,1.56948,
-0.245694,0.277785,0.138285,-0.537224,-1.79381,3.00122,0.829924,-0.281261,0.114673,1.06331,-1.38718,1.52273,
-0.261589,0.278671,0.156345,-0.571978,-1.80027,3.00231,0.854506,-0.294841,0.115362,1.10949,-1.40066,1.48409,
-0.277483,0.279557,0.174406,-0.606732,-1.80673,3.00339,0.874485,-0.310735,0.121287,1.15181,-1.41136,1.45282,
-0.293377,0.280443,0.192467,-0.641486,-1.81319,3.00447,0.889994,-0.329188,0.132718,1.19067,-1.41858,1.42818,
-0.309271,0.281329,0.210528,-0.67624,-1.81964,3.00555,0.901109,-0.350324,0.149749,1.22636,-1.42171,1.40949,
-0.325166,0.282215,0.228588,-0.710994,-1.8261,3.00663,0.907843,-0.374143,0.172301,1.25907,-1.42023,1.39604,
-0.34106,0.283101,0.246649,-0.745748,-1.83256,3.00771,0.910126,-0.400554,0.20016,1.28892,-1.41365,1.38723,
-0.356954,0.283987,0.26471,-0.780502,-1.83902,3.00879,0.907798,-0.429385,0.233004,1.3159,-1.40153,1.38248,
-0.372849,0.284872,0.282771,-0.815255,-1.84547,3.00987,0.900596,-0.460405,0.270437,1.33996,-1.38341,1.3813,
-0.388744,0.285758,0.300832,-0.850009,-1.85193,3.01095,0.888148,-0.49333,0.312008,1.36093,-1.35881,1.38331,
-0.404638,0.286644,0.318893,-0.884763,-1.85839,3.01203,0.869968,-0.527828,0.357238,1.37856,-1.32723,1.38827,
-0.420532,0.28753,0.336954,-0.919517,-1.86485,3.01311,0.845456,-0.563523,0.405638,1.39248,-1.28812,1.39612,
-0.436426,0.288416,0.355015,-0.954271,-1.8713,3.01419,0.813917,-0.599971,0.456704,1.40215,-1.24093,1.40703,
-0.452321,0.289302,0.373075,-0.989026,-1.87776,3.01528,0.774585,-0.636652,0.509935,1.40677,-1.18509,1.42154,
-0.468215,0.290188,0.391136,-1.02378,-1.88422,3.01636,0.726691,-0.672946,0.564831,1.40509,-1.12015,1.44067,
-0.484109,0.291074,0.409197,-1.05854,-1.89068,3.01744,0.669565,-0.708091,0.620881,1.3952,-1.0459,1.46617,
-0.500004,0.29196,0.427257,-1.09329,-1.89714,3.01852,0.602808,-0.741146,0.677569,1.37402,-0.962682,1.50096,
-0.515898,0.292846,0.445318,-1.12804,-1.90359,3.0196,0.526504,-0.770952,0.734344,1.33665,-0.871781,1.54972,
-0.531792,0.293732,0.463379,-1.1628,-1.91005,3.02068,0.441455,-0.796103,0.79061,1.27531,-0.77613,1.61993,
-0.547686,0.294618,0.48144,-1.19755,-1.91651,3.02176,0.349364,-0.814933,0.845702,1.17824,-0.681274,1.72291,
-0.563581,0.295504,0.499501,-1.2323,-1.92297,3.02284,0.252778,-0.82556,0.898868,1.02995,-0.596586,1.87348,
-0.579476,0.29639,0.517562,-1.26706,-1.92942,3.02392,0.154874,-0.825939,0.949233,0.818523,-0.536174,2.08272,
-0.59537,0.297276,0.535623,-1.30181,-1.93588,3.025,0.058967,-0.813974,0.995778,0.556087,-0.5163,2.33757,
-0.611264,0.298162,0.553684,-1.33657,-1.94234,3.02608,-0.0320344,-0.78767,1.03733,0.291285,-0.546253,2.58831,
-0.627158,0.299048,0.571744,-1.37132,-1.9488,3.02716,-0.115976,-0.745365,1.07255,0.0736218,-0.621183,2.78438,
-0.643053,0.299933,0.589805,-1.40607,-1.95525,3.02824,-0.191632,-0.686049,1.10004,-0.083985,-0.727892,2.91181,
-0.658947,0.300819,0.607866,-1.44083,-1.96171,3.02932,-0.2586,-0.609751,1.11838,-0.193931,-0.853667,2.98205,
-0.674841,0.301705,0.625927,-1.47558,-1.96817,3.0304,-0.317088,-0.517899,1.12635,-0.272912,-0.988832,3.01111,
-0.690736,0.302591,0.643987,-1.51033,-1.97463,3.03148,-0.367697,-0.413404,1.12311,-0.334024,-1.12592,3.01182,
-0.70663,0.303477,0.662048,-1.54509,-1.98108,3.03257,-0.411217,-0.30034,1.10831,-0.386013,-1.25884,2.99329,
-0.722525,0.304363,0.680109,-1.57984,-1.98754,3.03365,-0.448494,-0.18322,1.08217,-0.434202,-1.38274,2.96196,
-0.738454,0.305251,0.698209,-1.61467,-1.99401,3.03473,-0.480416,-0.0659149,1.04523,-0.481556,-1.49445,2.92242,
-0.754383,0.306138,0.71631,-1.6495,-2.00048,3.03582,-0.507659,0.0481457,0.998446,-0.529179,-1.59184,2.87829,
-0.770313,0.307026,0.734411,-1.68433,-2.00695,3.0369,-0.5309,0.15697,0.94283,-0.577227,-1.67451,2.83233,
-0.786242,0.307914,0.752511,-1.71916,-2.01342,3.03798,-0.550728,0.259632,0.87932,-0.625288,-1.74313,2.78668,
-0.770413,0.367598,0.735357,-1.7371,-1.98608,2.94934,-0.551682,0.243677,0.919675,-0.624421,-1.74372,2.77632,
-0.754584,0.427281,0.718204,-1.75503,-1.95873,2.8607,-0.559811,0.238546,0.946917,-0.632247,-1.74477,2.77158,
-0.738754,0.486965,0.701051,-1.77297,-1.93138,2.77206,-0.575414,0.24406,0.960764,-0.649425,-1.74563,2.77213,
-0.722925,0.546648,0.683897,-1.79091,-1.90404,2.68342,-0.597955,0.259862,0.960724,-0.675743,-1.74538,2.77771,
-0.708306,0.60908,0.646624,-1.79233,-1.87751,2.61431,-0.601424,0.241299,0.99738,-0.677622,-1.74126,2.77357,
-0.693686,0.671512,0.609352,-1.79374,-1.85098,2.54521,-0.610432,0.234813,1.02341,-0.686474,-1.74035,2.77106,
-0.679067,0.733944,0.572079,-1.79516,-1.82445,2.47611,-0.625139,0.241009,1.03849,-0.702711,-1.74265,2.76959,
-0.664447,0.796376,0.534806,-1.79658,-1.79792,2.407,-0.645164,0.260071,1.04215,-0.726172,-1.74762,2.76873,
-0.674156,0.808551,0.566626,-1.73432,-1.86665,2.56953,-0.625151,0.297188,1.07534,-0.742841,-1.84205,2.7226,
-0.683864,0.820726,0.598446,-1.67205,-1.93538,2.73206,-0.610483,0.314777,1.09081,-0.77768,-1.89584,2.69455,
-0.693573,0.832902,0.630266,-1.60979,-2.0041,2.89459,-0.596728,0.296097,1.0989,-0.815174,-1.90177,2.69361,
-0.703282,0.845077,0.662086,-1.54752,-2.07283,3.05712,-0.576698,0.233673,1.1051,-0.841804,-1.85869,2.72739,


