0 0.264091 -0.140898 -0 -1.69399 2.98452 0.0318262 0.256964 -0.125467 -0.00299456 -1.71539 2.89749 
0.0161093 0.152967 -0.0179668 0.00734434 -1.64302 2.90137 0.0520565 0.249155 -0.112494 -0.0101713 -1.66528 2.86648 
0.044086 0.0546083 0.081578 0.0304216 -1.58642 2.80589 0.0722868 0.241346 -0.0995215 -0.017348 -1.61516 2.83548 
0.084771 -0.0306899 0.160395 0.0704 -1.53 2.69679 0.0925171 0.233536 -0.0865487 -0.0245247 -1.56505 2.80448 
0.138052 -0.10179 0.219884 0.127588 -1.48014 2.57364 0.112747 0.225727 -0.0735759 -0.0317014 -1.51494 2.77347 
0.20243 -0.157363 0.260924 0.200691 -1.44343 2.43819 0.132978 0.217918 -0.0606031 -0.0388781 -1.46483 2.74247 
0.274792 -0.196486 0.284291 0.286179 -1.42534 2.29528 0.153208 0.210109 -0.0476304 -0.0460548 -1.41471 2.71146 
0.350666 -0.219126 0.290892 0.378585 -1.42856 2.15246 0.173438 0.2023 -0.0346576 -0.0532315 -1.3646 2.68045 
0.425012 -0.226381 0.281864 0.472046 -1.45196 2.01795 0.193669 0.194491 -0.0216848 -0.0604082 -1.31449 2.64945 
0.49325 -0.220356 0.258565 0.562189 -1.49107 1.89814 0.213899 0.186681 -0.00871205 -0.0675849 -1.26438 2.61844 
0.552046 -0.203755 0.222494 0.647035 -1.53983 1.79616 0.234129 0.178872 0.00426073 -0.0747616 -1.21426 2.58744 
0.599547 -0.179384 0.175166 0.726624 -1.59233 1.71211 0.25436 0.171063 0.0172335 -0.0819383 -1.16415 2.55644 
0.635148 -0.149753 0.117996 0.802107 -1.64392 1.64406 0.27459 0.163254 0.0302063 -0.089115 -1.11404 2.52543 
0.659049 -0.116833 0.0521891 0.874968 -1.69137 1.58918 0.29482 0.155445 0.043179 -0.0962917 -1.06393 2.49443 
0.671828 -0.0819753 -0.0213475 0.946613 -1.73278 1.54434 0.315051 0.147636 0.0561518 -0.103468 -1.01381 2.46342 
0.674131 -0.0459084 -0.102087 1.01823 -1.76719 1.50643 0.335281 0.139826 0.0691246 -0.110645 -0.963701 2.43242 
0.666479 -0.00875825 -0.189979 1.09081 -1.79435 1.47247 0.355511 0.132017 0.0820974 -0.117822 -0.913589 2.40141 
0.649176 0.0299589 -0.285596 1.16515 -1.81451 1.43952 0.375741 0.124208 0.0950701 -0.124998 -0.863476 2.3704 
0.622275 0.0714287 -0.390409 1.24195 -1.82834 1.40447 0.395972 0.116399 0.108043 -0.132175 -0.813363 2.3394 
0.585601 0.117819 -0.507382 1.32169 -1.83704 1.36377 0.416202 0.10859 0.121016 -0.139352 -0.763251 2.30839 
0.538805 0.173059 -0.642476 1.4045 -1.84253 1.31264 0.436432 0.100781 0.133988 -0.146529 -0.713138 2.27739 
0.481486 0.245498 -0.809644 1.4893 -1.848 1.24278 0.456663 0.0929714 0.146961 -0.153705 -0.663026 2.24639 
0.413366 0.364829 -1.06255 1.56879 -1.85973 1.12704 0.476893 0.0851622 0.159934 -0.160882 -0.612913 2.21538 
0.398448 0.365658 -1.03995 1.63798 -1.86281 1.1423 0.436631 0.0107033 0.276742 -0.277742 -0.653373 2.34117 
0.383529 0.366496 -1.01736 1.70717 -1.86588 1.15756 0.386938 -0.0536303 0.379727 -0.399222 -0.699878 2.46426 
0.36861 0.367333 -0.994761 1.77636 -1.86896 1.17281 0.327785 -0.107136 0.469351 -0.522347 -0.754923 2.5812 
0.353691 0.368171 -0.972165 1.84555 -1.87204 1.18807 0.2598 -0.148783 0.545652 -0.643627 -0.819863 2.68782 
0.338772 0.369008 -0.949569 1.91474 -1.87511 1.20333 0.18444 -0.177463 0.608443 -0.76001 -0.894452 2.78022 
0.323853 0.369845 -0.926973 1.98393 -1.87819 1.21859 0.104011 -0.192326 0.657496 -0.869649 -0.976626 2.85573 
0.308934 0.370683 -0.904377 2.05312 -1.88127 1.23384 0.0214807 -0.193112 0.692697 -0.972143 -1.06275 2.91341 
0.294015 0.37152 -0.881781 2.12231 -1.88435 1.2491 -0.0599386 -0.180413 0.714183 -1.0682 -1.14829 2.95419 
0.279097 0.372357 -0.859184 2.1915 -1.88742 1.26436 -0.137286 -0.155718 0.722424 -1.15902 -1.22876 2.98052 
0.264178 0.373195 -0.836588 2.26069 -1.8905 1.27961 -0.208256 -0.121224 0.718239 -1.24565 -1.30053 2.9959 
0.249259 0.374032 -0.813992 2.32988 -1.89358 1.29487 -0.271386 -0.0794845 0.70274 -1.32868 -1.36138 3.00426 
0.23434 0.37487 -0.791396 2.39907 -1.89665 1.31013 -0.326022 -0.0330133 0.677219 -1.40827 -1.41056 3.00948 
0.219421 0.375707 -0.7688 2.46826 -1.89973 1.32539 -0.37215 0.0160067 0.643026 -1.48428 -1.44856 3.01493 
0.204502 0.376544 -0.746203 2.53745 -1.90281 1.34064 -0.410179 0.0658797 0.601457 -1.55655 -1.47668 3.02329 
0.189583 0.377382 -0.723607 2.60664 -1.90588 1.3559 -0.440754 0.115425 0.55367 -1.62499 -1.49666 3.03646 
0.174664 0.378219 -0.701011 2.67583 -1.90896 1.37116 -0.464621 0.163923 0.500638 -1.68972 -1.51037 3.05569 
0.174664 0.378219 -0.701011 2.67583 -1.90896 1.33627 -0.464621 0.163923 0.500638 -1.68972 -1.51037 3.0208 
0.174664 0.378219 -0.701011 2.67583 -1.90896 1.30138 -0.464621 0.163923 0.500638 -1.68972 -1.51037 2.98591 
0.174664 0.378219 -0.701011 2.67583 -1.90896 1.26649 -0.464621 0.163923 0.500638 -1.68972 -1.51037 2.95102 
0.174664 0.378219 -0.701011 2.67583 -1.90896 1.2316 -0.464621 0.163923 0.500638 -1.68972 -1.51037 2.91613 
0.174664 0.378219 -0.701011 2.67583 -1.90896 1.19672 -0.464621 0.163923 0.500638 -1.68972 -1.51037 2.88125 
0.174664 0.378219 -0.701011 2.67583 -1.90896 1.16183 -0.464621 0.163923 0.500638 -1.68972 -1.51037 2.84636 
0.174664 0.378219 -0.701011 2.67583 -1.90896 1.12694 -0.464621 0.163923 0.500638 -1.68972 -1.51037 2.81147 
0.174664 0.378219 -0.701011 2.67583 -1.90896 1.09205 -0.464621 0.163923 0.500638 -1.68972 -1.51037 2.77658 
0.174664 0.378219 -0.701011 2.67583 -1.90896 1.05716 -0.464621 0.163923 0.500638 -1.68972 -1.51037 2.74169 
0.174664 0.378219 -0.701011 2.67583 -1.90896 1.02227 -0.464621 0.163923 0.500638 -1.68972 -1.51037 2.7068 
0.174664 0.378219 -0.701011 2.67583 -1.90896 0.987382 -0.464621 0.163923 0.500638 -1.68972 -1.51037 2.67191 
0.174664 0.378219 -0.701011 2.67583 -1.90896 0.952493 -0.464621 0.163923 0.500638 -1.68972 -1.51037 2.63702 
0.174664 0.378219 -0.701011 2.67583 -1.90896 0.917604 -0.464621 0.163923 0.500638 -1.68972 -1.51037 2.60213 
0.174664 0.378219 -0.701011 2.67583 -1.90896 0.882716 -0.464621 0.163923 0.500638 -1.68972 -1.51037 2.56725 
0.174664 0.378219 -0.701011 2.67583 -1.90896 0.847827 -0.464621 0.163923 0.500638 -1.68972 -1.51037 2.53236 
0.174664 0.378219 -0.701011 2.67583 -1.90896 0.812938 -0.464621 0.163923 0.500638 -1.68972 -1.51037 2.49747 
0.174664 0.378219 -0.701011 2.67583 -1.90896 0.778049 -0.464621 0.163923 0.500638 -1.68972 -1.51037 2.46258 
0.174664 0.378219 -0.701011 2.67583 -1.90896 0.74316 -0.464621 0.163923 0.500638 -1.68972 -1.51037 2.42769 
0.174664 0.378219 -0.701011 2.67583 -1.90896 0.708271 -0.464621 0.163923 0.500638 -1.68972 -1.51037 2.3928 
0.174664 0.378219 -0.701011 2.67583 -1.90896 0.673382 -0.464621 0.163923 0.500638 -1.68972 -1.51037 2.35791 
0.174664 0.378219 -0.701011 2.67583 -1.90896 0.638493 -0.464621 0.163923 0.500638 -1.68972 -1.51037 2.32302 
0.174664 0.378219 -0.701011 2.67583 -1.90896 0.603604 -0.464621 0.163923 0.500638 -1.68972 -1.51037 2.28813 
0.174664 0.378219 -0.701011 2.67583 -1.90896 0.568716 -0.464621 0.163923 0.500638 -1.68972 -1.51037 2.25325 
0.174664 0.378219 -0.701011 2.67583 -1.90896 0.533827 -0.464621 0.163923 0.500638 -1.68972 -1.51037 2.21836 
0.174664 0.378219 -0.701011 2.67583 -1.90896 0.498938 -0.464621 0.163923 0.500638 -1.68972 -1.51037 2.18347 
0.174664 0.378219 -0.701011 2.67583 -1.90896 0.464049 -0.464621 0.163923 0.500638 -1.68972 -1.51037 2.14858 
0.174664 0.378219 -0.701011 2.67583 -1.90896 0.42916 -0.464621 0.163923 0.500638 -1.68972 -1.51037 2.11369 
0.174664 0.378219 -0.701011 2.67583 -1.90896 0.394271 -0.464621 0.163923 0.500638 -1.68972 -1.51037 2.0788 
0.174664 0.378219 -0.701011 2.67583 -1.90896 0.359382 -0.464621 0.163923 0.500638 -1.68972 -1.51037 2.04391 
0.174664 0.378219 -0.701011 2.67583 -1.90896 0.324493 -0.464621 0.163923 0.500638 -1.68972 -1.51037 2.00902 
0.174664 0.378219 -0.701011 2.67583 -1.90896 0.289604 -0.464621 0.163923 0.500638 -1.68972 -1.51037 1.97413 
0.174664 0.378219 -0.701011 2.67583 -1.90896 0.254716 -0.464621 0.163923 0.500638 -1.68972 -1.51037 1.93925 
0.174664 0.378219 -0.701011 2.67583 -1.90896 0.219827 -0.464621 0.163923 0.500638 -1.68972 -1.51037 1.90436 
0.174664 0.378219 -0.701011 2.67583 -1.90896 0.184938 -0.464621 0.163923 0.500638 -1.68972 -1.51037 1.86947 
0.174664 0.378219 -0.701011 2.67583 -1.90896 0.150049 -0.464621 0.163923 0.500638 -1.68972 -1.51037 1.83458 
0.174664 0.378219 -0.701011 2.67583 -1.90896 0.11516 -0.464621 0.163923 0.500638 -1.68972 -1.51037 1.79969 
0.174664 0.378219 -0.701011 2.67583 -1.90896 0.0802711 -0.464621 0.163923 0.500638 -1.68972 -1.51037 1.7648 
0.174664 0.378219 -0.701011 2.67583 -1.90896 0.0453822 -0.464621 0.163923 0.500638 -1.68972 -1.51037 1.72991 
0.174664 0.378219 -0.701011 2.67583 -1.90896 0.0104933 -0.464621 0.163923 0.500638 -1.68972 -1.51037 1.69502 
0.174664 0.378219 -0.701011 2.67583 -1.90896 -0.0243956 -0.464621 0.163923 0.500638 -1.68972 -1.51037 1.66013 
0.174664 0.378219 -0.701011 2.67583 -1.90896 -0.0592844 -0.464621 0.163923 0.500638 -1.68972 -1.51037 1.62525 
0.174664 0.378219 -0.701011 2.67583 -1.90896 -0.0941733 -0.464621 0.163923 0.500638 -1.68972 -1.51037 1.59036 
0.174664 0.378219 -0.701011 2.67583 -1.90896 -0.129062 -0.464621 0.163923 0.500638 -1.68972 -1.51037 1.55547 
0.174664 0.378219 -0.701011 2.67583 -1.90896 -0.163951 -0.464621 0.163923 0.500638 -1.68972 -1.51037 1.52058 
0.174664 0.378219 -0.701011 2.67583 -1.90896 -0.19884 -0.464621 0.163923 0.500638 -1.68972 -1.51037 1.48569 
0.174664 0.378219 -0.701011 2.67583 -1.90896 -0.233729 -0.464621 0.163923 0.500638 -1.68972 -1.51037 1.4508 
0.174664 0.378219 -0.701011 2.67583 -1.90896 -0.268618 -0.464621 0.163923 0.500638 -1.68972 -1.51037 1.41591 
0.174664 0.378219 -0.701011 2.67583 -1.90896 -0.303507 -0.464621 0.163923 0.500638 -1.68972 -1.51037 1.38102 
0.174664 0.378219 -0.701011 2.67583 -1.90896 -0.338396 -0.464621 0.163923 0.500638 -1.68972 -1.51037 1.34613 
0.174664 0.378219 -0.701011 2.67583 -1.90896 -0.373284 -0.464621 0.163923 0.500638 -1.68972 -1.51037 1.31125 
0.174664 0.378219 -0.701011 2.67583 -1.90896 -0.408173 -0.464621 0.163923 0.500638 -1.68972 -1.51037 1.27636 
0.174664 0.378219 -0.701011 2.67583 -1.90896 -0.443062 -0.464621 0.163923 0.500638 -1.68972 -1.51037 1.24147 
0.174664 0.378219 -0.701011 2.67583 -1.90896 -0.477951 -0.464621 0.163923 0.500638 -1.68972 -1.51037 1.20658 
0.174664 0.378219 -0.701011 2.67583 -1.90896 -0.51284 -0.464621 0.163923 0.500638 -1.68972 -1.51037 1.17169 
0.174664 0.378219 -0.701011 2.67583 -1.90896 -0.547729 -0.464621 0.163923 0.500638 -1.68972 -1.51037 1.1368 
0.174664 0.378219 -0.701011 2.67583 -1.90896 -0.582618 -0.464621 0.163923 0.500638 -1.68972 -1.51037 1.10191 
0.174664 0.378219 -0.701011 2.67583 -1.90896 -0.617507 -0.464621 0.163923 0.500638 -1.68972 -1.51037 1.06702 
0.174664 0.378219 -0.701011 2.67583 -1.90896 -0.652396 -0.464621 0.163923 0.500638 -1.68972 -1.51037 1.03213 
0.174664 0.378219 -0.701011 2.67583 -1.90896 -0.687284 -0.464621 0.163923 0.500638 -1.68972 -1.51037 0.997246 
0.174664 0.378219 -0.701011 2.67583 -1.90896 -0.722173 -0.464621 0.163923 0.500638 -1.68972 -1.51037 0.962357 
0.174664 0.378219 -0.701011 2.67583 -1.90896 -0.757062 -0.464621 0.163923 0.500638 -1.68972 -1.51037 0.927468 
0.174664 0.378219 -0.701011 2.67583 -1.90896 -0.791951 -0.464621 0.163923 0.500638 -1.68972 -1.51037 0.892579 
0.174664 0.378219 -0.701011 2.67583 -1.90896 -0.82684 -0.464621 0.163923 0.500638 -1.68972 -1.51037 0.85769 
0.174664 0.378219 -0.701011 2.67583 -1.90896 -0.861729 -0.464621 0.163923 0.500638 -1.68972 -1.51037 0.822801 
0.174664 0.378219 -0.701011 2.67583 -1.90896 -0.896618 -0.464621 0.163923 0.500638 -1.68972 -1.51037 0.787912 
0.174664 0.378219 -0.701011 2.67583 -1.90896 -0.931507 -0.464621 0.163923 0.500638 -1.68972 -1.51037 0.753023 
0.174664 0.378219 -0.701011 2.67583 -1.90896 -0.966396 -0.464621 0.163923 0.500638 -1.68972 -1.51037 0.718134 
0.174664 0.378219 -0.701011 2.67583 -1.90896 -1.00128 -0.464621 0.163923 0.500638 -1.68972 -1.51037 0.683246 
0.174664 0.378219 -0.701011 2.67583 -1.90896 -1.03617 -0.464621 0.163923 0.500638 -1.68972 -1.51037 0.648357 
0.174664 0.378219 -0.701011 2.67583 -1.90896 -1.07106 -0.464621 0.163923 0.500638 -1.68972 -1.51037 0.613468 
0.174664 0.378219 -0.701011 2.67583 -1.90896 -1.10595 -0.464621 0.163923 0.500638 -1.68972 -1.51037 0.578579 
0.174664 0.378219 -0.701011 2.67583 -1.90896 -1.14084 -0.464621 0.163923 0.500638 -1.68972 -1.51037 0.54369 
0.174664 0.378219 -0.701011 2.67583 -1.90896 -1.17573 -0.464621 0.163923 0.500638 -1.68972 -1.51037 0.508801 
0.174664 0.378219 -0.701011 2.67583 -1.90896 -1.21062 -0.464621 0.163923 0.500638 -1.68972 -1.51037 0.473912 
0.174664 0.378219 -0.701011 2.67583 -1.90896 -1.24551 -0.464621 0.163923 0.500638 -1.68972 -1.51037 0.439023 
0.174664 0.378219 -0.701011 2.67583 -1.90896 -1.2804 -0.464621 0.163923 0.500638 -1.68972 -1.51037 0.404134 
0.174664 0.378219 -0.701011 2.67583 -1.90896 -1.31528 -0.464621 0.163923 0.500638 -1.68972 -1.51037 0.369246 
0.174664 0.378219 -0.701011 2.67583 -1.90896 -1.35017 -0.464621 0.163923 0.500638 -1.68972 -1.51037 0.334357 
0.174664 0.378219 -0.701011 2.67583 -1.90896 -1.38506 -0.464621 0.163923 0.500638 -1.68972 -1.51037 0.299468 
0.174664 0.378219 -0.701011 2.67583 -1.90896 -1.41995 -0.464621 0.163923 0.500638 -1.68972 -1.51037 0.264579 
0.174664 0.378219 -0.701011 2.67583 -1.90896 -1.45484 -0.464621 0.163923 0.500638 -1.68972 -1.51037 0.22969 
0.174664 0.378219 -0.701011 2.67583 -1.90896 -1.48973 -0.464621 0.163923 0.500638 -1.68972 -1.51037 0.194801 
0.174664 0.378219 -0.701011 2.67583 -1.90896 -1.52462 -0.464621 0.163923 0.500638 -1.68972 -1.51037 0.159912 
0.174664 0.378219 -0.701011 2.67583 -1.90896 -1.55951 -0.464621 0.163923 0.500638 -1.68972 -1.51037 0.125023 
0.174664 0.378219 -0.701011 2.67583 -1.90896 -1.5944 -0.464621 0.163923 0.500638 -1.68972 -1.51037 0.0901344 
0.174664 0.378219 -0.701011 2.67583 -1.90896 -1.62928 -0.464621 0.163923 0.500638 -1.68972 -1.51037 0.0552456 
0.174664 0.378219 -0.701011 2.67583 -1.90896 -1.66417 -0.464621 0.163923 0.500638 -1.68972 -1.51037 0.0203567 
0.174664 0.378219 -0.701011 2.67583 -1.90896 -1.69906 -0.464621 0.163923 0.500638 -1.68972 -1.51037 -0.0145322 
0.174664 0.378219 -0.701011 2.67583 -1.90896 -1.73395 -0.464621 0.163923 0.500638 -1.68972 -1.51037 -0.0494211 
0.174664 0.378219 -0.701011 2.67583 -1.90896 -1.76884 -0.464621 0.163923 0.500638 -1.68972 -1.51037 -0.08431 
0.174664 0.378219 -0.701011 2.67583 -1.90896 -1.80373 -0.464621 0.163923 0.500638 -1.68972 -1.51037 -0.119199 
0.174664 0.378219 -0.701011 2.67583 -1.90896 -1.83862 -0.464621 0.163923 0.500638 -1.68972 -1.51037 -0.154088 
0.174664 0.378219 -0.701011 2.67583 -1.90896 -1.87351 -0.464621 0.163923 0.500638 -1.68972 -1.51037 -0.188977 
0.174664 0.378219 -0.701011 2.67583 -1.90896 -1.9084 -0.464621 0.163923 0.500638 -1.68972 -1.51037 -0.223866 
0.174664 0.378219 -0.701011 2.67583 -1.90896 -1.94328 -0.464621 0.163923 0.500638 -1.68972 -1.51037 -0.258754 
0.174664 0.378219 -0.701011 2.67583 -1.90896 -1.97817 -0.464621 0.163923 0.500638 -1.68972 -1.51037 -0.293643 
0.174664 0.378219 -0.701011 2.67583 -1.90896 -2.01306 -0.464621 0.163923 0.500638 -1.68972 -1.51037 -0.328532 
0.174664 0.378219 -0.701011 2.67583 -1.90896 -2.04795 -0.464621 0.163923 0.500638 -1.68972 -1.51037 -0.363421 
0.174664 0.378219 -0.701011 2.67583 -1.90896 -2.08284 -0.464621 0.163923 0.500638 -1.68972 -1.51037 -0.39831 
0.174664 0.378219 -0.701011 2.67583 -1.90896 -2.11773 -0.464621 0.163923 0.500638 -1.68972 -1.51037 -0.433199 
0.174664 0.378219 -0.701011 2.67583 -1.90896 -2.15262 -0.464621 0.163923 0.500638 -1.68972 -1.51037 -0.468088 
0.174664 0.378219 -0.701011 2.67583 -1.90896 -2.18751 -0.464621 0.163923 0.500638 -1.68972 -1.51037 -0.502977 
0.174664 0.378219 -0.701011 2.67583 -1.90896 -2.2224 -0.464621 0.163923 0.500638 -1.68972 -1.51037 -0.537866 
0.174664 0.378219 -0.701011 2.67583 -1.90896 -2.25728 -0.464621 0.163923 0.500638 -1.68972 -1.51037 -0.572754 
0.174664 0.378219 -0.701011 2.67583 -1.90896 -2.29217 -0.464621 0.163923 0.500638 -1.68972 -1.51037 -0.607643 
0.174664 0.378219 -0.701011 2.67583 -1.90896 -2.32706 -0.464621 0.163923 0.500638 -1.68972 -1.51037 -0.642532 
0.174664 0.378219 -0.701011 2.67583 -1.90896 -2.36195 -0.464621 0.163923 0.500638 -1.68972 -1.51037 -0.677421 
0.174664 0.378219 -0.701011 2.67583 -1.90896 -2.39684 -0.464621 0.163923 0.500638 -1.68972 -1.51037 -0.71231 
0.174664 0.378219 -0.701011 2.67583 -1.90896 -2.43173 -0.464621 0.163923 0.500638 -1.68972 -1.51037 -0.747199 
0.174664 0.378219 -0.701011 2.67583 -1.90896 -2.46662 -0.464621 0.163923 0.500638 -1.68972 -1.51037 -0.782088 
0.174664 0.378219 -0.701011 2.67583 -1.90896 -2.50151 -0.464621 0.163923 0.500638 -1.68972 -1.51037 -0.816977 
0.174664 0.378219 -0.701011 2.67583 -1.90896 -2.5364 -0.464621 0.163923 0.500638 -1.68972 -1.51037 -0.851866 
0.174664 0.378219 -0.701011 2.67583 -1.90896 -2.57128 -0.464621 0.163923 0.500638 -1.68972 -1.51037 -0.886754 
0.174664 0.378219 -0.701011 2.67583 -1.90896 -2.60617 -0.464621 0.163923 0.500638 -1.68972 -1.51037 -0.921643 
0.174664 0.378219 -0.701011 2.67583 -1.90896 -2.64106 -0.464621 0.163923 0.500638 -1.68972 -1.51037 -0.956532 
0.174664 0.378219 -0.701011 2.67583 -1.90896 -2.67595 -0.464621 0.163923 0.500638 -1.68972 -1.51037 -0.991421 
0.174664 0.378219 -0.701011 2.67583 -1.90896 -2.71084 -0.464621 0.163923 0.500638 -1.68972 -1.51037 -1.02631 
0.174664 0.378219 -0.701011 2.67583 -1.90896 -2.74573 -0.464621 0.163923 0.500638 -1.68972 -1.51037 -1.0612 
0.174664 0.378219 -0.701011 2.67583 -1.90896 -2.78062 -0.464621 0.163923 0.500638 -1.68972 -1.51037 -1.09609 
0.174664 0.378219 -0.701011 2.67583 -1.90896 -2.81551 -0.464621 0.163923 0.500638 -1.68972 -1.51037 -1.13098 
0.174664 0.378219 -0.701011 2.67583 -1.90896 -2.8504 -0.464621 0.163923 0.500638 -1.68972 -1.51037 -1.16587 
0.174664 0.378219 -0.701011 2.67583 -1.90896 -2.88528 -0.464621 0.163923 0.500638 -1.68972 -1.51037 -1.20075 
0.174664 0.378219 -0.701011 2.67583 -1.90896 -2.92017 -0.464621 0.163923 0.500638 -1.68972 -1.51037 -1.23564 
0.174664 0.378219 -0.701011 2.67583 -1.90896 -2.95506 -0.464621 0.163923 0.500638 -1.68972 -1.51037 -1.27053 
0.174664 0.378219 -0.701011 2.67583 -1.90896 -2.98995 -0.464621 0.163923 0.500638 -1.68972 -1.51037 -1.30542 
0.174664 0.378219 -0.701011 2.67583 -1.90896 -3.02484 -0.464621 0.163923 0.500638 -1.68972 -1.51037 -1.34031 
0.174664 0.378219 -0.701011 2.67583 -1.90896 -3.05973 -0.464621 0.163923 0.500638 -1.68972 -1.51037 -1.3752 
0.174664 0.378219 -0.701011 2.67583 -1.90896 -3.09462 -0.464621 0.163923 0.500638 -1.68972 -1.51037 -1.41009 
0.174664 0.378219 -0.701011 2.67583 -1.90896 -3.12951 -0.464621 0.163923 0.500638 -1.68972 -1.51037 -1.44498 
0.174664 0.378219 -0.701011 2.67583 -1.90896 -3.1644 -0.464621 0.163923 0.500638 -1.68972 -1.51037 -1.47987 
0.174664 0.378219 -0.701011 2.67583 -1.90896 -3.19928 -0.464621 0.163923 0.500638 -1.68972 -1.51037 -1.51475 
0.174664 0.378219 -0.701011 2.67583 -1.90896 -3.23417 -0.464621 0.163923 0.500638 -1.68972 -1.51037 -1.54964 
0.174664 0.378219 -0.701011 2.67583 -1.90896 -3.26906 -0.464621 0.163923 0.500638 -1.68972 -1.51037 -1.58453 
0.174664 0.378219 -0.701011 2.67583 -1.90896 -3.30395 -0.464621 0.163923 0.500638 -1.68972 -1.51037 -1.61942 
0.174664 0.378219 -0.701011 2.67583 -1.90896 -3.33884 -0.464621 0.163923 0.500638 -1.68972 -1.51037 -1.65431 
0.174664 0.378219 -0.701011 2.67583 -1.90896 -3.37373 -0.464621 0.163923 0.500638 -1.68972 -1.51037 -1.6892 
0.174664 0.378219 -0.701011 2.67583 -1.90896 -3.40862 -0.464621 0.163923 0.500638 -1.68972 -1.51037 -1.72409 
0.174664 0.378219 -0.701011 2.67583 -1.90896 -3.44351 -0.464621 0.163923 0.500638 -1.68972 -1.51037 -1.75898 
0.174664 0.378219 -0.701011 2.67583 -1.90896 -3.4784 -0.464621 0.163923 0.500638 -1.68972 -1.51037 -1.79387 
0.174664 0.378219 -0.701011 2.67583 -1.90896 -3.51328 -0.464621 0.163923 0.500638 -1.68972 -1.51037 -1.82875 
0.174664 0.378219 -0.701011 2.67583 -1.90896 -3.54817 -0.464621 0.163923 0.500638 -1.68972 -1.51037 -1.86364 
0.174664 0.378219 -0.701011 2.67583 -1.90896 -3.58306 -0.464621 0.163923 0.500638 -1.68972 -1.51037 -1.89853 
0.174664 0.378219 -0.701011 2.67583 -1.90896 -3.61795 -0.464621 0.163923 0.500638 -1.68972 -1.51037 -1.93342 
0.174664 0.378219 -0.701011 2.67583 -1.90896 -3.65284 -0.464621 0.163923 0.500638 -1.68972 -1.51037 -1.96831 
0.174664 0.378219 -0.701011 2.67583 -1.90896 -3.68773 -0.464621 0.163923 0.500638 -1.68972 -1.51037 -2.0032 
0.174664 0.378219 -0.701011 2.67583 -1.90896 -3.72262 -0.464621 0.163923 0.500638 -1.68972 -1.51037 -2.03809 
0.174664 0.378219 -0.701011 2.67583 -1.90896 -3.75751 -0.464621 0.163923 0.500638 -1.68972 -1.51037 -2.07298 
0.174664 0.378219 -0.701011 2.67583 -1.90896 -3.7924 -0.464621 0.163923 0.500638 -1.68972 -1.51037 -2.10787 
0.174664 0.378219 -0.701011 2.67583 -1.90896 -3.82728 -0.464621 0.163923 0.500638 -1.68972 -1.51037 -2.14275 
0.174664 0.378219 -0.701011 2.67583 -1.90896 -3.86217 -0.464621 0.163923 0.500638 -1.68972 -1.51037 -2.17764 
0.174664 0.378219 -0.701011 2.67583 -1.90896 -3.89706 -0.464621 0.163923 0.500638 -1.68972 -1.51037 -2.21253 
0.174664 0.378219 -0.701011 2.67583 -1.90896 -3.93195 -0.464621 0.163923 0.500638 -1.68972 -1.51037 -2.24742 
0.174664 0.378219 -0.701011 2.67583 -1.90896 -3.96684 -0.464621 0.163923 0.500638 -1.68972 -1.51037 -2.28231 
0.174664 0.378219 -0.701011 2.67583 -1.90896 -4.00173 -0.464621 0.163923 0.500638 -1.68972 -1.51037 -2.3172 
0.174664 0.378219 -0.701011 2.67583 -1.90896 -4.03662 -0.464621 0.163923 0.500638 -1.68972 -1.51037 -2.35209 
0.174664 0.378219 -0.701011 2.67583 -1.90896 -4.07151 -0.464621 0.163923 0.500638 -1.68972 -1.51037 -2.38698 
0.174664 0.378219 -0.701011 2.67583 -1.90896 -4.1064 -0.464621 0.163923 0.500638 -1.68972 -1.51037 -2.42187 
0.174664 0.378219 -0.701011 2.67583 -1.90896 -4.14128 -0.464621 0.163923 0.500638 -1.68972 -1.51037 -2.45675 
0.174664 0.378219 -0.701011 2.67583 -1.90896 -4.17617 -0.464621 0.163923 0.500638 -1.68972 -1.51037 -2.49164 
0.174664 0.378219 -0.701011 2.67583 -1.90896 -4.21106 -0.464621 0.163923 0.500638 -1.68972 -1.51037 -2.52653 
0.174664 0.378219 -0.701011 2.67583 -1.90896 -4.24595 -0.464621 0.163923 0.500638 -1.68972 -1.51037 -2.56142 
0.174664 0.378219 -0.701011 2.67583 -1.90896 -4.28084 -0.464621 0.163923 0.500638 -1.68972 -1.51037 -2.59631 
0.174664 0.378219 -0.701011 2.67583 -1.90896 -4.31573 -0.464621 0.163923 0.500638 -1.68972 -1.51037 -2.6312 
0.174664 0.378219 -0.701011 2.67583 -1.90896 -4.35062 -0.464621 0.163923 0.500638 -1.68972 -1.51037 -2.66609 
0.174664 0.378219 -0.701011 2.67583 -1.90896 -4.38551 -0.464621 0.163923 0.500638 -1.68972 -1.51037 -2.70098 
0.174664 0.378219 -0.701011 2.67583 -1.90896 -4.4204 -0.464621 0.163923 0.500638 -1.68972 -1.51037 -2.73587 
0.174664 0.378219 -0.701011 2.67583 -1.90896 -4.45528 -0.464621 0.163923 0.500638 -1.68972 -1.51037 -2.77075 
0.174664 0.378219 -0.701011 2.67583 -1.90896 -4.49017 -0.464621 0.163923 0.500638 -1.68972 -1.51037 -2.80564 
0.174664 0.378219 -0.701011 2.67583 -1.90896 -4.52506 -0.464621 0.163923 0.500638 -1.68972 -1.51037 -2.84053 
0.174664 0.378219 -0.701011 2.67583 -1.90896 -4.55995 -0.464621 0.163923 0.500638 -1.68972 -1.51037 -2.87542 
0.174664 0.378219 -0.701011 2.67583 -1.90896 -4.59484 -0.464621 0.163923 0.500638 -1.68972 -1.51037 -2.91031 
0.174664 0.378219 -0.701011 2.67583 -1.90896 -4.62973 -0.464621 0.163923 0.500638 -1.68972 -1.51037 -2.9452 
0.174664 0.378219 -0.701011 2.67583 -1.90896 -4.66462 -0.464621 0.163923 0.500638 -1.68972 -1.51037 -2.98009 
0.174664 0.378219 -0.701011 2.67583 -1.90896 -4.69951 -0.464621 0.163923 0.500638 -1.68972 -1.51037 -3.01498 
0.174664 0.378219 -0.701011 2.67583 -1.90896 -4.7344 -0.464621 0.163923 0.500638 -1.68972 -1.51037 -3.04987 
0.174664 0.378219 -0.701011 2.67583 -1.90896 -4.76928 -0.464621 0.163923 0.500638 -1.68972 -1.51037 -3.08475 
0.174664 0.378219 -0.701011 2.67583 -1.90896 -4.80417 -0.464621 0.163923 0.500638 -1.68972 -1.51037 -3.11964 
0.174664 0.378219 -0.701011 2.67583 -1.90896 -4.83906 -0.464621 0.163923 0.500638 -1.68972 -1.51037 -3.15453 
0.174664 0.378219 -0.701011 2.67583 -1.90896 -4.87395 -0.464621 0.163923 0.500638 -1.68972 -1.51037 -3.18942 
0.174664 0.378219 -0.701011 2.67583 -1.90896 -4.90884 -0.464621 0.163923 0.500638 -1.68972 -1.51037 -3.22431 
0.174664 0.378219 -0.701011 2.67583 -1.90896 -4.94373 -0.464621 0.163923 0.500638 -1.68972 -1.51037 -3.2592 
0.174664 0.378219 -0.701011 2.67583 -1.90896 -4.97862 -0.464621 0.163923 0.500638 -1.68972 -1.51037 -3.29409 
0.174664 0.378219 -0.701011 2.67583 -1.90896 -5.01351 -0.464621 0.163923 0.500638 -1.68972 -1.51037 -3.32898 
0.174664 0.378219 -0.701011 2.67583 -1.90896 -5.0484 -0.464621 0.163923 0.500638 -1.68972 -1.51037 -3.36387 
0.174664 0.378219 -0.701011 2.67583 -1.90896 -5.08328 -0.464621 0.163923 0.500638 -1.68972 -1.51037 -3.39875 
0.174664 0.378219 -0.701011 2.67583 -1.90896 -5.11817 -0.464621 0.163923 0.500638 -1.68972 -1.51037 -3.43364 
0.174664 0.378219 -0.701011 2.67583 -1.90896 -5.15306 -0.464621 0.163923 0.500638 -1.68972 -1.51037 -3.46853 
0.174664 0.378219 -0.701011 2.67583 -1.90896 -5.18795 -0.464621 0.163923 0.500638 -1.68972 -1.51037 -3.50342 
0.174664 0.378219 -0.701011 2.67583 -1.90896 -5.22284 -0.464621 0.163923 0.500638 -1.68972 -1.51037 -3.53831 
0.174664 0.378219 -0.701011 2.67583 -1.90896 -5.25773 -0.464621 0.163923 0.500638 -1.68972 -1.51037 -3.5732 
0.174664 0.378219 -0.701011 2.67583 -1.90896 -5.29262 -0.464621 0.163923 0.500638 -1.68972 -1.51037 -3.60809 
0.174664 0.378219 -0.701011 2.67583 -1.90896 -5.32751 -0.464621 0.163923 0.500638 -1.68972 -1.51037 -3.64298 
0.174664 0.378219 -0.701011 2.67583 -1.90896 -5.3624 -0.464621 0.163923 0.500638 -1.68972 -1.51037 -3.67787 
0.174664 0.378219 -0.701011 2.67583 -1.90896 -5.39728 -0.464621 0.163923 0.500638 -1.68972 -1.51037 -3.71275 
0.174664 0.378219 -0.701011 2.67583 -1.90896 -5.43217 -0.464621 0.163923 0.500638 -1.68972 -1.51037 -3.74764 
0.174664 0.378219 -0.701011 2.67583 -1.90896 -5.46706 -0.464621 0.163923 0.500638 -1.68972 -1.51037 -3.78253 
0.174664 0.378219 -0.701011 2.67583 -1.90896 -5.50195 -0.464621 0.163923 0.500638 -1.68972 -1.51037 -3.81742 
0.174664 0.378219 -0.701011 2.67583 -1.90896 -5.53684 -0.464621 0.163923 0.500638 -1.68972 -1.51037 -3.85231 
0.174664 0.378219 -0.701011 2.67583 -1.90896 -5.57173 -0.464621 0.163923 0.500638 -1.68972 -1.51037 -3.8872 
0.174664 0.378219 -0.701011 2.67583 -1.90896 -5.60662 -0.464621 0.163923 0.500638 -1.68972 -1.51037 -3.92209 
0.174664 0.378219 -0.701011 2.67583 -1.90896 -5.64151 -0.464621 0.163923 0.500638 -1.68972 -1.51037 -3.95698 
0.174664 0.378219 -0.701011 2.67583 -1.90896 -5.6764 -0.464621 0.163923 0.500638 -1.68972 -1.51037 -3.99187 
0.174664 0.378219 -0.701011 2.67583 -1.90896 -5.71128 -0.464621 0.163923 0.500638 -1.68972 -1.51037 -4.02675 
0.174664 0.378219 -0.701011 2.67583 -1.90896 -5.74617 -0.464621 0.163923 0.500638 -1.68972 -1.51037 -4.06164 
0.174664 0.378219 -0.701011 2.67583 -1.90896 -5.78106 -0.464621 0.163923 0.500638 -1.68972 -1.51037 -4.09653 
0.174664 0.378219 -0.701011 2.67583 -1.90896 -5.81595 -0.464621 0.163923 0.500638 -1.68972 -1.51037 -4.13142 
0.174664 0.378219 -0.701011 2.67583 -1.90896 -5.85084 -0.464621 0.163923 0.500638 -1.68972 -1.51037 -4.16631 
0.174664 0.378219 -0.701011 2.67583 -1.90896 -5.88573 -0.464621 0.163923 0.500638 -1.68972 -1.51037 -4.2012 
0.174664 0.378219 -0.701011 2.67583 -1.90896 -5.92062 -0.464621 0.163923 0.500638 -1.68972 -1.51037 -4.23609 
0.174664 0.378219 -0.701011 2.67583 -1.90896 -5.95551 -0.464621 0.163923 0.500638 -1.68972 -1.51037 -4.27098 
0.174664 0.378219 -0.701011 2.67583 -1.90896 -5.9904 -0.464621 0.163923 0.500638 -1.68972 -1.51037 -4.30587 
0.174664 0.378219 -0.701011 2.67583 -1.90896 -6.02528 -0.464621 0.163923 0.500638 -1.68972 -1.51037 -4.34075 
0.174664 0.378219 -0.701011 2.67583 -1.90896 -6.06017 -0.464621 0.163923 0.500638 -1.68972 -1.51037 -4.37564 
0.174664 0.378219 -0.701011 2.67583 -1.90896 -6.09506 -0.464621 0.163923 0.500638 -1.68972 -1.51037 -4.41053 
0.174664 0.378219 -0.701011 2.67583 -1.90896 -6.12995 -0.464621 0.163923 0.500638 -1.68972 -1.51037 -4.44542 
0.174664 0.378219 -0.701011 2.67583 -1.90896 -6.16484 -0.464621 0.163923 0.500638 -1.68972 -1.51037 -4.48031 
0.174664 0.378219 -0.701011 2.67583 -1.90896 -6.19973 -0.464621 0.163923 0.500638 -1.68972 -1.51037 -4.5152 
0.174664 0.378219 -0.701011 2.67583 -1.90896 -6.23462 -0.464621 0.163923 0.500638 -1.68972 -1.51037 -4.55009 
0.174664 0.378219 -0.701011 2.67583 -1.90896 -6.26951 -0.464621 0.163923 0.500638 -1.68972 -1.51037 -4.58498 
0.174664 0.378219 -0.701011 2.67583 -1.90896 -6.3044 -0.464621 0.163923 0.500638 -1.68972 -1.51037 -4.61987 
0.174664 0.378219 -0.701011 2.67583 -1.90896 -6.33928 -0.464621 0.163923 0.500638 -1.68972 -1.51037 -4.65475 
0.174664 0.378219 -0.701011 2.67583 -1.90896 -6.37417 -0.464621 0.163923 0.500638 -1.68972 -1.51037 -4.68964 
0.174664 0.378219 -0.701011 2.67583 -1.90896 -6.40906 -0.464621 0.163923 0.500638 -1.68972 -1.51037 -4.72453 
0.174664 0.378219 -0.701011 2.67583 -1.90896 -6.44395 -0.464621 0.163923 0.500638 -1.68972 -1.51037 -4.75942 
0.174664 0.378219 -0.701011 2.67583 -1.90896 -6.47884 -0.464621 0.163923 0.500638 -1.68972 -1.51037 -4.79431 
0.174664 0.378219 -0.701011 2.67583 -1.90896 -6.51373 -0.464621 0.163923 0.500638 -1.68972 -1.51037 -4.8292 
0.174664 0.378219 -0.701011 2.67583 -1.90896 -6.54862 -0.464621 0.163923 0.500638 -1.68972 -1.51037 -4.86409 
0.174664 0.378219 -0.701011 2.67583 -1.90896 -6.58351 -0.464621 0.163923 0.500638 -1.68972 -1.51037 -4.89898 
0.174664 0.378219 -0.701011 2.67583 -1.90896 -6.6184 -0.464621 0.163923 0.500638 -1.68972 -1.51037 -4.93387 
0.174664 0.378219 -0.701011 2.67583 -1.90896 -6.65328 -0.464621 0.163923 0.500638 -1.68972 -1.51037 -4.96875 
0.174664 0.378219 -0.701011 2.67583 -1.90896 -6.68817 -0.464621 0.163923 0.500638 -1.68972 -1.51037 -5.00364 
0.174664 0.378219 -0.701011 2.67583 -1.90896 -6.72306 -0.464621 0.163923 0.500638 -1.68972 -1.51037 -5.03853 
0.174664 0.378219 -0.701011 2.67583 -1.90896 -6.75795 -0.464621 0.163923 0.500638 -1.68972 -1.51037 -5.07342 
0.174664 0.378219 -0.701011 2.67583 -1.90896 -6.79284 -0.464621 0.163923 0.500638 -1.68972 -1.51037 -5.10831 
0.174664 0.378219 -0.701011 2.67583 -1.90896 -6.82773 -0.464621 0.163923 0.500638 -1.68972 -1.51037 -5.1432 
0.174664 0.378219 -0.701011 2.67583 -1.90896 -6.86262 -0.464621 0.163923 0.500638 -1.68972 -1.51037 -5.17809 
0.174664 0.378219 -0.701011 2.67583 -1.90896 -6.89751 -0.464621 0.163923 0.500638 -1.68972 -1.51037 -5.21298 
0.174664 0.378219 -0.701011 2.67583 -1.90896 -6.9324 -0.464621 0.163923 0.500638 -1.68972 -1.51037 -5.24787 
0.174664 0.378219 -0.701011 2.67583 -1.90896 -6.89751 -0.464621 0.163923 0.500638 -1.68972 -1.51037 -5.28275 
0.174664 0.378219 -0.701011 2.67583 -1.90896 -6.89751 -0.464621 0.163923 0.500638 -1.68972 -1.51037 -5.31764 
0.174664 0.378219 -0.701011 2.67583 -1.90896 -6.89751 -0.464621 0.163923 0.500638 -1.68972 -1.51037 -5.35253 
0.174664 0.378219 -0.701011 2.67583 -1.90896 -6.89751 -0.464621 0.163923 0.500638 -1.68972 -1.51037 -5.38742 
0.174664 0.378219 -0.701011 2.67583 -1.90896 -6.89751 -0.464621 0.163923 0.500638 -1.68972 -1.51037 -5.42231 
0.174664 0.378219 -0.701011 2.67583 -1.90896 -6.89751 -0.464621 0.163923 0.500638 -1.68972 -1.51037 -5.4572 
0.174664 0.378219 -0.701011 2.67583 -1.90896 -6.89751 -0.464621 0.163923 0.500638 -1.68972 -1.51037 -5.49209 
0.174664 0.378219 -0.701011 2.67583 -1.90896 -6.89751 -0.464621 0.163923 0.500638 -1.68972 -1.51037 -5.52698 
0.174664 0.378219 -0.701011 2.67583 -1.90896 -6.89751 -0.464621 0.163923 0.500638 -1.68972 -1.51037 -5.56187 
0.174664 0.378219 -0.701011 2.67583 -1.90896 -6.89751 -0.464621 0.163923 0.500638 -1.68972 -1.51037 -5.59675 
0.174664 0.378219 -0.701011 2.67583 -1.90896 -6.89751 -0.464621 0.163923 0.500638 -1.68972 -1.51037 -5.63164 
0.174664 0.378219 -0.701011 2.67583 -1.90896 -6.89751 -0.464621 0.163923 0.500638 -1.68972 -1.51037 -5.66653 
0.174664 0.378219 -0.701011 2.67583 -1.90896 -6.89751 -0.464621 0.163923 0.500638 -1.68972 -1.51037 -5.70142 
0.174664 0.378219 -0.701011 2.67583 -1.90896 -6.89751 -0.464621 0.163923 0.500638 -1.68972 -1.51037 -5.73631 
0.174664 0.378219 -0.701011 2.67583 -1.90896 -6.89751 -0.464621 0.163923 0.500638 -1.68972 -1.51037 -5.7712 
0.174664 0.378219 -0.701011 2.67583 -1.90896 -6.89751 -0.464621 0.163923 0.500638 -1.68972 -1.51037 -5.80609 
0.174664 0.378219 -0.701011 2.67583 -1.90896 -6.89751 -0.464621 0.163923 0.500638 -1.68972 -1.51037 -5.84098 
0.174664 0.378219 -0.701011 2.67583 -1.90896 -6.89751 -0.464621 0.163923 0.500638 -1.68972 -1.51037 -5.87587 
0.174664 0.378219 -0.701011 2.67583 -1.90896 -6.89751 -0.464621 0.163923 0.500638 -1.68972 -1.51037 -5.91075 
0.174664 0.378219 -0.701011 2.67583 -1.90896 -6.89751 -0.464621 0.163923 0.500638 -1.68972 -1.51037 -5.94564 
0.174664 0.378219 -0.701011 2.67583 -1.90896 -6.89751 -0.464621 0.163923 0.500638 -1.68972 -1.51037 -5.98053 
0.174664 0.378219 -0.701011 2.67583 -1.90896 -6.89751 -0.464621 0.163923 0.500638 -1.68972 -1.51037 -6.01542 
0.174664 0.378219 -0.701011 2.67583 -1.90896 -6.89751 -0.464621 0.163923 0.500638 -1.68972 -1.51037 -6.05031 
0.174664 0.378219 -0.701011 2.67583 -1.90896 -6.89751 -0.464621 0.163923 0.500638 -1.68972 -1.51037 -6.0852 
0.174664 0.378219 -0.701011 2.67583 -1.90896 -6.89751 -0.464621 0.163923 0.500638 -1.68972 -1.51037 -6.12009 
0.174664 0.378219 -0.701011 2.67583 -1.90896 -6.89751 -0.464621 0.163923 0.500638 -1.68972 -1.51037 -6.15498 
0.174664 0.378219 -0.701011 2.67583 -1.90896 -6.89751 -0.464621 0.163923 0.500638 -1.68972 -1.51037 -6.18987 
0.174664 0.378219 -0.701011 2.67583 -1.90896 -6.89751 -0.464621 0.163923 0.500638 -1.68972 -1.51037 -6.22475 
0.174664 0.378219 -0.701011 2.67583 -1.90896 -6.89751 -0.464621 0.163923 0.500638 -1.68972 -1.51037 -6.25964 
0.174664 0.378219 -0.701011 2.67583 -1.90896 -6.89751 -0.464621 0.163923 0.500638 -1.68972 -1.51037 -6.29453 
0.174664 0.378219 -0.701011 2.67583 -1.90896 -6.89751 -0.464621 0.163923 0.500638 -1.68972 -1.51037 -6.32942 
0.174664 0.378219 -0.701011 2.67583 -1.90896 -6.89751 -0.464621 0.163923 0.500638 -1.68972 -1.51037 -6.36431 
0.174664 0.378219 -0.701011 2.67583 -1.90896 -6.89751 -0.464621 0.163923 0.500638 -1.68972 -1.51037 -6.3992 
0.174664 0.378219 -0.701011 2.67583 -1.90896 -6.89751 -0.464621 0.163923 0.500638 -1.68972 -1.51037 -6.43409 
0.174664 0.378219 -0.701011 2.67583 -1.90896 -6.89751 -0.464621 0.163923 0.500638 -1.68972 -1.51037 -6.46898 
0.174664 0.378219 -0.701011 2.67583 -1.90896 -6.89751 -0.464621 0.163923 0.500638 -1.68972 -1.51037 -6.50387 
0.174664 0.378219 -0.701011 2.67583 -1.90896 -6.89751 -0.464621 0.163923 0.500638 -1.68972 -1.51037 -6.53875 
0.174664 0.378219 -0.701011 2.67583 -1.90896 -6.89751 -0.464621 0.163923 0.500638 -1.68972 -1.51037 -6.57364 
0.174664 0.378219 -0.701011 2.67583 -1.90896 -6.89751 -0.464621 0.163923 0.500638 -1.68972 -1.51037 -6.60853 
0.174664 0.378219 -0.701011 2.67583 -1.90896 -6.89751 -0.464621 0.163923 0.500638 -1.68972 -1.51037 -6.64342 
0.174664 0.378219 -0.701011 2.67583 -1.90896 -6.89751 -0.464621 0.163923 0.500638 -1.68972 -1.51037 -6.67831 
0.174664 0.378219 -0.701011 2.67583 -1.90896 -6.89751 -0.464621 0.163923 0.500638 -1.68972 -1.51037 -6.7132 
0.174664 0.378219 -0.701011 2.67583 -1.90896 -6.89751 -0.464621 0.163923 0.500638 -1.68972 -1.51037 -6.74809 
0.174664 0.378219 -0.701011 2.67583 -1.90896 -6.89751 -0.464621 0.163923 0.500638 -1.68972 -1.51037 -6.78298 
0.174664 0.378219 -0.701011 2.67583 -1.90896 -6.89751 -0.464621 0.163923 0.500638 -1.68972 -1.51037 -6.81787 
0.174664 0.378219 -0.701011 2.67583 -1.90896 -6.89751 -0.464621 0.163923 0.500638 -1.68972 -1.51037 -6.85275 
0.174664 0.378219 -0.701011 2.67583 -1.90896 -6.89751 -0.464621 0.163923 0.500638 -1.68972 -1.51037 -6.88764 
0.174664 0.378219 -0.701011 2.67583 -1.90896 -6.89751 -0.464621 0.163923 0.500638 -1.68972 -1.51037 -6.92253 

