0 0.264091 -0.140898 -0 -1.69399 2.98452 0.0318262 0.256964 -0.125467 -0.00299456 -1.71539 2.89749 
0.00741638 0.218925 -0.123125 0.00830094 -1.62181 2.93019 0.0152566 0.263081 -0.132383 -0.0362609 -1.71948 2.86785 
0.014809 0.177905 -0.112792 0.0165086 -1.54733 2.87465 -0.001313 0.269199 -0.139299 -0.0695272 -1.72358 2.83821 
0.0221369 0.141147 -0.109488 0.0245619 -1.47105 2.81783 -0.0178826 0.275316 -0.146214 -0.102794 -1.72767 2.80857 
0.0293722 0.10876 -0.112837 0.0324083 -1.39347 2.75966 -0.0344522 0.281433 -0.15313 -0.13606 -1.73176 2.77893 
0.0364997 0.0808337 -0.122467 0.0399977 -1.31502 2.70013 -0.0510218 0.287551 -0.160046 -0.169326 -1.73585 2.74929 
0.0435197 0.0574194 -0.138 0.0472769 -1.23611 2.63921 -0.0675914 0.293668 -0.166962 -0.202592 -1.73995 2.71965 
0.0504498 0.0385264 -0.159052 0.0541857 -1.15711 2.57691 -0.084161 0.299786 -0.173878 -0.235859 -1.74404 2.69001 
0.0573262 0.024117 -0.185224 0.0606521 -1.07835 2.51326 -0.100731 0.305903 -0.180793 -0.269125 -1.74813 2.66037 
0.0642045 0.0141044 -0.216102 0.0665883 -1.00013 2.4483 -0.1173 0.31202 -0.187709 -0.302391 -1.75222 2.63073 
0.0711586 0.00835217 -0.251252 0.0718861 -0.922724 2.38209 -0.13387 0.318138 -0.194625 -0.335658 -1.75632 2.60109 
0.078279 0.00667405 -0.290212 0.0764099 -0.846373 2.31473 -0.150439 0.324255 -0.201541 -0.368924 -1.76041 2.57145 
0.0856691 0.00883337 -0.332486 0.0799858 -0.771307 2.24635 -0.167009 0.330372 -0.208457 -0.40219 -1.7645 2.54181 
0.09344 0.014541 -0.377529 0.0823848 -0.697749 2.17716 -0.183579 0.33649 -0.215373 -0.435457 -1.76859 2.51217 
0.101704 0.0234511 -0.424732 0.0832942 -0.625931 2.10745 -0.200148 0.342607 -0.222288 -0.468723 -1.77269 2.48253 
0.110567 0.035154 -0.473402 0.0822692 -0.556103 2.03764 -0.216718 0.348724 -0.229204 -0.501989 -1.77678 2.45289 
0.12012 0.0491653 -0.52273 0.0786527 -0.488558 1.96842 -0.233287 0.354842 -0.23612 -0.535256 -1.78087 2.42325 
0.130432 0.0649111 -0.57176 0.0714366 -0.423651 1.90081 -0.249857 0.360959 -0.243036 -0.568522 -1.78496 2.39361 
0.141543 0.0817097 -0.619347 0.0590238 -0.361826 1.83647 -0.266427 0.367076 -0.249952 -0.601788 -1.78906 2.36397 
0.153455 0.0987542 -0.66412 0.0388141 -0.303658 1.77807 -0.282996 0.373194 -0.256867 -0.635055 -1.79315 2.33433 
0.166135 0.115102 -0.704458 0.00649575 -0.249888 1.73001 -0.299566 0.379311 -0.263783 -0.668321 -1.79724 2.30469 
0.179509 0.129689 -0.738514 -0.0450987 -0.201479 1.69959 -0.316135 0.385429 -0.270699 -0.701587 -1.80133 2.27506 
0.193468 0.141389 -0.764325 -0.12746 -0.159671 1.69839 -0.332705 0.391546 -0.277615 -0.734854 -1.80543 2.24542 
0.207868 0.149139 -0.780041 -0.256602 -0.126036 1.74255 -0.349275 0.397663 -0.284531 -0.76812 -1.80952 2.21578 
0.222542 0.152119 -0.784269 -0.445629 -0.102391 1.84529 -0.365844 0.403781 -0.291446 -0.801386 -1.81361 2.18614 
0.237303 0.149933 -0.7764 -0.681072 -0.0900784 1.99326 -0.382414 0.409898 -0.298362 -0.834653 -1.81771 2.1565 
0.251957 0.142688 -0.756762 -0.908057 -0.0884378 2.1317 -0.398983 0.416015 -0.305278 -0.867919 -1.8218 2.12686 
0.266309 0.13093 -0.726497 -1.07403 -0.0945426 2.20819 -0.415553 0.422133 -0.312194 -0.901185 -1.82589 2.09722 
0.280172 0.115479 -0.687247 -1.16992 -0.105231 2.21378 -0.432123 0.42825 -0.31911 -0.934452 -1.82998 2.06758 
0.293377 0.097248 -0.640819 -1.21279 -0.118516 2.1657 -0.448692 0.434367 -0.326025 -0.967718 -1.83408 2.03794 
0.305777 0.0771174 -0.588937 -1.22204 -0.133447 2.08345 -0.465262 0.440485 -0.332941 -1.00098 -1.83817 2.0083 
0.317252 0.0558669 -0.533121 -1.21183 -0.149602 1.98134 -0.481831 0.446602 -0.339857 -1.03425 -1.84226 1.97866 
0.327711 0.0341601 -0.474649 -1.19122 -0.166755 1.86855 -0.498401 0.452719 -0.346773 -1.06752 -1.84635 1.94902 
0.337099 0.0125512 -0.414575 -1.16562 -0.184738 1.75056 -0.514971 0.458837 -0.353689 -1.10078 -1.85045 1.91938 
0.345389 -0.00849757 -0.353754 -1.13806 -0.20339 1.6305 -0.53154 0.464954 -0.360605 -1.13405 -1.85454 1.88974 
0.352588 -0.0285977 -0.29288 -1.11012 -0.222542 1.51001 -0.54811 0.471072 -0.36752 -1.16732 -1.85863 1.8601 
0.358731 -0.0474177 -0.232514 -1.08248 -0.24203 1.38985 -0.564679 0.477189 -0.374436 -1.20058 -1.86272 1.83046 
0.363879 -0.0646698 -0.173115 -1.05529 -0.261694 1.27021 -0.581249 0.483306 -0.381352 -1.23385 -1.86682 1.80082 
0.368116 -0.0800991 -0.115059 -1.02844 -0.281391 1.15104 -0.597819 0.489424 -0.388268 -1.26711 -1.87091 1.77118 
0.371542 -0.0934763 -0.0586564 -1.00163 -0.300999 1.03209 -0.614388 0.495541 -0.395184 -1.30038 -1.875 1.74154 
0.374271 -0.104591 -0.00416681 -0.974515 -0.320423 0.913061 -0.630958 0.501658 -0.402099 -1.33365 -1.87909 1.7119 
0.376426 -0.113249 0.0481887 -0.94672 -0.339599 0.793644 -0.647527 0.507776 -0.409015 -1.36691 -1.88319 1.68226 
0.378132 -0.119267 0.0982179 -0.917891 -0.358497 0.673549 -0.664097 0.513893 -0.415931 -1.40018 -1.88728 1.65262 
0.384472 -0.0996095 0.0497834 -1.1159 -0.322148 0.869223 -0.674737 0.562598 -0.447293 -1.40175 -1.92838 1.62542 
0.390821 -0.079954 0.0013577 -1.31386 -0.285794 1.06485 -0.673398 0.579764 -0.446351 -1.41124 -1.93761 1.59126 
0.39717 -0.0602986 -0.047068 -1.51182 -0.24944 1.26047 -0.66462 0.570319 -0.425108 -1.42705 -1.92015 1.56199 
0.40352 -0.0406431 -0.0954937 -1.70978 -0.213086 1.45609 -0.651778 0.542253 -0.399604 -1.44759 -1.88144 1.55042 
0.389656 -0.0292477 -0.0953326 -1.69896 -0.229631 1.46601 -0.664868 0.553803 -0.375748 -1.47799 -1.92161 1.53944 
0.375791 -0.0178524 -0.0951714 -1.68814 -0.246177 1.47593 -0.677274 0.569288 -0.35966 -1.51276 -1.95756 1.52842 
0.361927 -0.00645699 -0.0950103 -1.67733 -0.262722 1.48586 -0.688952 0.588131 -0.350677 -1.5512 -1.989 1.5173 
0.348063 0.00493838 -0.0948492 -1.66651 -0.279268 1.49578 -0.699869 0.609803 -0.348214 -1.59254 -2.01578 1.50623 
0.334199 0.0163337 -0.094688 -1.65569 -0.295813 1.5057 -0.710005 0.633816 -0.351734 -1.63598 -2.03786 1.49547 
0.320334 0.0277291 -0.0945269 -1.64487 -0.312359 1.51562 -0.719354 0.659718 -0.36073 -1.68072 -2.05532 1.48538 
0.30647 0.0391245 -0.0943658 -1.63405 -0.328904 1.52554 -0.727917 0.687093 -0.37471 -1.72597 -2.06832 1.47637 
0.292606 0.0505199 -0.0942046 -1.62324 -0.34545 1.53547 -0.735708 0.715561 -0.3932 -1.77101 -2.07712 1.46881 
0.278742 0.0619152 -0.0940435 -1.61242 -0.361995 1.54539 -0.742747 0.744777 -0.415733 -1.8152 -2.08203 1.46306 
0.264877 0.0733106 -0.0938824 -1.6016 -0.37854 1.55531 -0.749062 0.77443 -0.441852 -1.85803 -2.08341 1.45939 
0.251013 0.084706 -0.0937213 -1.59078 -0.395086 1.56523 -0.754686 0.804242 -0.47111 -1.89909 -2.08161 1.458 
0.237149 0.0961013 -0.0935601 -1.57997 -0.411631 1.57515 -0.759655 0.833962 -0.503067 -1.93808 -2.07702 1.45899 
0.223285 0.107497 -0.093399 -1.56915 -0.428177 1.58508 -0.764008 0.863367 -0.537287 -1.97483 -2.06996 1.46237 
0.20942 0.118892 -0.0932379 -1.55833 -0.444722 1.595 -0.767782 0.892251 -0.573338 -2.00924 -2.06075 1.46809 
0.195556 0.130287 -0.0930767 -1.54751 -0.461268 1.60492 -0.771017 0.920421 -0.610785 -2.04129 -2.04967 1.47603 
0.181692 0.141683 -0.0929156 -1.53669 -0.477813 1.61484 -0.77375 0.947693 -0.649186 -2.07105 -2.03694 1.48603 
0.167828 0.153078 -0.0927545 -1.52588 -0.494359 1.62476 -0.776017 0.97388 -0.688077 -2.0986 -2.02275 1.49787 
0.153963 0.164474 -0.0925933 -1.51506 -0.510904 1.63469 -0.77785 0.998783 -0.726965 -2.12407 -2.00722 1.51131 
0.140099 0.175869 -0.0924322 -1.50424 -0.52745 1.64461 -0.77928 1.02218 -0.765314 -2.14762 -1.99044 1.52608 
0.126235 0.187264 -0.0922711 -1.49342 -0.543995 1.65453 -0.780333 1.04383 -0.802518 -2.16941 -1.97241 1.54186 
0.11237 0.19866 -0.0921099 -1.4826 -0.56054 1.66445 -0.781033 1.06342 -0.837892 -2.1896 -1.95311 1.55834 
0.0985062 0.210055 -0.0919488 -1.47179 -0.577086 1.67437 -0.7814 1.08062 -0.870645 -2.20838 -1.93244 1.57514 
0.0846419 0.22145 -0.0917877 -1.46097 -0.593631 1.6843 -0.78145 1.09499 -0.899877 -2.22589 -1.91023 1.59189 
0.0707777 0.232846 -0.0916265 -1.45015 -0.610177 1.69422 -0.781195 1.10607 -0.924592 -2.24227 -1.88625 1.60818 
0.0569134 0.244241 -0.0914654 -1.43933 -0.626722 1.70414 -0.780646 1.11338 -0.943759 -2.25762 -1.86026 1.62361 
0.0430492 0.255637 -0.0913043 -1.42852 -0.643268 1.71406 -0.779808 1.11646 -0.95642 -2.27198 -1.83199 1.63784 
0.0291849 0.267032 -0.0911431 -1.4177 -0.659813 1.72398 -0.778685 1.11497 -0.961862 -2.28531 -1.80124 1.65062 
0.0153206 0.278427 -0.090982 -1.40688 -0.676359 1.73391 -0.777276 1.1088 -0.959766 -2.29753 -1.76792 1.66184 
0.00145637 0.289823 -0.0908209 -1.39606 -0.692904 1.74383 -0.775578 1.09808 -0.950291 -2.30848 -1.7321 1.67157 
-0.0124079 0.301218 -0.0906598 -1.38524 -0.709449 1.75375 -0.773585 1.08316 -0.934028 -2.318 -1.69399 1.67998 
-0.0262722 0.312613 -0.0904986 -1.37443 -0.725995 1.76367 -0.771287 1.06456 -0.911855 -2.32594 -1.65391 1.68728 
-0.0401364 0.324009 -0.0903375 -1.36361 -0.74254 1.77359 -0.768674 1.04282 -0.88476 -2.33216 -1.61222 1.69374 
-0.0540007 0.335404 -0.0901764 -1.35279 -0.759086 1.78352 -0.76573 1.01851 -0.853707 -2.33661 -1.56931 1.69953 
-0.0678649 0.346799 -0.0900152 -1.34197 -0.775631 1.79344 -0.76244 0.992103 -0.81956 -2.33925 -1.52552 1.70481 
-0.0817292 0.358195 -0.0898541 -1.33115 -0.792177 1.80336 -0.758782 0.964025 -0.78305 -2.34007 -1.48116 1.70966 
-0.0955935 0.36959 -0.089693 -1.32034 -0.808722 1.81328 -0.754737 0.934621 -0.744779 -2.3391 -1.43649 1.71413 
-0.109458 0.380986 -0.0895318 -1.30952 -0.825268 1.8232 -0.750278 0.904174 -0.705236 -2.33636 -1.39174 1.71823 
-0.123322 0.392381 -0.0893707 -1.2987 -0.841813 1.83313 -0.74538 0.872919 -0.664818 -2.33189 -1.34708 1.72193 
-0.137186 0.403776 -0.0892096 -1.28788 -0.858358 1.84305 -0.740013 0.841047 -0.623846 -2.32574 -1.30268 1.7252 
-0.151051 0.415172 -0.0890484 -1.27706 -0.874904 1.85297 -0.734146 0.808718 -0.582582 -2.31795 -1.25866 1.72799 
-0.164915 0.426567 -0.0888873 -1.26625 -0.891449 1.86289 -0.727745 0.776071 -0.541244 -2.30856 -1.21512 1.73026 
-0.178779 0.437962 -0.0887262 -1.25543 -0.907995 1.87281 -0.720774 0.743221 -0.500015 -2.29761 -1.17216 1.73195 
-0.192643 0.449358 -0.088565 -1.24461 -0.92454 1.88273 -0.713196 0.710272 -0.459051 -2.28513 -1.12984 1.73299 
-0.206508 0.460753 -0.0884039 -1.23379 -0.941086 1.89266 -0.704969 0.677319 -0.418488 -2.27117 -1.0882 1.73335 
-0.220372 0.472149 -0.0882428 -1.22298 -0.957631 1.90258 -0.696052 0.644447 -0.378444 -2.25576 -1.0473 1.73296 
-0.234236 0.483544 -0.0880816 -1.21216 -0.974177 1.9125 -0.686402 0.611736 -0.339028 -2.23893 -1.00716 1.73178 
-0.2481 0.494939 -0.0879205 -1.20134 -0.990722 1.92242 -0.675972 0.579266 -0.300338 -2.22072 -0.967798 1.72976 
-0.261965 0.506335 -0.0877594 -1.19052 -1.00727 1.93234 -0.664717 0.547113 -0.262464 -2.20115 -0.929214 1.72685 
-0.275829 0.51773 -0.0875983 -1.1797 -1.02381 1.94227 -0.65259 0.515353 -0.225493 -2.18025 -0.891407 1.72303 
-0.289693 0.529125 -0.0874371 -1.16889 -1.04036 1.95219 -0.639542 0.484064 -0.189506 -2.15805 -0.854364 1.71823 
-0.303557 0.540521 -0.087276 -1.15807 -1.0569 1.96211 -0.625528 0.453327 -0.154584 -2.13456 -0.818063 1.71242 
-0.317422 0.551916 -0.0871149 -1.14725 -1.07345 1.97203 -0.6105 0.423223 -0.120803 -2.10981 -0.782477 1.70555 
-0.331286 0.563311 -0.0869537 -1.13643 -1.08999 1.98195 -0.594417 0.39384 -0.0882391 -2.0838 -0.747572 1.69755 
-0.34515 0.574707 -0.0867926 -1.12561 -1.10654 1.99188 -0.577236 0.365267 -0.0569679 -2.05652 -0.71331 1.68837 
-0.359014 0.586102 -0.0866315 -1.1148 -1.12309 2.0018 -0.558922 0.3376 -0.0270635 -2.02795 -0.679649 1.67791 
-0.372879 0.597498 -0.0864703 -1.10398 -1.13963 2.01172 -0.539444 0.310937 0.00139995 -1.99803 -0.646552 1.66606 
-0.386743 0.608893 -0.0863092 -1.09316 -1.15618 2.02164 -0.518779 0.285384 0.0283487 -1.96669 -0.613982 1.65269 
-0.400607 0.620288 -0.0861481 -1.08234 -1.17272 2.03156 -0.496914 0.261049 0.0537096 -1.93381 -0.581908 1.63762 
-0.414472 0.631684 -0.0859869 -1.07152 -1.18927 2.04149 -0.473846 0.238043 0.0774097 -1.89923 -0.550311 1.62062 
-0.428336 0.643079 -0.0858258 -1.06071 -1.20581 2.05141 -0.449586 0.216482 0.0993773 -1.86273 -0.519187 1.60142 
-0.4422 0.654474 -0.0856647 -1.04989 -1.22236 2.06133 -0.424158 0.196483 0.119541 -1.82399 -0.48855 1.57966 
-0.456064 0.66587 -0.0855035 -1.03907 -1.2389 2.07125 -0.397603 0.178163 0.137832 -1.78263 -0.458438 1.55489 
-0.469929 0.677265 -0.0853424 -1.02825 -1.25545 2.08117 -0.369982 0.161637 0.154183 -1.73817 -0.428919 1.52659 
-0.483793 0.688661 -0.0851813 -1.01744 -1.27199 2.0911 -0.341372 0.147018 0.168529 -1.68999 -0.400095 1.49409 
-0.497657 0.700056 -0.0850201 -1.00662 -1.28854 2.10102 -0.31187 0.134412 0.180806 -1.63736 -0.372105 1.45664 
-0.511521 0.711451 -0.084859 -0.9958 -1.30509 2.11094 -0.281592 0.123917 0.190957 -1.57941 -0.345132 1.41332 
-0.525386 0.722847 -0.0846979 -0.984982 -1.32163 2.12086 -0.250673 0.115621 0.198926 -1.51515 -0.319401 1.36313 
-0.53925 0.734242 -0.0845368 -0.974164 -1.33818 2.13078 -0.219263 0.109601 0.204662 -1.44356 -0.295185 1.30504 
-0.553114 0.745637 -0.0843756 -0.963346 -1.35472 2.14071 -0.187524 0.105917 0.208118 -1.36364 -0.272794 1.23804 
-0.566978 0.757033 -0.0842145 -0.952528 -1.37127 2.15063 -0.15563 0.104615 0.209251 -1.27465 -0.252566 1.16138 
-0.580843 0.768428 -0.0840534 -0.94171 -1.38781 2.16055 -0.123759 0.105724 0.208023 -1.17636 -0.234839 1.07487 
-0.594707 0.779824 -0.0838922 -0.930893 -1.40436 2.17047 -0.0920923 0.109254 0.204401 -1.06941 -0.219914 0.979162 
-0.608571 0.791219 -0.0837311 -0.920075 -1.4209 2.18039 -0.0608065 0.1152 0.198355 -0.955606 -0.208001 0.876072 
-0.622435 0.802614 -0.08357 -0.909257 -1.43745 2.19032 -0.030072 0.123542 0.189858 -0.837961 -0.199159 0.768663 
-0.6363 0.81401 -0.0834088 -0.898439 -1.45399 2.20024 -4.79963e-05 0.134244 0.178887 -0.720425 -0.193251 0.660923 
-0.650164 0.825405 -0.0832477 -0.887621 -1.47054 2.21016 0.0291206 0.147259 0.165418 -0.607195 -0.189942 0.557094 
-0.610712 0.827934 -0.0502765 -0.848551 -1.47831 2.25872 -0.00696281 0.154534 0.103521 -1.13865 -0.180354 1.0675 
-0.57126 0.830464 -0.0173053 -0.809481 -1.48608 2.30727 -0.0334583 0.16541 0.042829 -1.55975 -0.205651 1.4713 
-0.531808 0.832993 0.015666 -0.770411 -1.49384 2.35583 -0.0514785 0.17733 -0.0130335 -1.82925 -0.243902 1.72618 
-0.492357 0.835523 0.0486372 -0.731341 -1.50161 2.40438 -0.0621946 0.188207 -0.0609538 -2.00004 -0.281481 1.88416 
-0.452905 0.838052 0.0816084 -0.692271 -1.50938 2.45294 -0.0667402 0.196422 -0.0983614 -2.11314 -0.312405 1.98558 
-0.413453 0.840582 0.11458 -0.653201 -1.51715 2.5015 -0.0661689 0.20084 -0.123324 -2.19011 -0.334088 2.05155 
-0.374001 0.843111 0.147551 -0.614131 -1.52492 2.55005 -0.0614411 0.200854 -0.134671 -2.24168 -0.345433 2.09256 
-0.334549 0.845641 0.180522 -0.575061 -1.53269 2.59861 -0.0534274 0.196402 -0.132088 -2.27286 -0.346159 2.11353 
-0.295097 0.84817 0.213493 -0.535992 -1.54045 2.64716 -0.042918 0.187959 -0.116112 -2.28508 -0.336572 2.116 
-0.255645 0.8507 0.246464 -0.496922 -1.54822 2.69572 -0.0306331 0.176463 -0.0880277 -2.27679 -0.317485 2.09861 
-0.216194 0.853229 0.279436 -0.457852 -1.55599 2.74427 -0.0172305 0.163209 -0.0496731 -2.24282 -0.290235 2.05645 
-0.176742 0.855759 0.312407 -0.418782 -1.56376 2.79283 -0.00331012 0.149721 -0.00322617 -2.1725 -0.25686 1.9791 
-0.13729 0.858288 0.345378 -0.379712 -1.57153 2.84139 0.0105864 0.137654 0.0489788 -2.04586 -0.22065 1.84677 
-0.0978381 0.860818 0.378349 -0.340642 -1.5793 2.88994 0.0239798 0.128704 0.104578 -1.83041 -0.187456 1.62715 
-0.0583862 0.863347 0.411321 -0.301572 -1.58706 2.9385 0.0364612 0.124549 0.161248 -1.49812 -0.167594 1.29228 
-0.0189344 0.865877 0.444292 -0.262502 -1.59483 2.98705 0.0477011 0.126796 0.216734 -1.09781 -0.173617 0.891007 
0.0205175 0.868406 0.477263 -0.223432 -1.6026 3.03561 0.0574598 0.136916 0.268856 -0.75816 -0.20896 0.55202 
0.0205175 0.868406 0.477263 -0.223432 -1.6026 3.00072 0.0574598 0.136916 0.268856 -0.75816 -0.20896 0.517131 
0.0205175 0.868406 0.477263 -0.223432 -1.6026 2.96583 0.0574598 0.136916 0.268856 -0.75816 -0.20896 0.482242 
0.0205175 0.868406 0.477263 -0.223432 -1.6026 2.93094 0.0574598 0.136916 0.268856 -0.75816 -0.20896 0.447353 
0.0205175 0.868406 0.477263 -0.223432 -1.6026 2.89605 0.0574598 0.136916 0.268856 -0.75816 -0.20896 0.412464 
0.0205175 0.868406 0.477263 -0.223432 -1.6026 2.86117 0.0574598 0.136916 0.268856 -0.75816 -0.20896 0.377576 
0.0205175 0.868406 0.477263 -0.223432 -1.6026 2.82628 0.0574598 0.136916 0.268856 -0.75816 -0.20896 0.342687 
0.0205175 0.868406 0.477263 -0.223432 -1.6026 2.79139 0.0574598 0.136916 0.268856 -0.75816 -0.20896 0.307798 
0.0205175 0.868406 0.477263 -0.223432 -1.6026 2.7565 0.0574598 0.136916 0.268856 -0.75816 -0.20896 0.272909 
0.0205175 0.868406 0.477263 -0.223432 -1.6026 2.72161 0.0574598 0.136916 0.268856 -0.75816 -0.20896 0.23802 
0.0205175 0.868406 0.477263 -0.223432 -1.6026 2.68672 0.0574598 0.136916 0.268856 -0.75816 -0.20896 0.203131 
0.0205175 0.868406 0.477263 -0.223432 -1.6026 2.65183 0.0574598 0.136916 0.268856 -0.75816 -0.20896 0.168242 
0.0205175 0.868406 0.477263 -0.223432 -1.6026 2.61694 0.0574598 0.136916 0.268856 -0.75816 -0.20896 0.133353 
0.0205175 0.868406 0.477263 -0.223432 -1.6026 2.58205 0.0574598 0.136916 0.268856 -0.75816 -0.20896 0.0984644 
0.0205175 0.868406 0.477263 -0.223432 -1.6026 2.54717 0.0574598 0.136916 0.268856 -0.75816 -0.20896 0.0635756 
0.0205175 0.868406 0.477263 -0.223432 -1.6026 2.51228 0.0574598 0.136916 0.268856 -0.75816 -0.20896 0.0286867 
0.0205175 0.868406 0.477263 -0.223432 -1.6026 2.47739 0.0574598 0.136916 0.268856 -0.75816 -0.20896 -0.00620222 
0.0205175 0.868406 0.477263 -0.223432 -1.6026 2.4425 0.0574598 0.136916 0.268856 -0.75816 -0.20896 -0.0410911 
0.0205175 0.868406 0.477263 -0.223432 -1.6026 2.40761 0.0574598 0.136916 0.268856 -0.75816 -0.20896 -0.07598 
0.0205175 0.868406 0.477263 -0.223432 -1.6026 2.37272 0.0574598 0.136916 0.268856 -0.75816 -0.20896 -0.110869 
0.0205175 0.868406 0.477263 -0.223432 -1.6026 2.33783 0.0574598 0.136916 0.268856 -0.75816 -0.20896 -0.145758 
0.0205175 0.868406 0.477263 -0.223432 -1.6026 2.30294 0.0574598 0.136916 0.268856 -0.75816 -0.20896 -0.180647 
0.0205175 0.868406 0.477263 -0.223432 -1.6026 2.26805 0.0574598 0.136916 0.268856 -0.75816 -0.20896 -0.215536 
0.0205175 0.868406 0.477263 -0.223432 -1.6026 2.23317 0.0574598 0.136916 0.268856 -0.75816 -0.20896 -0.250424 
0.0205175 0.868406 0.477263 -0.223432 -1.6026 2.19828 0.0574598 0.136916 0.268856 -0.75816 -0.20896 -0.285313 
0.0205175 0.868406 0.477263 -0.223432 -1.6026 2.16339 0.0574598 0.136916 0.268856 -0.75816 -0.20896 -0.320202 
0.0205175 0.868406 0.477263 -0.223432 -1.6026 2.1285 0.0574598 0.136916 0.268856 -0.75816 -0.20896 -0.355091 
0.0205175 0.868406 0.477263 -0.223432 -1.6026 2.09361 0.0574598 0.136916 0.268856 -0.75816 -0.20896 -0.38998 
0.0205175 0.868406 0.477263 -0.223432 -1.6026 2.05872 0.0574598 0.136916 0.268856 -0.75816 -0.20896 -0.424869 
0.0205175 0.868406 0.477263 -0.223432 -1.6026 2.02383 0.0574598 0.136916 0.268856 -0.75816 -0.20896 -0.459758 
0.0205175 0.868406 0.477263 -0.223432 -1.6026 1.98894 0.0574598 0.136916 0.268856 -0.75816 -0.20896 -0.494647 
0.0205175 0.868406 0.477263 -0.223432 -1.6026 1.95405 0.0574598 0.136916 0.268856 -0.75816 -0.20896 -0.529536 
0.0205175 0.868406 0.477263 -0.223432 -1.6026 1.91917 0.0574598 0.136916 0.268856 -0.75816 -0.20896 -0.564424 
0.0205175 0.868406 0.477263 -0.223432 -1.6026 1.88428 0.0574598 0.136916 0.268856 -0.75816 -0.20896 -0.599313 
0.0205175 0.868406 0.477263 -0.223432 -1.6026 1.84939 0.0574598 0.136916 0.268856 -0.75816 -0.20896 -0.634202 
0.0205175 0.868406 0.477263 -0.223432 -1.6026 1.8145 0.0574598 0.136916 0.268856 -0.75816 -0.20896 -0.669091 
0.0205175 0.868406 0.477263 -0.223432 -1.6026 1.77961 0.0574598 0.136916 0.268856 -0.75816 -0.20896 -0.70398 
0.0205175 0.868406 0.477263 -0.223432 -1.6026 1.74472 0.0574598 0.136916 0.268856 -0.75816 -0.20896 -0.738869 
0.0205175 0.868406 0.477263 -0.223432 -1.6026 1.70983 0.0574598 0.136916 0.268856 -0.75816 -0.20896 -0.773758 
0.0205175 0.868406 0.477263 -0.223432 -1.6026 1.67494 0.0574598 0.136916 0.268856 -0.75816 -0.20896 -0.808647 
0.0205175 0.868406 0.477263 -0.223432 -1.6026 1.64005 0.0574598 0.136916 0.268856 -0.75816 -0.20896 -0.843536 
0.0205175 0.868406 0.477263 -0.223432 -1.6026 1.60517 0.0574598 0.136916 0.268856 -0.75816 -0.20896 -0.878424 
0.0205175 0.868406 0.477263 -0.223432 -1.6026 1.57028 0.0574598 0.136916 0.268856 -0.75816 -0.20896 -0.913313 
0.0205175 0.868406 0.477263 -0.223432 -1.6026 1.53539 0.0574598 0.136916 0.268856 -0.75816 -0.20896 -0.948202 
0.0205175 0.868406 0.477263 -0.223432 -1.6026 1.5005 0.0574598 0.136916 0.268856 -0.75816 -0.20896 -0.983091 
0.0205175 0.868406 0.477263 -0.223432 -1.6026 1.46561 0.0574598 0.136916 0.268856 -0.75816 -0.20896 -1.01798 
0.0205175 0.868406 0.477263 -0.223432 -1.6026 1.43072 0.0574598 0.136916 0.268856 -0.75816 -0.20896 -1.05287 
0.0205175 0.868406 0.477263 -0.223432 -1.6026 1.39583 0.0574598 0.136916 0.268856 -0.75816 -0.20896 -1.08776 
0.0205175 0.868406 0.477263 -0.223432 -1.6026 1.36094 0.0574598 0.136916 0.268856 -0.75816 -0.20896 -1.12265 
0.0205175 0.868406 0.477263 -0.223432 -1.6026 1.32605 0.0574598 0.136916 0.268856 -0.75816 -0.20896 -1.15754 
0.0205175 0.868406 0.477263 -0.223432 -1.6026 1.29117 0.0574598 0.136916 0.268856 -0.75816 -0.20896 -1.19242 
0.0205175 0.868406 0.477263 -0.223432 -1.6026 1.25628 0.0574598 0.136916 0.268856 -0.75816 -0.20896 -1.22731 
0.0205175 0.868406 0.477263 -0.223432 -1.6026 1.22139 0.0574598 0.136916 0.268856 -0.75816 -0.20896 -1.2622 
0.0205175 0.868406 0.477263 -0.223432 -1.6026 1.1865 0.0574598 0.136916 0.268856 -0.75816 -0.20896 -1.29709 
0.0205175 0.868406 0.477263 -0.223432 -1.6026 1.15161 0.0574598 0.136916 0.268856 -0.75816 -0.20896 -1.33198 
0.0205175 0.868406 0.477263 -0.223432 -1.6026 1.11672 0.0574598 0.136916 0.268856 -0.75816 -0.20896 -1.36687 
0.0205175 0.868406 0.477263 -0.223432 -1.6026 1.08183 0.0574598 0.136916 0.268856 -0.75816 -0.20896 -1.40176 
0.0205175 0.868406 0.477263 -0.223432 -1.6026 1.04694 0.0574598 0.136916 0.268856 -0.75816 -0.20896 -1.43665 
0.0205175 0.868406 0.477263 -0.223432 -1.6026 1.01205 0.0574598 0.136916 0.268856 -0.75816 -0.20896 -1.47154 
0.0205175 0.868406 0.477263 -0.223432 -1.6026 0.977166 0.0574598 0.136916 0.268856 -0.75816 -0.20896 -1.50642 
0.0205175 0.868406 0.477263 -0.223432 -1.6026 0.942277 0.0574598 0.136916 0.268856 -0.75816 -0.20896 -1.54131 
0.0205175 0.868406 0.477263 -0.223432 -1.6026 0.907388 0.0574598 0.136916 0.268856 -0.75816 -0.20896 -1.5762 
0.0205175 0.868406 0.477263 -0.223432 -1.6026 0.872499 0.0574598 0.136916 0.268856 -0.75816 -0.20896 -1.61109 
0.0205175 0.868406 0.477263 -0.223432 -1.6026 0.83761 0.0574598 0.136916 0.268856 -0.75816 -0.20896 -1.64598 
0.0205175 0.868406 0.477263 -0.223432 -1.6026 0.802721 0.0574598 0.136916 0.268856 -0.75816 -0.20896 -1.68087 
0.0205175 0.868406 0.477263 -0.223432 -1.6026 0.767832 0.0574598 0.136916 0.268856 -0.75816 -0.20896 -1.71576 
0.0205175 0.868406 0.477263 -0.223432 -1.6026 0.732943 0.0574598 0.136916 0.268856 -0.75816 -0.20896 -1.75065 
0.0205175 0.868406 0.477263 -0.223432 -1.6026 0.698054 0.0574598 0.136916 0.268856 -0.75816 -0.20896 -1.78554 
0.0205175 0.868406 0.477263 -0.223432 -1.6026 0.663166 0.0574598 0.136916 0.268856 -0.75816 -0.20896 -1.82042 
0.0205175 0.868406 0.477263 -0.223432 -1.6026 0.628277 0.0574598 0.136916 0.268856 -0.75816 -0.20896 -1.85531 
0.0205175 0.868406 0.477263 -0.223432 -1.6026 0.593388 0.0574598 0.136916 0.268856 -0.75816 -0.20896 -1.8902 
0.0205175 0.868406 0.477263 -0.223432 -1.6026 0.558499 0.0574598 0.136916 0.268856 -0.75816 -0.20896 -1.92509 
0.0205175 0.868406 0.477263 -0.223432 -1.6026 0.52361 0.0574598 0.136916 0.268856 -0.75816 -0.20896 -1.95998 
0.0205175 0.868406 0.477263 -0.223432 -1.6026 0.488721 0.0574598 0.136916 0.268856 -0.75816 -0.20896 -1.99487 
0.0205175 0.868406 0.477263 -0.223432 -1.6026 0.453832 0.0574598 0.136916 0.268856 -0.75816 -0.20896 -2.02976 
0.0205175 0.868406 0.477263 -0.223432 -1.6026 0.418943 0.0574598 0.136916 0.268856 -0.75816 -0.20896 -2.06465 
0.0205175 0.868406 0.477263 -0.223432 -1.6026 0.384054 0.0574598 0.136916 0.268856 -0.75816 -0.20896 -2.09954 
0.0205175 0.868406 0.477263 -0.223432 -1.6026 0.349166 0.0574598 0.136916 0.268856 -0.75816 -0.20896 -2.13442 
0.0205175 0.868406 0.477263 -0.223432 -1.6026 0.314277 0.0574598 0.136916 0.268856 -0.75816 -0.20896 -2.16931 
0.0205175 0.868406 0.477263 -0.223432 -1.6026 0.279388 0.0574598 0.136916 0.268856 -0.75816 -0.20896 -2.2042 
0.0205175 0.868406 0.477263 -0.223432 -1.6026 0.244499 0.0574598 0.136916 0.268856 -0.75816 -0.20896 -2.23909 
0.0205175 0.868406 0.477263 -0.223432 -1.6026 0.20961 0.0574598 0.136916 0.268856 -0.75816 -0.20896 -2.27398 
0.0205175 0.868406 0.477263 -0.223432 -1.6026 0.174721 0.0574598 0.136916 0.268856 -0.75816 -0.20896 -2.30887 
0.0205175 0.868406 0.477263 -0.223432 -1.6026 0.139832 0.0574598 0.136916 0.268856 -0.75816 -0.20896 -2.34376 
0.0205175 0.868406 0.477263 -0.223432 -1.6026 0.104943 0.0574598 0.136916 0.268856 -0.75816 -0.20896 -2.37865 
0.0205175 0.868406 0.477263 -0.223432 -1.6026 0.0700544 0.0574598 0.136916 0.268856 -0.75816 -0.20896 -2.41354 
0.0205175 0.868406 0.477263 -0.223432 -1.6026 0.0351656 0.0574598 0.136916 0.268856 -0.75816 -0.20896 -2.44842 
0.0205175 0.868406 0.477263 -0.223432 -1.6026 0.000276667 0.0574598 0.136916 0.268856 -0.75816 -0.20896 -2.48331 
0.0205175 0.868406 0.477263 -0.223432 -1.6026 -0.0346122 0.0574598 0.136916 0.268856 -0.75816 -0.20896 -2.5182 
0.0205175 0.868406 0.477263 -0.223432 -1.6026 -0.0695011 0.0574598 0.136916 0.268856 -0.75816 -0.20896 -2.55309 
0.0205175 0.868406 0.477263 -0.223432 -1.6026 -0.10439 0.0574598 0.136916 0.268856 -0.75816 -0.20896 -2.58798 
0.0205175 0.868406 0.477263 -0.223432 -1.6026 -0.139279 0.0574598 0.136916 0.268856 -0.75816 -0.20896 -2.62287 
0.0205175 0.868406 0.477263 -0.223432 -1.6026 -0.174168 0.0574598 0.136916 0.268856 -0.75816 -0.20896 -2.65776 
0.0205175 0.868406 0.477263 -0.223432 -1.6026 -0.209057 0.0574598 0.136916 0.268856 -0.75816 -0.20896 -2.69265 
0.0205175 0.868406 0.477263 -0.223432 -1.6026 -0.243946 0.0574598 0.136916 0.268856 -0.75816 -0.20896 -2.72754 
0.0205175 0.868406 0.477263 -0.223432 -1.6026 -0.278834 0.0574598 0.136916 0.268856 -0.75816 -0.20896 -2.76242 
0.0205175 0.868406 0.477263 -0.223432 -1.6026 -0.313723 0.0574598 0.136916 0.268856 -0.75816 -0.20896 -2.79731 
0.0205175 0.868406 0.477263 -0.223432 -1.6026 -0.348612 0.0574598 0.136916 0.268856 -0.75816 -0.20896 -2.8322 
0.0205175 0.868406 0.477263 -0.223432 -1.6026 -0.383501 0.0574598 0.136916 0.268856 -0.75816 -0.20896 -2.86709 
0.0205175 0.868406 0.477263 -0.223432 -1.6026 -0.41839 0.0574598 0.136916 0.268856 -0.75816 -0.20896 -2.90198 
0.0205175 0.868406 0.477263 -0.223432 -1.6026 -0.453279 0.0574598 0.136916 0.268856 -0.75816 -0.20896 -2.93687 
0.0205175 0.868406 0.477263 -0.223432 -1.6026 -0.488168 0.0574598 0.136916 0.268856 -0.75816 -0.20896 -2.97176 
0.0205175 0.868406 0.477263 -0.223432 -1.6026 -0.523057 0.0574598 0.136916 0.268856 -0.75816 -0.20896 -3.00665 
0.0205175 0.868406 0.477263 -0.223432 -1.6026 -0.557946 0.0574598 0.136916 0.268856 -0.75816 -0.20896 -3.04154 
0.0205175 0.868406 0.477263 -0.223432 -1.6026 -0.592834 0.0574598 0.136916 0.268856 -0.75816 -0.20896 -3.07642 
0.0205175 0.868406 0.477263 -0.223432 -1.6026 -0.627723 0.0574598 0.136916 0.268856 -0.75816 -0.20896 -3.11131 
0.0205175 0.868406 0.477263 -0.223432 -1.6026 -0.662612 0.0574598 0.136916 0.268856 -0.75816 -0.20896 -3.1462 
0.0205175 0.868406 0.477263 -0.223432 -1.6026 -0.697501 0.0574598 0.136916 0.268856 -0.75816 -0.20896 -3.18109 
0.0205175 0.868406 0.477263 -0.223432 -1.6026 -0.73239 0.0574598 0.136916 0.268856 -0.75816 -0.20896 -3.21598 
0.0205175 0.868406 0.477263 -0.223432 -1.6026 -0.767279 0.0574598 0.136916 0.268856 -0.75816 -0.20896 -3.25087 
0.0205175 0.868406 0.477263 -0.223432 -1.6026 -0.802168 0.0574598 0.136916 0.268856 -0.75816 -0.20896 -3.28576 
0.0205175 0.868406 0.477263 -0.223432 -1.6026 -0.837057 0.0574598 0.136916 0.268856 -0.75816 -0.20896 -3.32065 
0.0205175 0.868406 0.477263 -0.223432 -1.6026 -0.871946 0.0574598 0.136916 0.268856 -0.75816 -0.20896 -3.35554 
0.0205175 0.868406 0.477263 -0.223432 -1.6026 -0.906834 0.0574598 0.136916 0.268856 -0.75816 -0.20896 -3.39042 
0.0205175 0.868406 0.477263 -0.223432 -1.6026 -0.941723 0.0574598 0.136916 0.268856 -0.75816 -0.20896 -3.42531 
0.0205175 0.868406 0.477263 -0.223432 -1.6026 -0.976612 0.0574598 0.136916 0.268856 -0.75816 -0.20896 -3.4602 
0.0205175 0.868406 0.477263 -0.223432 -1.6026 -1.0115 0.0574598 0.136916 0.268856 -0.75816 -0.20896 -3.49509 
0.0205175 0.868406 0.477263 -0.223432 -1.6026 -1.04639 0.0574598 0.136916 0.268856 -0.75816 -0.20896 -3.52998 
0.0205175 0.868406 0.477263 -0.223432 -1.6026 -1.08128 0.0574598 0.136916 0.268856 -0.75816 -0.20896 -3.56487 
0.0205175 0.868406 0.477263 -0.223432 -1.6026 -1.11617 0.0574598 0.136916 0.268856 -0.75816 -0.20896 -3.59976 
0.0205175 0.868406 0.477263 -0.223432 -1.6026 -1.15106 0.0574598 0.136916 0.268856 -0.75816 -0.20896 -3.63465 
0.0205175 0.868406 0.477263 -0.223432 -1.6026 -1.18595 0.0574598 0.136916 0.268856 -0.75816 -0.20896 -3.66954 
0.0205175 0.868406 0.477263 -0.223432 -1.6026 -1.22083 0.0574598 0.136916 0.268856 -0.75816 -0.20896 -3.70442 
0.0205175 0.868406 0.477263 -0.223432 -1.6026 -1.25572 0.0574598 0.136916 0.268856 -0.75816 -0.20896 -3.73931 
0.0205175 0.868406 0.477263 -0.223432 -1.6026 -1.29061 0.0574598 0.136916 0.268856 -0.75816 -0.20896 -3.7742 
0.0205175 0.868406 0.477263 -0.223432 -1.6026 -1.3255 0.0574598 0.136916 0.268856 -0.75816 -0.20896 -3.80909 
0.0205175 0.868406 0.477263 -0.223432 -1.6026 -1.36039 0.0574598 0.136916 0.268856 -0.75816 -0.20896 -3.84398 
0.0205175 0.868406 0.477263 -0.223432 -1.6026 -1.39528 0.0574598 0.136916 0.268856 -0.75816 -0.20896 -3.87887 
0.0205175 0.868406 0.477263 -0.223432 -1.6026 -1.43017 0.0574598 0.136916 0.268856 -0.75816 -0.20896 -3.91376 
0.0205175 0.868406 0.477263 -0.223432 -1.6026 -1.46506 0.0574598 0.136916 0.268856 -0.75816 -0.20896 -3.94865 
0.0205175 0.868406 0.477263 -0.223432 -1.6026 -1.49995 0.0574598 0.136916 0.268856 -0.75816 -0.20896 -3.98354 
0.0205175 0.868406 0.477263 -0.223432 -1.6026 -1.53483 0.0574598 0.136916 0.268856 -0.75816 -0.20896 -4.01842 
0.0205175 0.868406 0.477263 -0.223432 -1.6026 -1.56972 0.0574598 0.136916 0.268856 -0.75816 -0.20896 -4.05331 
0.0205175 0.868406 0.477263 -0.223432 -1.6026 -1.60461 0.0574598 0.136916 0.268856 -0.75816 -0.20896 -4.0882 
0.0205175 0.868406 0.477263 -0.223432 -1.6026 -1.6395 0.0574598 0.136916 0.268856 -0.75816 -0.20896 -4.12309 
0.0205175 0.868406 0.477263 -0.223432 -1.6026 -1.67439 0.0574598 0.136916 0.268856 -0.75816 -0.20896 -4.15798 
0.0205175 0.868406 0.477263 -0.223432 -1.6026 -1.70928 0.0574598 0.136916 0.268856 -0.75816 -0.20896 -4.19287 
0.0205175 0.868406 0.477263 -0.223432 -1.6026 -1.74417 0.0574598 0.136916 0.268856 -0.75816 -0.20896 -4.22776 
0.0205175 0.868406 0.477263 -0.223432 -1.6026 -1.77906 0.0574598 0.136916 0.268856 -0.75816 -0.20896 -4.26265 
0.0205175 0.868406 0.477263 -0.223432 -1.6026 -1.81395 0.0574598 0.136916 0.268856 -0.75816 -0.20896 -4.29754 
0.0205175 0.868406 0.477263 -0.223432 -1.6026 -1.84883 0.0574598 0.136916 0.268856 -0.75816 -0.20896 -4.33242 
0.0205175 0.868406 0.477263 -0.223432 -1.6026 -1.88372 0.0574598 0.136916 0.268856 -0.75816 -0.20896 -4.36731 
0.0205175 0.868406 0.477263 -0.223432 -1.6026 -1.91861 0.0574598 0.136916 0.268856 -0.75816 -0.20896 -4.4022 
0.0205175 0.868406 0.477263 -0.223432 -1.6026 -1.9535 0.0574598 0.136916 0.268856 -0.75816 -0.20896 -4.43709 
0.0205175 0.868406 0.477263 -0.223432 -1.6026 -1.98839 0.0574598 0.136916 0.268856 -0.75816 -0.20896 -4.47198 
0.0205175 0.868406 0.477263 -0.223432 -1.6026 -2.02328 0.0574598 0.136916 0.268856 -0.75816 -0.20896 -4.50687 
0.0205175 0.868406 0.477263 -0.223432 -1.6026 -2.05817 0.0574598 0.136916 0.268856 -0.75816 -0.20896 -4.54176 
0.0205175 0.868406 0.477263 -0.223432 -1.6026 -2.09306 0.0574598 0.136916 0.268856 -0.75816 -0.20896 -4.57665 
0.0205175 0.868406 0.477263 -0.223432 -1.6026 -2.12795 0.0574598 0.136916 0.268856 -0.75816 -0.20896 -4.61154 
0.0205175 0.868406 0.477263 -0.223432 -1.6026 -2.16283 0.0574598 0.136916 0.268856 -0.75816 -0.20896 -4.64642 
0.0205175 0.868406 0.477263 -0.223432 -1.6026 -2.19772 0.0574598 0.136916 0.268856 -0.75816 -0.20896 -4.68131 
0.0205175 0.868406 0.477263 -0.223432 -1.6026 -2.23261 0.0574598 0.136916 0.268856 -0.75816 -0.20896 -4.7162 
0.0205175 0.868406 0.477263 -0.223432 -1.6026 -2.2675 0.0574598 0.136916 0.268856 -0.75816 -0.20896 -4.75109 
0.0205175 0.868406 0.477263 -0.223432 -1.6026 -2.30239 0.0574598 0.136916 0.268856 -0.75816 -0.20896 -4.78598 
0.0205175 0.868406 0.477263 -0.223432 -1.6026 -2.33728 0.0574598 0.136916 0.268856 -0.75816 -0.20896 -4.82087 
0.0205175 0.868406 0.477263 -0.223432 -1.6026 -2.37217 0.0574598 0.136916 0.268856 -0.75816 -0.20896 -4.85576 
0.0205175 0.868406 0.477263 -0.223432 -1.6026 -2.40706 0.0574598 0.136916 0.268856 -0.75816 -0.20896 -4.89065 
0.0205175 0.868406 0.477263 -0.223432 -1.6026 -2.44195 0.0574598 0.136916 0.268856 -0.75816 -0.20896 -4.92554 
0.0205175 0.868406 0.477263 -0.223432 -1.6026 -2.47683 0.0574598 0.136916 0.268856 -0.75816 -0.20896 -4.96042 
0.0205175 0.868406 0.477263 -0.223432 -1.6026 -2.51172 0.0574598 0.136916 0.268856 -0.75816 -0.20896 -4.99531 
0.0205175 0.868406 0.477263 -0.223432 -1.6026 -2.54661 0.0574598 0.136916 0.268856 -0.75816 -0.20896 -5.0302 
0.0205175 0.868406 0.477263 -0.223432 -1.6026 -2.5815 0.0574598 0.136916 0.268856 -0.75816 -0.20896 -5.06509 
0.0205175 0.868406 0.477263 -0.223432 -1.6026 -2.61639 0.0574598 0.136916 0.268856 -0.75816 -0.20896 -5.09998 
0.0205175 0.868406 0.477263 -0.223432 -1.6026 -2.65128 0.0574598 0.136916 0.268856 -0.75816 -0.20896 -5.13487 
0.0205175 0.868406 0.477263 -0.223432 -1.6026 -2.68617 0.0574598 0.136916 0.268856 -0.75816 -0.20896 -5.16976 
0.0205175 0.868406 0.477263 -0.223432 -1.6026 -2.72106 0.0574598 0.136916 0.268856 -0.75816 -0.20896 -5.20465 
0.0205175 0.868406 0.477263 -0.223432 -1.6026 -2.75595 0.0574598 0.136916 0.268856 -0.75816 -0.20896 -5.23954 
0.0205175 0.868406 0.477263 -0.223432 -1.6026 -2.79083 0.0574598 0.136916 0.268856 -0.75816 -0.20896 -5.27442 
0.0205175 0.868406 0.477263 -0.223432 -1.6026 -2.82572 0.0574598 0.136916 0.268856 -0.75816 -0.20896 -5.30931 
0.0205175 0.868406 0.477263 -0.223432 -1.6026 -2.86061 0.0574598 0.136916 0.268856 -0.75816 -0.20896 -5.3442 
0.0205175 0.868406 0.477263 -0.223432 -1.6026 -2.8955 0.0574598 0.136916 0.268856 -0.75816 -0.20896 -5.37909 
0.0205175 0.868406 0.477263 -0.223432 -1.6026 -2.93039 0.0574598 0.136916 0.268856 -0.75816 -0.20896 -5.41398 
0.0205175 0.868406 0.477263 -0.223432 -1.6026 -2.96528 0.0574598 0.136916 0.268856 -0.75816 -0.20896 -5.44887 
0.0205175 0.868406 0.477263 -0.223432 -1.6026 -3.00017 0.0574598 0.136916 0.268856 -0.75816 -0.20896 -5.48376 
0.0205175 0.868406 0.477263 -0.223432 -1.6026 -3.03506 0.0574598 0.136916 0.268856 -0.75816 -0.20896 -5.51865 
0.0205175 0.868406 0.477263 -0.223432 -1.6026 -3.06995 0.0574598 0.136916 0.268856 -0.75816 -0.20896 -5.55354 
0.0205175 0.868406 0.477263 -0.223432 -1.6026 -3.10483 0.0574598 0.136916 0.268856 -0.75816 -0.20896 -5.58842 
0.0205175 0.868406 0.477263 -0.223432 -1.6026 -3.13972 0.0574598 0.136916 0.268856 -0.75816 -0.20896 -5.62331 
0.0205175 0.868406 0.477263 -0.223432 -1.6026 -3.17461 0.0574598 0.136916 0.268856 -0.75816 -0.20896 -5.6582 
0.0205175 0.868406 0.477263 -0.223432 -1.6026 -3.2095 0.0574598 0.136916 0.268856 -0.75816 -0.20896 -5.69309 
0.0205175 0.868406 0.477263 -0.223432 -1.6026 -3.24439 0.0574598 0.136916 0.268856 -0.75816 -0.20896 -5.72798 
0.0205175 0.868406 0.477263 -0.223432 -1.6026 -3.27928 0.0574598 0.136916 0.268856 -0.75816 -0.20896 -5.76287 
0.0205175 0.868406 0.477263 -0.223432 -1.6026 -3.31417 0.0574598 0.136916 0.268856 -0.75816 -0.20896 -5.79776 
0.0205175 0.868406 0.477263 -0.223432 -1.6026 -3.34906 0.0574598 0.136916 0.268856 -0.75816 -0.20896 -5.83265 
0.0205175 0.868406 0.477263 -0.223432 -1.6026 -3.38395 0.0574598 0.136916 0.268856 -0.75816 -0.20896 -5.86754 
0.0205175 0.868406 0.477263 -0.223432 -1.6026 -3.41883 0.0574598 0.136916 0.268856 -0.75816 -0.20896 -5.90242 
0.0205175 0.868406 0.477263 -0.223432 -1.6026 -3.45372 0.0574598 0.136916 0.268856 -0.75816 -0.20896 -5.93731 
0.0205175 0.868406 0.477263 -0.223432 -1.6026 -3.48861 0.0574598 0.136916 0.268856 -0.75816 -0.20896 -5.9722 
0.0205175 0.868406 0.477263 -0.223432 -1.6026 -3.5235 0.0574598 0.136916 0.268856 -0.75816 -0.20896 -6.00709 
0.0205175 0.868406 0.477263 -0.223432 -1.6026 -3.55839 0.0574598 0.136916 0.268856 -0.75816 -0.20896 -6.04198 
0.0205175 0.868406 0.477263 -0.223432 -1.6026 -3.59328 0.0574598 0.136916 0.268856 -0.75816 -0.20896 -6.07687 
0.0205175 0.868406 0.477263 -0.223432 -1.6026 -3.62817 0.0574598 0.136916 0.268856 -0.75816 -0.20896 -6.11176 
0.0205175 0.868406 0.477263 -0.223432 -1.6026 -3.66306 0.0574598 0.136916 0.268856 -0.75816 -0.20896 -6.14665 
0.0205175 0.868406 0.477263 -0.223432 -1.6026 -3.69795 0.0574598 0.136916 0.268856 -0.75816 -0.20896 -6.18154 
0.0205175 0.868406 0.477263 -0.223432 -1.6026 -3.73283 0.0574598 0.136916 0.268856 -0.75816 -0.20896 -6.21642 
0.0205175 0.868406 0.477263 -0.223432 -1.6026 -3.76772 0.0574598 0.136916 0.268856 -0.75816 -0.20896 -6.25131 
0.0205175 0.868406 0.477263 -0.223432 -1.6026 -3.80261 0.0574598 0.136916 0.268856 -0.75816 -0.20896 -6.2862 
0.0205175 0.868406 0.477263 -0.223432 -1.6026 -3.8375 0.0574598 0.136916 0.268856 -0.75816 -0.20896 -6.32109 
0.0205175 0.868406 0.477263 -0.223432 -1.6026 -3.87239 0.0574598 0.136916 0.268856 -0.75816 -0.20896 -6.35598 
0.0205175 0.868406 0.477263 -0.223432 -1.6026 -3.90728 0.0574598 0.136916 0.268856 -0.75816 -0.20896 -6.39087 
0.0205175 0.868406 0.477263 -0.223432 -1.6026 -3.94217 0.0574598 0.136916 0.268856 -0.75816 -0.20896 -6.42576 
0.0205175 0.868406 0.477263 -0.223432 -1.6026 -3.97706 0.0574598 0.136916 0.268856 -0.75816 -0.20896 -6.46065 
0.0205175 0.868406 0.477263 -0.223432 -1.6026 -4.01195 0.0574598 0.136916 0.268856 -0.75816 -0.20896 -6.49554 
0.0205175 0.868406 0.477263 -0.223432 -1.6026 -4.04683 0.0574598 0.136916 0.268856 -0.75816 -0.20896 -6.53042 
0.0205175 0.868406 0.477263 -0.223432 -1.6026 -4.08172 0.0574598 0.136916 0.268856 -0.75816 -0.20896 -6.56531 
0.0205175 0.868406 0.477263 -0.223432 -1.6026 -4.11661 0.0574598 0.136916 0.268856 -0.75816 -0.20896 -6.6002 
0.0205175 0.868406 0.477263 -0.223432 -1.6026 -4.1515 0.0574598 0.136916 0.268856 -0.75816 -0.20896 -6.63509 
0.0205175 0.868406 0.477263 -0.223432 -1.6026 -4.18639 0.0574598 0.136916 0.268856 -0.75816 -0.20896 -6.66998 
0.0205175 0.868406 0.477263 -0.223432 -1.6026 -4.22128 0.0574598 0.136916 0.268856 -0.75816 -0.20896 -6.70487 
0.0205175 0.868406 0.477263 -0.223432 -1.6026 -4.25617 0.0574598 0.136916 0.268856 -0.75816 -0.20896 -6.73976 
0.0205175 0.868406 0.477263 -0.223432 -1.6026 -4.29106 0.0574598 0.136916 0.268856 -0.75816 -0.20896 -6.77465 
0.0205175 0.868406 0.477263 -0.223432 -1.6026 -4.32595 0.0574598 0.136916 0.268856 -0.75816 -0.20896 -6.80954 
0.0205175 0.868406 0.477263 -0.223432 -1.6026 -4.36083 0.0574598 0.136916 0.268856 -0.75816 -0.20896 -6.84442 
0.0205175 0.868406 0.477263 -0.223432 -1.6026 -4.39572 0.0574598 0.136916 0.268856 -0.75816 -0.20896 -6.87931 
0.0205175 0.868406 0.477263 -0.223432 -1.6026 -4.43061 0.0574598 0.136916 0.268856 -0.75816 -0.20896 -6.9142 
0.0205175 0.868406 0.477263 -0.223432 -1.6026 -4.4655 0.0574598 0.136916 0.268856 -0.75816 -0.20896 -6.87931 
0.0205175 0.868406 0.477263 -0.223432 -1.6026 -4.50039 0.0574598 0.136916 0.268856 -0.75816 -0.20896 -6.87931 
0.0205175 0.868406 0.477263 -0.223432 -1.6026 -4.53528 0.0574598 0.136916 0.268856 -0.75816 -0.20896 -6.87931 
0.0205175 0.868406 0.477263 -0.223432 -1.6026 -4.57017 0.0574598 0.136916 0.268856 -0.75816 -0.20896 -6.87931 
0.0205175 0.868406 0.477263 -0.223432 -1.6026 -4.60506 0.0574598 0.136916 0.268856 -0.75816 -0.20896 -6.87931 
0.0205175 0.868406 0.477263 -0.223432 -1.6026 -4.63995 0.0574598 0.136916 0.268856 -0.75816 -0.20896 -6.87931 
0.0205175 0.868406 0.477263 -0.223432 -1.6026 -4.67483 0.0574598 0.136916 0.268856 -0.75816 -0.20896 -6.87931 
0.0205175 0.868406 0.477263 -0.223432 -1.6026 -4.70972 0.0574598 0.136916 0.268856 -0.75816 -0.20896 -6.87931 
0.0205175 0.868406 0.477263 -0.223432 -1.6026 -4.74461 0.0574598 0.136916 0.268856 -0.75816 -0.20896 -6.87931 
0.0205175 0.868406 0.477263 -0.223432 -1.6026 -4.7795 0.0574598 0.136916 0.268856 -0.75816 -0.20896 -6.87931 
0.0205175 0.868406 0.477263 -0.223432 -1.6026 -4.81439 0.0574598 0.136916 0.268856 -0.75816 -0.20896 -6.87931 
0.0205175 0.868406 0.477263 -0.223432 -1.6026 -4.84928 0.0574598 0.136916 0.268856 -0.75816 -0.20896 -6.87931 
0.0205175 0.868406 0.477263 -0.223432 -1.6026 -4.88417 0.0574598 0.136916 0.268856 -0.75816 -0.20896 -6.87931 
0.0205175 0.868406 0.477263 -0.223432 -1.6026 -4.91906 0.0574598 0.136916 0.268856 -0.75816 -0.20896 -6.87931 
0.0205175 0.868406 0.477263 -0.223432 -1.6026 -4.95395 0.0574598 0.136916 0.268856 -0.75816 -0.20896 -6.87931 
0.0205175 0.868406 0.477263 -0.223432 -1.6026 -4.98883 0.0574598 0.136916 0.268856 -0.75816 -0.20896 -6.87931 
0.0205175 0.868406 0.477263 -0.223432 -1.6026 -5.02372 0.0574598 0.136916 0.268856 -0.75816 -0.20896 -6.87931 
0.0205175 0.868406 0.477263 -0.223432 -1.6026 -5.05861 0.0574598 0.136916 0.268856 -0.75816 -0.20896 -6.87931 
0.0205175 0.868406 0.477263 -0.223432 -1.6026 -5.0935 0.0574598 0.136916 0.268856 -0.75816 -0.20896 -6.87931 
0.0205175 0.868406 0.477263 -0.223432 -1.6026 -5.12839 0.0574598 0.136916 0.268856 -0.75816 -0.20896 -6.87931 
0.0205175 0.868406 0.477263 -0.223432 -1.6026 -5.16328 0.0574598 0.136916 0.268856 -0.75816 -0.20896 -6.87931 
0.0205175 0.868406 0.477263 -0.223432 -1.6026 -5.19817 0.0574598 0.136916 0.268856 -0.75816 -0.20896 -6.87931 
0.0205175 0.868406 0.477263 -0.223432 -1.6026 -5.23306 0.0574598 0.136916 0.268856 -0.75816 -0.20896 -6.87931 
0.0205175 0.868406 0.477263 -0.223432 -1.6026 -5.26795 0.0574598 0.136916 0.268856 -0.75816 -0.20896 -6.87931 
0.0205175 0.868406 0.477263 -0.223432 -1.6026 -5.30283 0.0574598 0.136916 0.268856 -0.75816 -0.20896 -6.87931 
0.0205175 0.868406 0.477263 -0.223432 -1.6026 -5.33772 0.0574598 0.136916 0.268856 -0.75816 -0.20896 -6.87931 
0.0205175 0.868406 0.477263 -0.223432 -1.6026 -5.37261 0.0574598 0.136916 0.268856 -0.75816 -0.20896 -6.87931 
0.0205175 0.868406 0.477263 -0.223432 -1.6026 -5.4075 0.0574598 0.136916 0.268856 -0.75816 -0.20896 -6.87931 
0.0205175 0.868406 0.477263 -0.223432 -1.6026 -5.44239 0.0574598 0.136916 0.268856 -0.75816 -0.20896 -6.87931 
0.0205175 0.868406 0.477263 -0.223432 -1.6026 -5.47728 0.0574598 0.136916 0.268856 -0.75816 -0.20896 -6.87931 
0.0205175 0.868406 0.477263 -0.223432 -1.6026 -5.51217 0.0574598 0.136916 0.268856 -0.75816 -0.20896 -6.87931 
0.0205175 0.868406 0.477263 -0.223432 -1.6026 -5.54706 0.0574598 0.136916 0.268856 -0.75816 -0.20896 -6.87931 
0.0205175 0.868406 0.477263 -0.223432 -1.6026 -5.58195 0.0574598 0.136916 0.268856 -0.75816 -0.20896 -6.87931 
0.0205175 0.868406 0.477263 -0.223432 -1.6026 -5.61683 0.0574598 0.136916 0.268856 -0.75816 -0.20896 -6.87931 
0.0205175 0.868406 0.477263 -0.223432 -1.6026 -5.65172 0.0574598 0.136916 0.268856 -0.75816 -0.20896 -6.87931 
0.0205175 0.868406 0.477263 -0.223432 -1.6026 -5.68661 0.0574598 0.136916 0.268856 -0.75816 -0.20896 -6.87931 
0.0205175 0.868406 0.477263 -0.223432 -1.6026 -5.7215 0.0574598 0.136916 0.268856 -0.75816 -0.20896 -6.87931 
0.0205175 0.868406 0.477263 -0.223432 -1.6026 -5.75639 0.0574598 0.136916 0.268856 -0.75816 -0.20896 -6.87931 
0.0205175 0.868406 0.477263 -0.223432 -1.6026 -5.79128 0.0574598 0.136916 0.268856 -0.75816 -0.20896 -6.87931 
0.0205175 0.868406 0.477263 -0.223432 -1.6026 -5.82617 0.0574598 0.136916 0.268856 -0.75816 -0.20896 -6.87931 
0.0205175 0.868406 0.477263 -0.223432 -1.6026 -5.86106 0.0574598 0.136916 0.268856 -0.75816 -0.20896 -6.87931 
0.0205175 0.868406 0.477263 -0.223432 -1.6026 -5.89595 0.0574598 0.136916 0.268856 -0.75816 -0.20896 -6.87931 
0.0205175 0.868406 0.477263 -0.223432 -1.6026 -5.93083 0.0574598 0.136916 0.268856 -0.75816 -0.20896 -6.87931 
0.0205175 0.868406 0.477263 -0.223432 -1.6026 -5.96572 0.0574598 0.136916 0.268856 -0.75816 -0.20896 -6.87931 
0.0205175 0.868406 0.477263 -0.223432 -1.6026 -6.00061 0.0574598 0.136916 0.268856 -0.75816 -0.20896 -6.87931 
0.0205175 0.868406 0.477263 -0.223432 -1.6026 -6.0355 0.0574598 0.136916 0.268856 -0.75816 -0.20896 -6.87931 
0.0205175 0.868406 0.477263 -0.223432 -1.6026 -6.07039 0.0574598 0.136916 0.268856 -0.75816 -0.20896 -6.87931 
0.0205175 0.868406 0.477263 -0.223432 -1.6026 -6.10528 0.0574598 0.136916 0.268856 -0.75816 -0.20896 -6.87931 
0.0205175 0.868406 0.477263 -0.223432 -1.6026 -6.14017 0.0574598 0.136916 0.268856 -0.75816 -0.20896 -6.87931 
0.0205175 0.868406 0.477263 -0.223432 -1.6026 -6.17506 0.0574598 0.136916 0.268856 -0.75816 -0.20896 -6.87931 
0.0205175 0.868406 0.477263 -0.223432 -1.6026 -6.20995 0.0574598 0.136916 0.268856 -0.75816 -0.20896 -6.87931 
0.0205175 0.868406 0.477263 -0.223432 -1.6026 -6.24483 0.0574598 0.136916 0.268856 -0.75816 -0.20896 -6.87931 
0.0205175 0.868406 0.477263 -0.223432 -1.6026 -6.27972 0.0574598 0.136916 0.268856 -0.75816 -0.20896 -6.87931 
0.0205175 0.868406 0.477263 -0.223432 -1.6026 -6.31461 0.0574598 0.136916 0.268856 -0.75816 -0.20896 -6.87931 
0.0205175 0.868406 0.477263 -0.223432 -1.6026 -6.3495 0.0574598 0.136916 0.268856 -0.75816 -0.20896 -6.87931 
0.0205175 0.868406 0.477263 -0.223432 -1.6026 -6.38439 0.0574598 0.136916 0.268856 -0.75816 -0.20896 -6.87931 
0.0205175 0.868406 0.477263 -0.223432 -1.6026 -6.41928 0.0574598 0.136916 0.268856 -0.75816 -0.20896 -6.87931 
0.0205175 0.868406 0.477263 -0.223432 -1.6026 -6.45417 0.0574598 0.136916 0.268856 -0.75816 -0.20896 -6.87931 
0.0205175 0.868406 0.477263 -0.223432 -1.6026 -6.48906 0.0574598 0.136916 0.268856 -0.75816 -0.20896 -6.87931 
0.0205175 0.868406 0.477263 -0.223432 -1.6026 -6.52395 0.0574598 0.136916 0.268856 -0.75816 -0.20896 -6.87931 
0.0205175 0.868406 0.477263 -0.223432 -1.6026 -6.55883 0.0574598 0.136916 0.268856 -0.75816 -0.20896 -6.87931 
0.0205175 0.868406 0.477263 -0.223432 -1.6026 -6.59372 0.0574598 0.136916 0.268856 -0.75816 -0.20896 -6.87931 
0.0205175 0.868406 0.477263 -0.223432 -1.6026 -6.62861 0.0574598 0.136916 0.268856 -0.75816 -0.20896 -6.87931 
0.0205175 0.868406 0.477263 -0.223432 -1.6026 -6.6635 0.0574598 0.136916 0.268856 -0.75816 -0.20896 -6.87931 
0.0205175 0.868406 0.477263 -0.223432 -1.6026 -6.69839 0.0574598 0.136916 0.268856 -0.75816 -0.20896 -6.87931 
0.0205175 0.868406 0.477263 -0.223432 -1.6026 -6.73328 0.0574598 0.136916 0.268856 -0.75816 -0.20896 -6.87931 
0.0205175 0.868406 0.477263 -0.223432 -1.6026 -6.76817 0.0574598 0.136916 0.268856 -0.75816 -0.20896 -6.87931 
0.0205175 0.868406 0.477263 -0.223432 -1.6026 -6.80306 0.0574598 0.136916 0.268856 -0.75816 -0.20896 -6.87931 
0.0205175 0.868406 0.477263 -0.223432 -1.6026 -6.83795 0.0574598 0.136916 0.268856 -0.75816 -0.20896 -6.87931 
0.0205175 0.868406 0.477263 -0.223432 -1.6026 -6.87283 0.0574598 0.136916 0.268856 -0.75816 -0.20896 -6.87931 
0.0205175 0.868406 0.477263 -0.223432 -1.6026 -6.90772 0.0574598 0.136916 0.268856 -0.75816 -0.20896 -6.87931 
0.0205175 0.868406 0.477263 -0.223432 -1.6026 -6.94261 0.0574598 0.136916 0.268856 -0.75816 -0.20896 -6.87931 

