0 0.264091 -0.140898 -0 -1.69399 2.98452 0.0318262 0.256964 -0.125467 -0.00299456 -1.71539 2.89749 
0.0341546 0.236152 -0.163479 0.105158 -1.62382 2.86779 0.136131 0.186935 -0.132467 -0.0530825 -1.51294 2.70015 
0.0683093 0.208214 -0.186061 0.210316 -1.55366 2.75106 0.262536 0.166513 -0.168407 -0.046735 -1.34142 2.48449 
0.102464 0.180275 -0.208642 0.315474 -1.48349 2.63433 0.392225 0.189097 -0.219198 0.01034 -1.22715 2.25514 
0.136619 0.152337 -0.231223 0.420631 -1.41332 2.5176 0.507621 0.243585 -0.2751 0.0981949 -1.18199 2.03551 
0.170773 0.124398 -0.253805 0.525789 -1.34316 2.40087 0.599629 0.317658 -0.331092 0.190572 -1.19857 1.85398 
0.204928 0.0964596 -0.276386 0.630947 -1.27299 2.28414 0.667831 0.40013 -0.385707 0.271933 -1.25726 1.72583 
0.239083 0.068521 -0.298968 0.736105 -1.20283 2.16742 0.716743 0.481121 -0.438514 0.341619 -1.33699 1.65048 
0.273237 0.0405824 -0.321549 0.841263 -1.13266 2.05069 0.752451 0.550928 -0.487187 0.406864 -1.42101 1.61952 
0.307392 0.0126439 -0.34413 0.946421 -1.06249 1.93396 0.780707 0.59915 -0.525811 0.476313 -1.49749 1.62315 
0.341546 -0.0152947 -0.366712 1.05158 -0.992327 1.81723 0.805962 0.615387 -0.546462 0.557063 -1.55782 1.65182 
0.375701 -0.0432333 -0.389293 1.15674 -0.922161 1.7005 0.83077 0.592307 -0.545434 0.653596 -1.59377 1.69434 
0.409856 -0.0711719 -0.411874 1.26189 -0.851995 1.58377 0.85525 0.530306 -0.532049 0.767723 -1.59561 1.7338 
0.44401 -0.0991104 -0.434456 1.36705 -0.781828 1.46704 0.876281 0.442054 -0.535388 0.901035 -1.55429 1.74345 
0.478165 -0.127049 -0.457037 1.47221 -0.711662 1.35031 0.885879 0.359404 -0.611756 1.06299 -1.46808 1.68327 
0.469806 -0.124826 -0.437122 1.51874 -0.728156 1.32579 0.953194 0.29509 -0.595488 1.17388 -1.48623 1.57445 
0.461447 -0.122603 -0.417206 1.56528 -0.744651 1.30128 1.01499 0.24939 -0.607166 1.278 -1.51456 1.46566 
0.453088 -0.12038 -0.397291 1.61181 -0.761145 1.27676 1.06981 0.218168 -0.638191 1.37394 -1.55216 1.36109 
0.444729 -0.118156 -0.377375 1.65835 -0.777639 1.25225 1.1164 0.197888 -0.681831 1.46159 -1.59669 1.26309 
0.43637 -0.115933 -0.35746 1.70488 -0.794134 1.22773 1.15372 0.185329 -0.732373 1.54194 -1.64538 1.1727 
0.428011 -0.11371 -0.337544 1.75142 -0.810628 1.20322 1.18089 0.17747 -0.784639 1.61678 -1.6956 1.09021 
0.419652 -0.111487 -0.317629 1.79795 -0.827123 1.1787 1.19707 0.171415 -0.833658 1.68836 -1.74498 1.01564 
0.411293 -0.109264 -0.297713 1.84449 -0.843617 1.15419 1.20152 0.164394 -0.874546 1.75924 -1.79134 0.948999 
0.402934 -0.10704 -0.277798 1.89102 -0.860111 1.12967 1.19349 0.153953 -0.902794 1.83195 -1.83256 0.89019 
0.394575 -0.104817 -0.257882 1.93756 -0.876606 1.10516 1.17238 0.138442 -0.915138 1.90862 -1.86662 0.838562 
0.386216 -0.102594 -0.237967 1.98409 -0.8931 1.08064 1.13784 0.117602 -0.910651 1.99037 -1.89185 0.792278 
0.377857 -0.100371 -0.218051 2.03063 -0.909594 1.05613 1.09008 0.0927542 -0.891108 2.07683 -1.90741 0.748192 
0.369498 -0.0981478 -0.198136 2.07716 -0.926089 1.03161 1.03016 0.0662965 -0.860113 2.16607 -1.91363 0.702572 
0.36114 -0.0959247 -0.17822 2.1237 -0.942583 1.0071 0.960272 0.040926 -0.82175 2.25504 -1.91199 0.652268 
0.352781 -0.0937015 -0.158305 2.17023 -0.959078 0.982581 0.883797 0.0190668 -0.779671 2.34008 -1.90484 0.595625 
0.344422 -0.0914783 -0.138389 2.21677 -0.975572 0.958066 0.804924 0.00262313 -0.736806 2.41758 -1.89476 0.53279 
0.336063 -0.0892552 -0.118474 2.2633 -0.992066 0.933551 0.727976 -0.00705465 -0.695417 2.48445 -1.8841 0.465393 
0.327704 -0.087032 -0.0985581 2.30984 -1.00856 0.909035 0.656637 -0.00909664 -0.657258 2.53861 -1.87456 0.395854 
0.319345 -0.0848088 -0.0786426 2.35637 -1.02506 0.88452 0.59343 -0.00299192 -0.623737 2.57908 -1.8672 0.326648 
0.310986 -0.0825857 -0.0587271 2.40291 -1.04155 0.860005 0.539603 0.0115432 -0.596046 2.60593 -1.86257 0.259797 
0.302627 -0.0803625 -0.0388117 2.44944 -1.05804 0.83549 0.495324 0.0346811 -0.575263 2.61994 -1.86103 0.196654 
0.294268 -0.0781393 -0.0188962 2.49598 -1.07454 0.810974 0.460014 0.0665727 -0.562445 2.62234 -1.8629 0.137898 
0.285909 -0.0759162 0.00101933 2.54251 -1.09103 0.786459 0.432667 0.107416 -0.558707 2.61446 -1.86866 0.0836107 
0.27755 -0.073693 0.0209348 2.58905 -1.10753 0.761944 0.412092 0.157515 -0.565334 2.59759 -1.87896 0.0333594 
0.269191 -0.0714698 0.0408503 2.63558 -1.12402 0.737429 0.397059 0.217357 -0.583926 2.5728 -1.89464 -0.0137733 
0.260832 -0.0692467 0.0607658 2.68212 -1.14052 0.712913 0.386389 0.287733 -0.616645 2.54082 -1.91678 -0.0592403 
0.252473 -0.0670235 0.0806813 2.72865 -1.15701 0.688398 0.378989 0.369985 -0.666706 2.50184 -1.94675 -0.10523 
0.252473 -0.0670235 0.0806813 2.72865 -1.15701 0.723287 0.378989 0.369985 -0.666706 2.50184 -1.94675 -0.0703411 
0.252473 -0.0670235 0.0806813 2.72865 -1.15701 0.758176 0.378989 0.369985 -0.666706 2.50184 -1.94675 -0.0354522 
0.252473 -0.0670235 0.0806813 2.72865 -1.15701 0.793065 0.378989 0.369985 -0.666706 2.50184 -1.94675 -0.000563333 
0.252473 -0.0670235 0.0806813 2.72865 -1.15701 0.827954 0.378989 0.369985 -0.666706 2.50184 -1.94675 0.0343256 
0.252473 -0.0670235 0.0806813 2.72865 -1.15701 0.862842 0.378989 0.369985 -0.666706 2.50184 -1.94675 0.0692144 
0.252473 -0.0670235 0.0806813 2.72865 -1.15701 0.897731 0.378989 0.369985 -0.666706 2.50184 -1.94675 0.104103 
0.252473 -0.0670235 0.0806813 2.72865 -1.15701 0.93262 0.378989 0.369985 -0.666706 2.50184 -1.94675 0.138992 
0.252473 -0.0670235 0.0806813 2.72865 -1.15701 0.967509 0.378989 0.369985 -0.666706 2.50184 -1.94675 0.173881 
0.252473 -0.0670235 0.0806813 2.72865 -1.15701 1.0024 0.378989 0.369985 -0.666706 2.50184 -1.94675 0.20877 
0.252473 -0.0670235 0.0806813 2.72865 -1.15701 1.03729 0.378989 0.369985 -0.666706 2.50184 -1.94675 0.243659 
0.252473 -0.0670235 0.0806813 2.72865 -1.15701 1.07218 0.378989 0.369985 -0.666706 2.50184 -1.94675 0.278548 
0.252473 -0.0670235 0.0806813 2.72865 -1.15701 1.10706 0.378989 0.369985 -0.666706 2.50184 -1.94675 0.313437 
0.252473 -0.0670235 0.0806813 2.72865 -1.15701 1.14195 0.378989 0.369985 -0.666706 2.50184 -1.94675 0.348326 
0.252473 -0.0670235 0.0806813 2.72865 -1.15701 1.17684 0.378989 0.369985 -0.666706 2.50184 -1.94675 0.383214 
0.252473 -0.0670235 0.0806813 2.72865 -1.15701 1.21173 0.378989 0.369985 -0.666706 2.50184 -1.94675 0.418103 
0.252473 -0.0670235 0.0806813 2.72865 -1.15701 1.24662 0.378989 0.369985 -0.666706 2.50184 -1.94675 0.452992 
0.252473 -0.0670235 0.0806813 2.72865 -1.15701 1.28151 0.378989 0.369985 -0.666706 2.50184 -1.94675 0.487881 
0.252473 -0.0670235 0.0806813 2.72865 -1.15701 1.3164 0.378989 0.369985 -0.666706 2.50184 -1.94675 0.52277 
0.252473 -0.0670235 0.0806813 2.72865 -1.15701 1.35129 0.378989 0.369985 -0.666706 2.50184 -1.94675 0.557659 
0.252473 -0.0670235 0.0806813 2.72865 -1.15701 1.38618 0.378989 0.369985 -0.666706 2.50184 -1.94675 0.592548 
0.252473 -0.0670235 0.0806813 2.72865 -1.15701 1.42106 0.378989 0.369985 -0.666706 2.50184 -1.94675 0.627437 
0.252473 -0.0670235 0.0806813 2.72865 -1.15701 1.45595 0.378989 0.369985 -0.666706 2.50184 -1.94675 0.662326 
0.252473 -0.0670235 0.0806813 2.72865 -1.15701 1.49084 0.378989 0.369985 -0.666706 2.50184 -1.94675 0.697214 
0.252473 -0.0670235 0.0806813 2.72865 -1.15701 1.52573 0.378989 0.369985 -0.666706 2.50184 -1.94675 0.732103 
0.252473 -0.0670235 0.0806813 2.72865 -1.15701 1.56062 0.378989 0.369985 -0.666706 2.50184 -1.94675 0.766992 
0.252473 -0.0670235 0.0806813 2.72865 -1.15701 1.59551 0.378989 0.369985 -0.666706 2.50184 -1.94675 0.801881 
0.252473 -0.0670235 0.0806813 2.72865 -1.15701 1.6304 0.378989 0.369985 -0.666706 2.50184 -1.94675 0.83677 
0.252473 -0.0670235 0.0806813 2.72865 -1.15701 1.66529 0.378989 0.369985 -0.666706 2.50184 -1.94675 0.871659 
0.252473 -0.0670235 0.0806813 2.72865 -1.15701 1.70018 0.378989 0.369985 -0.666706 2.50184 -1.94675 0.906548 
0.252473 -0.0670235 0.0806813 2.72865 -1.15701 1.73506 0.378989 0.369985 -0.666706 2.50184 -1.94675 0.941437 
0.252473 -0.0670235 0.0806813 2.72865 -1.15701 1.76995 0.378989 0.369985 -0.666706 2.50184 -1.94675 0.976326 
0.252473 -0.0670235 0.0806813 2.72865 -1.15701 1.80484 0.378989 0.369985 -0.666706 2.50184 -1.94675 1.01121 
0.252473 -0.0670235 0.0806813 2.72865 -1.15701 1.83973 0.378989 0.369985 -0.666706 2.50184 -1.94675 1.0461 
0.252473 -0.0670235 0.0806813 2.72865 -1.15701 1.87462 0.378989 0.369985 -0.666706 2.50184 -1.94675 1.08099 
0.252473 -0.0670235 0.0806813 2.72865 -1.15701 1.90951 0.378989 0.369985 -0.666706 2.50184 -1.94675 1.11588 
0.252473 -0.0670235 0.0806813 2.72865 -1.15701 1.9444 0.378989 0.369985 -0.666706 2.50184 -1.94675 1.15077 
0.252473 -0.0670235 0.0806813 2.72865 -1.15701 1.97929 0.378989 0.369985 -0.666706 2.50184 -1.94675 1.18566 
0.252473 -0.0670235 0.0806813 2.72865 -1.15701 2.01418 0.378989 0.369985 -0.666706 2.50184 -1.94675 1.22055 
0.252473 -0.0670235 0.0806813 2.72865 -1.15701 2.04906 0.378989 0.369985 -0.666706 2.50184 -1.94675 1.25544 
0.252473 -0.0670235 0.0806813 2.72865 -1.15701 2.08395 0.378989 0.369985 -0.666706 2.50184 -1.94675 1.29033 
0.252473 -0.0670235 0.0806813 2.72865 -1.15701 2.11884 0.378989 0.369985 -0.666706 2.50184 -1.94675 1.32521 
0.252473 -0.0670235 0.0806813 2.72865 -1.15701 2.15373 0.378989 0.369985 -0.666706 2.50184 -1.94675 1.3601 
0.252473 -0.0670235 0.0806813 2.72865 -1.15701 2.18862 0.378989 0.369985 -0.666706 2.50184 -1.94675 1.39499 
0.252473 -0.0670235 0.0806813 2.72865 -1.15701 2.22351 0.378989 0.369985 -0.666706 2.50184 -1.94675 1.42988 
0.252473 -0.0670235 0.0806813 2.72865 -1.15701 2.2584 0.378989 0.369985 -0.666706 2.50184 -1.94675 1.46477 
0.252473 -0.0670235 0.0806813 2.72865 -1.15701 2.29329 0.378989 0.369985 -0.666706 2.50184 -1.94675 1.49966 
0.252473 -0.0670235 0.0806813 2.72865 -1.15701 2.32818 0.378989 0.369985 -0.666706 2.50184 -1.94675 1.53455 
0.252473 -0.0670235 0.0806813 2.72865 -1.15701 2.36306 0.378989 0.369985 -0.666706 2.50184 -1.94675 1.56944 
0.252473 -0.0670235 0.0806813 2.72865 -1.15701 2.39795 0.378989 0.369985 -0.666706 2.50184 -1.94675 1.60433 
0.252473 -0.0670235 0.0806813 2.72865 -1.15701 2.43284 0.378989 0.369985 -0.666706 2.50184 -1.94675 1.63921 
0.252473 -0.0670235 0.0806813 2.72865 -1.15701 2.46773 0.378989 0.369985 -0.666706 2.50184 -1.94675 1.6741 
0.252473 -0.0670235 0.0806813 2.72865 -1.15701 2.50262 0.378989 0.369985 -0.666706 2.50184 -1.94675 1.70899 
0.252473 -0.0670235 0.0806813 2.72865 -1.15701 2.53751 0.378989 0.369985 -0.666706 2.50184 -1.94675 1.74388 
0.252473 -0.0670235 0.0806813 2.72865 -1.15701 2.5724 0.378989 0.369985 -0.666706 2.50184 -1.94675 1.77877 
0.252473 -0.0670235 0.0806813 2.72865 -1.15701 2.60729 0.378989 0.369985 -0.666706 2.50184 -1.94675 1.81366 
0.252473 -0.0670235 0.0806813 2.72865 -1.15701 2.64218 0.378989 0.369985 -0.666706 2.50184 -1.94675 1.84855 
0.252473 -0.0670235 0.0806813 2.72865 -1.15701 2.67706 0.378989 0.369985 -0.666706 2.50184 -1.94675 1.88344 
0.252473 -0.0670235 0.0806813 2.72865 -1.15701 2.71195 0.378989 0.369985 -0.666706 2.50184 -1.94675 1.91833 
0.252473 -0.0670235 0.0806813 2.72865 -1.15701 2.74684 0.378989 0.369985 -0.666706 2.50184 -1.94675 1.95321 
0.252473 -0.0670235 0.0806813 2.72865 -1.15701 2.78173 0.378989 0.369985 -0.666706 2.50184 -1.94675 1.9881 
0.252473 -0.0670235 0.0806813 2.72865 -1.15701 2.81662 0.378989 0.369985 -0.666706 2.50184 -1.94675 2.02299 
0.252473 -0.0670235 0.0806813 2.72865 -1.15701 2.85151 0.378989 0.369985 -0.666706 2.50184 -1.94675 2.05788 
0.252473 -0.0670235 0.0806813 2.72865 -1.15701 2.8864 0.378989 0.369985 -0.666706 2.50184 -1.94675 2.09277 
0.252473 -0.0670235 0.0806813 2.72865 -1.15701 2.92129 0.378989 0.369985 -0.666706 2.50184 -1.94675 2.12766 
0.252473 -0.0670235 0.0806813 2.72865 -1.15701 2.95618 0.378989 0.369985 -0.666706 2.50184 -1.94675 2.16255 
0.252473 -0.0670235 0.0806813 2.72865 -1.15701 2.99106 0.378989 0.369985 -0.666706 2.50184 -1.94675 2.19744 
0.252473 -0.0670235 0.0806813 2.72865 -1.15701 3.02595 0.378989 0.369985 -0.666706 2.50184 -1.94675 2.23233 
0.252473 -0.0670235 0.0806813 2.72865 -1.15701 3.06084 0.378989 0.369985 -0.666706 2.50184 -1.94675 2.26721 
0.252473 -0.0670235 0.0806813 2.72865 -1.15701 3.09573 0.378989 0.369985 -0.666706 2.50184 -1.94675 2.3021 
0.252473 -0.0670235 0.0806813 2.72865 -1.15701 3.13062 0.378989 0.369985 -0.666706 2.50184 -1.94675 2.33699 
0.252473 -0.0670235 0.0806813 2.72865 -1.15701 3.16551 0.378989 0.369985 -0.666706 2.50184 -1.94675 2.37188 
0.252473 -0.0670235 0.0806813 2.72865 -1.15701 3.2004 0.378989 0.369985 -0.666706 2.50184 -1.94675 2.40677 
0.252473 -0.0670235 0.0806813 2.72865 -1.15701 3.23529 0.378989 0.369985 -0.666706 2.50184 -1.94675 2.44166 
0.252473 -0.0670235 0.0806813 2.72865 -1.15701 3.27018 0.378989 0.369985 -0.666706 2.50184 -1.94675 2.47655 
0.252473 -0.0670235 0.0806813 2.72865 -1.15701 3.30506 0.378989 0.369985 -0.666706 2.50184 -1.94675 2.51144 
0.252473 -0.0670235 0.0806813 2.72865 -1.15701 3.33995 0.378989 0.369985 -0.666706 2.50184 -1.94675 2.54633 
0.252473 -0.0670235 0.0806813 2.72865 -1.15701 3.37484 0.378989 0.369985 -0.666706 2.50184 -1.94675 2.58121 
0.252473 -0.0670235 0.0806813 2.72865 -1.15701 3.40973 0.378989 0.369985 -0.666706 2.50184 -1.94675 2.6161 
0.252473 -0.0670235 0.0806813 2.72865 -1.15701 3.44462 0.378989 0.369985 -0.666706 2.50184 -1.94675 2.65099 
0.252473 -0.0670235 0.0806813 2.72865 -1.15701 3.47951 0.378989 0.369985 -0.666706 2.50184 -1.94675 2.68588 
0.252473 -0.0670235 0.0806813 2.72865 -1.15701 3.5144 0.378989 0.369985 -0.666706 2.50184 -1.94675 2.72077 
0.252473 -0.0670235 0.0806813 2.72865 -1.15701 3.54929 0.378989 0.369985 -0.666706 2.50184 -1.94675 2.75566 
0.252473 -0.0670235 0.0806813 2.72865 -1.15701 3.58418 0.378989 0.369985 -0.666706 2.50184 -1.94675 2.79055 
0.252473 -0.0670235 0.0806813 2.72865 -1.15701 3.61906 0.378989 0.369985 -0.666706 2.50184 -1.94675 2.82544 
0.252473 -0.0670235 0.0806813 2.72865 -1.15701 3.65395 0.378989 0.369985 -0.666706 2.50184 -1.94675 2.86033 
0.252473 -0.0670235 0.0806813 2.72865 -1.15701 3.68884 0.378989 0.369985 -0.666706 2.50184 -1.94675 2.89521 
0.252473 -0.0670235 0.0806813 2.72865 -1.15701 3.72373 0.378989 0.369985 -0.666706 2.50184 -1.94675 2.9301 
0.252473 -0.0670235 0.0806813 2.72865 -1.15701 3.75862 0.378989 0.369985 -0.666706 2.50184 -1.94675 2.96499 
0.252473 -0.0670235 0.0806813 2.72865 -1.15701 3.79351 0.378989 0.369985 -0.666706 2.50184 -1.94675 2.99988 
0.252473 -0.0670235 0.0806813 2.72865 -1.15701 3.8284 0.378989 0.369985 -0.666706 2.50184 -1.94675 3.03477 
0.252473 -0.0670235 0.0806813 2.72865 -1.15701 3.86329 0.378989 0.369985 -0.666706 2.50184 -1.94675 3.06966 
0.252473 -0.0670235 0.0806813 2.72865 -1.15701 3.89818 0.378989 0.369985 -0.666706 2.50184 -1.94675 3.10455 
0.252473 -0.0670235 0.0806813 2.72865 -1.15701 3.93306 0.378989 0.369985 -0.666706 2.50184 -1.94675 3.13944 
0.252473 -0.0670235 0.0806813 2.72865 -1.15701 3.96795 0.378989 0.369985 -0.666706 2.50184 -1.94675 3.17433 
0.252473 -0.0670235 0.0806813 2.72865 -1.15701 4.00284 0.378989 0.369985 -0.666706 2.50184 -1.94675 3.20921 
0.252473 -0.0670235 0.0806813 2.72865 -1.15701 4.03773 0.378989 0.369985 -0.666706 2.50184 -1.94675 3.2441 
0.252473 -0.0670235 0.0806813 2.72865 -1.15701 4.07262 0.378989 0.369985 -0.666706 2.50184 -1.94675 3.27899 
0.252473 -0.0670235 0.0806813 2.72865 -1.15701 4.10751 0.378989 0.369985 -0.666706 2.50184 -1.94675 3.31388 
0.252473 -0.0670235 0.0806813 2.72865 -1.15701 4.1424 0.378989 0.369985 -0.666706 2.50184 -1.94675 3.34877 
0.252473 -0.0670235 0.0806813 2.72865 -1.15701 4.17729 0.378989 0.369985 -0.666706 2.50184 -1.94675 3.38366 
0.252473 -0.0670235 0.0806813 2.72865 -1.15701 4.21218 0.378989 0.369985 -0.666706 2.50184 -1.94675 3.41855 
0.252473 -0.0670235 0.0806813 2.72865 -1.15701 4.24706 0.378989 0.369985 -0.666706 2.50184 -1.94675 3.45344 
0.252473 -0.0670235 0.0806813 2.72865 -1.15701 4.28195 0.378989 0.369985 -0.666706 2.50184 -1.94675 3.48833 
0.252473 -0.0670235 0.0806813 2.72865 -1.15701 4.31684 0.378989 0.369985 -0.666706 2.50184 -1.94675 3.52321 
0.252473 -0.0670235 0.0806813 2.72865 -1.15701 4.35173 0.378989 0.369985 -0.666706 2.50184 -1.94675 3.5581 
0.252473 -0.0670235 0.0806813 2.72865 -1.15701 4.38662 0.378989 0.369985 -0.666706 2.50184 -1.94675 3.59299 
0.252473 -0.0670235 0.0806813 2.72865 -1.15701 4.42151 0.378989 0.369985 -0.666706 2.50184 -1.94675 3.62788 
0.252473 -0.0670235 0.0806813 2.72865 -1.15701 4.4564 0.378989 0.369985 -0.666706 2.50184 -1.94675 3.66277 
0.252473 -0.0670235 0.0806813 2.72865 -1.15701 4.49129 0.378989 0.369985 -0.666706 2.50184 -1.94675 3.69766 
0.252473 -0.0670235 0.0806813 2.72865 -1.15701 4.52618 0.378989 0.369985 -0.666706 2.50184 -1.94675 3.73255 
0.252473 -0.0670235 0.0806813 2.72865 -1.15701 4.56106 0.378989 0.369985 -0.666706 2.50184 -1.94675 3.76744 
0.252473 -0.0670235 0.0806813 2.72865 -1.15701 4.59595 0.378989 0.369985 -0.666706 2.50184 -1.94675 3.80233 
0.252473 -0.0670235 0.0806813 2.72865 -1.15701 4.63084 0.378989 0.369985 -0.666706 2.50184 -1.94675 3.83721 
0.252473 -0.0670235 0.0806813 2.72865 -1.15701 4.66573 0.378989 0.369985 -0.666706 2.50184 -1.94675 3.8721 
0.252473 -0.0670235 0.0806813 2.72865 -1.15701 4.70062 0.378989 0.369985 -0.666706 2.50184 -1.94675 3.90699 
0.252473 -0.0670235 0.0806813 2.72865 -1.15701 4.73551 0.378989 0.369985 -0.666706 2.50184 -1.94675 3.94188 
0.252473 -0.0670235 0.0806813 2.72865 -1.15701 4.7704 0.378989 0.369985 -0.666706 2.50184 -1.94675 3.97677 
0.252473 -0.0670235 0.0806813 2.72865 -1.15701 4.80529 0.378989 0.369985 -0.666706 2.50184 -1.94675 4.01166 
0.252473 -0.0670235 0.0806813 2.72865 -1.15701 4.84018 0.378989 0.369985 -0.666706 2.50184 -1.94675 4.04655 
0.252473 -0.0670235 0.0806813 2.72865 -1.15701 4.87506 0.378989 0.369985 -0.666706 2.50184 -1.94675 4.08144 
0.252473 -0.0670235 0.0806813 2.72865 -1.15701 4.90995 0.378989 0.369985 -0.666706 2.50184 -1.94675 4.11633 
0.252473 -0.0670235 0.0806813 2.72865 -1.15701 4.94484 0.378989 0.369985 -0.666706 2.50184 -1.94675 4.15121 
0.252473 -0.0670235 0.0806813 2.72865 -1.15701 4.97973 0.378989 0.369985 -0.666706 2.50184 -1.94675 4.1861 
0.252473 -0.0670235 0.0806813 2.72865 -1.15701 5.01462 0.378989 0.369985 -0.666706 2.50184 -1.94675 4.22099 
0.252473 -0.0670235 0.0806813 2.72865 -1.15701 5.04951 0.378989 0.369985 -0.666706 2.50184 -1.94675 4.25588 
0.252473 -0.0670235 0.0806813 2.72865 -1.15701 5.0844 0.378989 0.369985 -0.666706 2.50184 -1.94675 4.29077 
0.252473 -0.0670235 0.0806813 2.72865 -1.15701 5.11929 0.378989 0.369985 -0.666706 2.50184 -1.94675 4.32566 
0.252473 -0.0670235 0.0806813 2.72865 -1.15701 5.15418 0.378989 0.369985 -0.666706 2.50184 -1.94675 4.36055 
0.252473 -0.0670235 0.0806813 2.72865 -1.15701 5.18906 0.378989 0.369985 -0.666706 2.50184 -1.94675 4.39544 
0.252473 -0.0670235 0.0806813 2.72865 -1.15701 5.22395 0.378989 0.369985 -0.666706 2.50184 -1.94675 4.43033 
0.252473 -0.0670235 0.0806813 2.72865 -1.15701 5.25884 0.378989 0.369985 -0.666706 2.50184 -1.94675 4.46521 
0.252473 -0.0670235 0.0806813 2.72865 -1.15701 5.29373 0.378989 0.369985 -0.666706 2.50184 -1.94675 4.5001 
0.252473 -0.0670235 0.0806813 2.72865 -1.15701 5.32862 0.378989 0.369985 -0.666706 2.50184 -1.94675 4.53499 
0.252473 -0.0670235 0.0806813 2.72865 -1.15701 5.36351 0.378989 0.369985 -0.666706 2.50184 -1.94675 4.56988 
0.252473 -0.0670235 0.0806813 2.72865 -1.15701 5.3984 0.378989 0.369985 -0.666706 2.50184 -1.94675 4.60477 
0.252473 -0.0670235 0.0806813 2.72865 -1.15701 5.43329 0.378989 0.369985 -0.666706 2.50184 -1.94675 4.63966 
0.252473 -0.0670235 0.0806813 2.72865 -1.15701 5.46818 0.378989 0.369985 -0.666706 2.50184 -1.94675 4.67455 
0.252473 -0.0670235 0.0806813 2.72865 -1.15701 5.50306 0.378989 0.369985 -0.666706 2.50184 -1.94675 4.70944 
0.252473 -0.0670235 0.0806813 2.72865 -1.15701 5.53795 0.378989 0.369985 -0.666706 2.50184 -1.94675 4.74433 
0.252473 -0.0670235 0.0806813 2.72865 -1.15701 5.57284 0.378989 0.369985 -0.666706 2.50184 -1.94675 4.77921 
0.252473 -0.0670235 0.0806813 2.72865 -1.15701 5.60773 0.378989 0.369985 -0.666706 2.50184 -1.94675 4.8141 
0.252473 -0.0670235 0.0806813 2.72865 -1.15701 5.64262 0.378989 0.369985 -0.666706 2.50184 -1.94675 4.84899 
0.252473 -0.0670235 0.0806813 2.72865 -1.15701 5.67751 0.378989 0.369985 -0.666706 2.50184 -1.94675 4.88388 
0.252473 -0.0670235 0.0806813 2.72865 -1.15701 5.7124 0.378989 0.369985 -0.666706 2.50184 -1.94675 4.91877 
0.252473 -0.0670235 0.0806813 2.72865 -1.15701 5.74729 0.378989 0.369985 -0.666706 2.50184 -1.94675 4.95366 
0.252473 -0.0670235 0.0806813 2.72865 -1.15701 5.78218 0.378989 0.369985 -0.666706 2.50184 -1.94675 4.98855 
0.252473 -0.0670235 0.0806813 2.72865 -1.15701 5.81706 0.378989 0.369985 -0.666706 2.50184 -1.94675 5.02344 
0.252473 -0.0670235 0.0806813 2.72865 -1.15701 5.85195 0.378989 0.369985 -0.666706 2.50184 -1.94675 5.05833 
0.252473 -0.0670235 0.0806813 2.72865 -1.15701 5.88684 0.378989 0.369985 -0.666706 2.50184 -1.94675 5.09321 
0.252473 -0.0670235 0.0806813 2.72865 -1.15701 5.92173 0.378989 0.369985 -0.666706 2.50184 -1.94675 5.1281 
0.252473 -0.0670235 0.0806813 2.72865 -1.15701 5.95662 0.378989 0.369985 -0.666706 2.50184 -1.94675 5.16299 
0.252473 -0.0670235 0.0806813 2.72865 -1.15701 5.99151 0.378989 0.369985 -0.666706 2.50184 -1.94675 5.19788 
0.252473 -0.0670235 0.0806813 2.72865 -1.15701 6.0264 0.378989 0.369985 -0.666706 2.50184 -1.94675 5.23277 
0.252473 -0.0670235 0.0806813 2.72865 -1.15701 6.06129 0.378989 0.369985 -0.666706 2.50184 -1.94675 5.26766 
0.252473 -0.0670235 0.0806813 2.72865 -1.15701 6.09618 0.378989 0.369985 -0.666706 2.50184 -1.94675 5.30255 
0.252473 -0.0670235 0.0806813 2.72865 -1.15701 6.13106 0.378989 0.369985 -0.666706 2.50184 -1.94675 5.33744 
0.252473 -0.0670235 0.0806813 2.72865 -1.15701 6.16595 0.378989 0.369985 -0.666706 2.50184 -1.94675 5.37233 
0.252473 -0.0670235 0.0806813 2.72865 -1.15701 6.20084 0.378989 0.369985 -0.666706 2.50184 -1.94675 5.40721 
0.252473 -0.0670235 0.0806813 2.72865 -1.15701 6.23573 0.378989 0.369985 -0.666706 2.50184 -1.94675 5.4421 
0.252473 -0.0670235 0.0806813 2.72865 -1.15701 6.27062 0.378989 0.369985 -0.666706 2.50184 -1.94675 5.47699 
0.252473 -0.0670235 0.0806813 2.72865 -1.15701 6.30551 0.378989 0.369985 -0.666706 2.50184 -1.94675 5.51188 
0.252473 -0.0670235 0.0806813 2.72865 -1.15701 6.3404 0.378989 0.369985 -0.666706 2.50184 -1.94675 5.54677 
0.252473 -0.0670235 0.0806813 2.72865 -1.15701 6.37529 0.378989 0.369985 -0.666706 2.50184 -1.94675 5.58166 
0.252473 -0.0670235 0.0806813 2.72865 -1.15701 6.41018 0.378989 0.369985 -0.666706 2.50184 -1.94675 5.61655 
0.252473 -0.0670235 0.0806813 2.72865 -1.15701 6.44506 0.378989 0.369985 -0.666706 2.50184 -1.94675 5.65144 
0.252473 -0.0670235 0.0806813 2.72865 -1.15701 6.47995 0.378989 0.369985 -0.666706 2.50184 -1.94675 5.68633 
0.252473 -0.0670235 0.0806813 2.72865 -1.15701 6.51484 0.378989 0.369985 -0.666706 2.50184 -1.94675 5.72121 
0.252473 -0.0670235 0.0806813 2.72865 -1.15701 6.54973 0.378989 0.369985 -0.666706 2.50184 -1.94675 5.7561 
0.252473 -0.0670235 0.0806813 2.72865 -1.15701 6.58462 0.378989 0.369985 -0.666706 2.50184 -1.94675 5.79099 
0.252473 -0.0670235 0.0806813 2.72865 -1.15701 6.61951 0.378989 0.369985 -0.666706 2.50184 -1.94675 5.82588 
0.252473 -0.0670235 0.0806813 2.72865 -1.15701 6.6544 0.378989 0.369985 -0.666706 2.50184 -1.94675 5.86077 
0.252473 -0.0670235 0.0806813 2.72865 -1.15701 6.68929 0.378989 0.369985 -0.666706 2.50184 -1.94675 5.89566 
0.252473 -0.0670235 0.0806813 2.72865 -1.15701 6.72418 0.378989 0.369985 -0.666706 2.50184 -1.94675 5.93055 
0.252473 -0.0670235 0.0806813 2.72865 -1.15701 6.75906 0.378989 0.369985 -0.666706 2.50184 -1.94675 5.96544 
0.252473 -0.0670235 0.0806813 2.72865 -1.15701 6.79395 0.378989 0.369985 -0.666706 2.50184 -1.94675 6.00033 
0.252473 -0.0670235 0.0806813 2.72865 -1.15701 6.82884 0.378989 0.369985 -0.666706 2.50184 -1.94675 6.03521 
0.252473 -0.0670235 0.0806813 2.72865 -1.15701 6.86373 0.378989 0.369985 -0.666706 2.50184 -1.94675 6.0701 
0.252473 -0.0670235 0.0806813 2.72865 -1.15701 6.89862 0.378989 0.369985 -0.666706 2.50184 -1.94675 6.10499 
0.252473 -0.0670235 0.0806813 2.72865 -1.15701 6.93351 0.378989 0.369985 -0.666706 2.50184 -1.94675 6.13988 
0.252473 -0.0670235 0.0806813 2.72865 -1.15701 6.89862 0.378989 0.369985 -0.666706 2.50184 -1.94675 6.17477 
0.252473 -0.0670235 0.0806813 2.72865 -1.15701 6.89862 0.378989 0.369985 -0.666706 2.50184 -1.94675 6.20966 
0.252473 -0.0670235 0.0806813 2.72865 -1.15701 6.89862 0.378989 0.369985 -0.666706 2.50184 -1.94675 6.24455 
0.252473 -0.0670235 0.0806813 2.72865 -1.15701 6.89862 0.378989 0.369985 -0.666706 2.50184 -1.94675 6.27944 
0.252473 -0.0670235 0.0806813 2.72865 -1.15701 6.89862 0.378989 0.369985 -0.666706 2.50184 -1.94675 6.31433 
0.252473 -0.0670235 0.0806813 2.72865 -1.15701 6.89862 0.378989 0.369985 -0.666706 2.50184 -1.94675 6.34921 
0.252473 -0.0670235 0.0806813 2.72865 -1.15701 6.89862 0.378989 0.369985 -0.666706 2.50184 -1.94675 6.3841 
0.252473 -0.0670235 0.0806813 2.72865 -1.15701 6.89862 0.378989 0.369985 -0.666706 2.50184 -1.94675 6.41899 
0.252473 -0.0670235 0.0806813 2.72865 -1.15701 6.89862 0.378989 0.369985 -0.666706 2.50184 -1.94675 6.45388 
0.252473 -0.0670235 0.0806813 2.72865 -1.15701 6.89862 0.378989 0.369985 -0.666706 2.50184 -1.94675 6.48877 
0.252473 -0.0670235 0.0806813 2.72865 -1.15701 6.89862 0.378989 0.369985 -0.666706 2.50184 -1.94675 6.52366 
0.252473 -0.0670235 0.0806813 2.72865 -1.15701 6.89862 0.378989 0.369985 -0.666706 2.50184 -1.94675 6.55855 
0.252473 -0.0670235 0.0806813 2.72865 -1.15701 6.89862 0.378989 0.369985 -0.666706 2.50184 -1.94675 6.59344 
0.252473 -0.0670235 0.0806813 2.72865 -1.15701 6.89862 0.378989 0.369985 -0.666706 2.50184 -1.94675 6.62833 
0.252473 -0.0670235 0.0806813 2.72865 -1.15701 6.89862 0.378989 0.369985 -0.666706 2.50184 -1.94675 6.66321 
0.252473 -0.0670235 0.0806813 2.72865 -1.15701 6.89862 0.378989 0.369985 -0.666706 2.50184 -1.94675 6.6981 
0.252473 -0.0670235 0.0806813 2.72865 -1.15701 6.89862 0.378989 0.369985 -0.666706 2.50184 -1.94675 6.73299 
0.252473 -0.0670235 0.0806813 2.72865 -1.15701 6.89862 0.378989 0.369985 -0.666706 2.50184 -1.94675 6.76788 
0.252473 -0.0670235 0.0806813 2.72865 -1.15701 6.89862 0.378989 0.369985 -0.666706 2.50184 -1.94675 6.80277 
0.252473 -0.0670235 0.0806813 2.72865 -1.15701 6.89862 0.378989 0.369985 -0.666706 2.50184 -1.94675 6.83766 
0.252473 -0.0670235 0.0806813 2.72865 -1.15701 6.89862 0.378989 0.369985 -0.666706 2.50184 -1.94675 6.87255 
0.252473 -0.0670235 0.0806813 2.72865 -1.15701 6.89862 0.378989 0.369985 -0.666706 2.50184 -1.94675 6.90744 
0.252473 -0.0670235 0.0806813 2.72865 -1.15701 6.89862 0.378989 0.369985 -0.666706 2.50184 -1.94675 6.94233 

