0 0.264091 -0.140898 -0 -1.69399 2.98452 0.0318262 0.256964 -0.125467 -0.00299456 -1.71539 2.89749 
0.0123308 0.256524 -0.124877 -0.0048022 -1.70868 2.9269 0.0295606 0.256358 -0.122221 -0.0242248 -1.70294 2.89417 
0.0250371 0.249946 -0.110374 -0.00977499 -1.7219 2.86855 0.027295 0.255751 -0.118975 -0.045455 -1.69049 2.89085 
0.038063 0.244345 -0.0973749 -0.0148535 -1.73365 2.8096 0.0250294 0.255145 -0.115729 -0.0666852 -1.67804 2.88753 
0.0513521 0.239711 -0.0858807 -0.0199656 -1.74387 2.75017 0.0227638 0.254538 -0.112483 -0.0879154 -1.66559 2.88421 
0.0648462 0.236028 -0.0758851 -0.0250325 -1.75256 2.69039 0.0204983 0.253932 -0.109237 -0.109146 -1.65314 2.88089 
0.0784865 0.233274 -0.0673768 -0.0299702 -1.75967 2.63041 0.0182327 0.253325 -0.105991 -0.130376 -1.6407 2.87757 
0.0922139 0.231424 -0.0603383 -0.0346914 -1.76522 2.57037 0.0159671 0.252719 -0.102745 -0.151606 -1.62825 2.87425 
0.10597 0.230444 -0.0547462 -0.0391068 -1.76919 2.5104 0.0137015 0.252112 -0.0994996 -0.172836 -1.6158 2.87093 
0.119698 0.230297 -0.0505714 -0.0431272 -1.7716 2.45065 0.0114359 0.251506 -0.0962536 -0.194066 -1.60335 2.86761 
0.133343 0.230942 -0.0477788 -0.0466654 -1.77246 2.39125 0.00917031 0.250899 -0.0930077 -0.215297 -1.5909 2.86429 
0.146854 0.232332 -0.0463282 -0.0496379 -1.7718 2.33234 0.00690472 0.250293 -0.0897618 -0.236527 -1.57845 2.86097 
0.160183 0.234417 -0.0461741 -0.0519665 -1.76966 2.27403 0.00463913 0.249686 -0.0865159 -0.257757 -1.566 2.85765 
0.173285 0.237145 -0.0472665 -0.0535796 -1.76608 2.21644 0.00237354 0.24908 -0.0832699 -0.278987 -1.55355 2.85434 
0.18612 0.240461 -0.0495512 -0.0544131 -1.7611 2.15966 0.000107956 0.248473 -0.080024 -0.300217 -1.5411 2.85102 
0.198652 0.244309 -0.0529703 -0.0544114 -1.75479 2.1038 -0.00215763 0.247867 -0.0767781 -0.321448 -1.52865 2.8477 
0.210851 0.248631 -0.0574628 -0.0535275 -1.7472 2.04891 -0.00442322 0.247261 -0.0735321 -0.342678 -1.51621 2.84438 
0.222688 0.25337 -0.0629653 -0.0517236 -1.7384 1.99508 -0.00668881 0.246654 -0.0702862 -0.363908 -1.50376 2.84106 
0.234143 0.258468 -0.0694123 -0.0489701 -1.72845 1.94235 -0.0089544 0.246048 -0.0670403 -0.385138 -1.49131 2.83774 
0.245195 0.263867 -0.0767368 -0.0452462 -1.71742 1.89076 -0.01122 0.245441 -0.0637944 -0.406368 -1.47886 2.83442 
0.25583 0.269513 -0.084871 -0.0405386 -1.70539 1.84033 -0.0134856 0.244835 -0.0605484 -0.427599 -1.46641 2.8311 
0.266038 0.275351 -0.0937465 -0.0348413 -1.69242 1.7911 -0.0157512 0.244228 -0.0573025 -0.448829 -1.45396 2.82778 
0.27581 0.281328 -0.103295 -0.0281544 -1.67857 1.74306 -0.0180168 0.243622 -0.0540566 -0.470059 -1.44151 2.82446 
0.285141 0.287396 -0.113449 -0.0204836 -1.66393 1.69622 -0.0202823 0.243015 -0.0508106 -0.491289 -1.42906 2.82114 
0.294027 0.293504 -0.12414 -0.0118392 -1.64855 1.65058 -0.0225479 0.242409 -0.0475647 -0.512519 -1.41661 2.81782 
0.30247 0.299609 -0.135303 -0.00223557 -1.6325 1.60611 -0.0248135 0.241802 -0.0443188 -0.53375 -1.40416 2.8145 
0.310469 0.305667 -0.146872 0.00830996 -1.61585 1.5628 -0.0270791 0.241196 -0.0410729 -0.55498 -1.39171 2.81118 
0.318026 0.311636 -0.158784 0.0197775 -1.59865 1.52063 -0.0293447 0.240589 -0.0378269 -0.57621 -1.37927 2.80786 
0.325146 0.31748 -0.170976 0.0321451 -1.58097 1.47957 -0.0316103 0.239983 -0.034581 -0.59744 -1.36682 2.80454 
0.331832 0.323161 -0.183388 0.0453897 -1.56286 1.43961 -0.0338759 0.239376 -0.0313351 -0.61867 -1.35437 2.80122 
0.338088 0.328647 -0.195961 0.0594871 -1.54438 1.4007 -0.0361415 0.23877 -0.0280891 -0.639901 -1.34192 2.7979 
0.34392 0.333907 -0.208637 0.0744124 -1.52558 1.36282 -0.0384071 0.238163 -0.0248432 -0.661131 -1.32947 2.79458 
0.349331 0.33891 -0.221362 0.0901403 -1.50651 1.32595 -0.0406726 0.237557 -0.0215973 -0.682361 -1.31702 2.79126 
0.354327 0.34363 -0.234081 0.106645 -1.48721 1.29005 -0.0429382 0.236951 -0.0183514 -0.703591 -1.30457 2.78794 
0.358911 0.348042 -0.246741 0.123902 -1.46774 1.2551 -0.0452038 0.236344 -0.0151054 -0.724821 -1.29212 2.78462 
0.363087 0.352122 -0.259292 0.141885 -1.44812 1.22107 -0.0474694 0.235738 -0.0118595 -0.746052 -1.27967 2.7813 
0.366857 0.355847 -0.271683 0.160568 -1.42841 1.18794 -0.049735 0.235131 -0.00861357 -0.767282 -1.26722 2.77798 
0.370224 0.359197 -0.283866 0.179925 -1.40864 1.15569 -0.0520006 0.234525 -0.00536764 -0.788512 -1.25478 2.77466 
0.373188 0.362153 -0.295794 0.199931 -1.38884 1.1243 -0.0542662 0.233918 -0.00212171 -0.809742 -1.24233 2.77135 
0.37575 0.364696 -0.30742 0.220559 -1.36904 1.09376 -0.0565318 0.233312 0.00112421 -0.830972 -1.22988 2.76803 
0.377908 0.36681 -0.318697 0.241783 -1.34928 1.06406 -0.0587974 0.232705 0.00437014 -0.852203 -1.21743 2.76471 
0.379662 0.368478 -0.329582 0.263574 -1.32958 1.03518 -0.0610629 0.232099 0.00761607 -0.873433 -1.20498 2.76139 
0.381008 0.369686 -0.34003 0.285904 -1.30995 1.00712 -0.0633285 0.231492 0.010862 -0.894663 -1.19253 2.75807 
0.381942 0.370419 -0.349998 0.308745 -1.29043 0.979878 -0.0655941 0.230886 0.0141079 -0.915893 -1.18008 2.75475 
0.38246 0.370665 -0.359442 0.332064 -1.27103 0.953463 -0.0678597 0.230279 0.0173539 -0.937123 -1.16763 2.75143 
0.382556 0.370411 -0.36832 0.355831 -1.25175 0.927878 -0.0701253 0.229673 0.0205998 -0.958354 -1.15518 2.74811 
0.382222 0.369645 -0.376591 0.38001 -1.23262 0.903134 -0.0723909 0.229066 0.0238457 -0.979584 -1.14273 2.74479 
0.381451 0.368358 -0.384214 0.404566 -1.21363 0.879244 -0.0746565 0.22846 0.0270916 -1.00081 -1.13028 2.74147 
0.380235 0.366541 -0.391149 0.429462 -1.19479 0.856227 -0.0769221 0.227854 0.0303376 -1.02204 -1.11784 2.73815 
0.378562 0.364184 -0.397358 0.454656 -1.1761 0.834106 -0.0791877 0.227247 0.0335835 -1.04327 -1.10539 2.73483 
0.376424 0.361283 -0.402803 0.480106 -1.15755 0.812905 -0.0814532 0.226641 0.0368294 -1.0645 -1.09294 2.73151 
0.373807 0.357831 -0.407448 0.505766 -1.13913 0.792655 -0.0837188 0.226034 0.0400754 -1.08573 -1.08049 2.72819 
0.370702 0.353826 -0.41126 0.531588 -1.12082 0.773387 -0.0859844 0.225428 0.0433213 -1.10697 -1.06804 2.72487 
0.367093 0.349265 -0.414206 0.557521 -1.10261 0.755138 -0.08825 0.224821 0.0465672 -1.1282 -1.05559 2.72155 
0.362969 0.344148 -0.416257 0.58351 -1.08448 0.737946 -0.0905156 0.224215 0.0498131 -1.14943 -1.04314 2.71823 
0.358315 0.338479 -0.417386 0.609498 -1.06639 0.721852 -0.0927812 0.223608 0.0530591 -1.17066 -1.03069 2.71491 
0.353116 0.332262 -0.417569 0.635423 -1.04831 0.706901 -0.0950468 0.223002 0.056305 -1.19189 -1.01824 2.71159 
0.347359 0.325505 -0.416786 0.661222 -1.03021 0.693139 -0.0973124 0.222395 0.0595509 -1.21312 -1.00579 2.70827 
0.341029 0.318218 -0.415019 0.686826 -1.01205 0.680613 -0.099578 0.221789 0.0627969 -1.23435 -0.993345 2.70495 
0.334111 0.310414 -0.412255 0.712163 -0.993791 0.669375 -0.101844 0.221182 0.0660428 -1.25558 -0.980896 2.70163 
0.32659 0.30211 -0.408484 0.737157 -0.975382 0.659477 -0.104109 0.220576 0.0692887 -1.27681 -0.968447 2.69831 
0.318452 0.293324 -0.4037 0.761726 -0.956777 0.650974 -0.106375 0.219969 0.0725346 -1.29804 -0.955998 2.69499 
0.309685 0.28408 -0.397902 0.785784 -0.937929 0.643924 -0.10864 0.219363 0.0757806 -1.31927 -0.943549 2.69167 
0.300274 0.274403 -0.391093 0.809239 -0.91879 0.638387 -0.110906 0.218757 0.0790265 -1.3405 -0.9311 2.68836 
0.290209 0.264323 -0.383279 0.831991 -0.89931 0.634429 -0.113171 0.21815 0.0822724 -1.36173 -0.918651 2.68504 
0.279478 0.253872 -0.37447 0.853932 -0.879444 0.63212 -0.115437 0.217544 0.0855184 -1.38296 -0.906202 2.68172 
0.268075 0.243085 -0.364682 0.874947 -0.859147 0.631536 -0.117703 0.216937 0.0887643 -1.40419 -0.893753 2.6784 
0.255991 0.232001 -0.35393 0.894905 -0.838378 0.632762 -0.119968 0.216331 0.0920102 -1.42542 -0.881304 2.67508 
0.243222 0.220662 -0.342238 0.913666 -0.817102 0.635894 -0.122234 0.215724 0.0952561 -1.44665 -0.868855 2.67176 
0.229769 0.209113 -0.329629 0.931071 -0.79529 0.641042 -0.124499 0.215118 0.0985021 -1.46788 -0.856406 2.66844 
0.215631 0.197399 -0.316131 0.946944 -0.772921 0.648329 -0.126765 0.214511 0.101748 -1.48911 -0.843957 2.66512 
0.200816 0.185572 -0.301772 0.961084 -0.749985 0.657904 -0.129031 0.213905 0.104994 -1.51034 -0.831508 2.6618 
0.185332 0.173682 -0.286587 0.973264 -0.726482 0.669937 -0.131296 0.213298 0.10824 -1.53157 -0.819059 2.65848 
0.169193 0.161785 -0.270608 0.983223 -0.702428 0.684632 -0.133562 0.212692 0.111486 -1.5528 -0.80661 2.65516 
0.152418 0.149934 -0.253872 0.990659 -0.677853 0.702231 -0.135827 0.212085 0.114732 -1.57403 -0.79416 2.65184 
0.135032 0.138189 -0.236417 0.995226 -0.652808 0.723022 -0.138093 0.211479 0.117978 -1.59526 -0.781711 2.64852 
0.117065 0.126606 -0.218281 0.99652 -0.627369 0.747348 -0.140359 0.210872 0.121224 -1.61649 -0.769262 2.6452 
0.0985505 0.115247 -0.199505 0.994073 -0.601637 0.775615 -0.142624 0.210266 0.12447 -1.63772 -0.756813 2.64188 
0.0795315 0.10417 -0.180131 0.98734 -0.575745 0.808307 -0.14489 0.209659 0.127715 -1.65895 -0.744364 2.63856 
0.060055 0.0934369 -0.160199 0.975696 -0.549865 0.84599 -0.147155 0.209053 0.130961 -1.68018 -0.731915 2.63524 
0.0401745 0.0831085 -0.139754 0.958427 -0.524215 0.889319 -0.149421 0.208447 0.134207 -1.70141 -0.719466 2.63192 
0.0199491 0.0732455 -0.118839 0.934735 -0.499066 0.939035 -0.151686 0.20784 0.137453 -1.72264 -0.707017 2.6286 
-0.000556582 0.0639081 -0.0974987 0.903753 -0.474752 0.995948 -0.153952 0.207234 0.140699 -1.74387 -0.694568 2.62528 
-0.0212728 0.0551559 -0.0757771 0.864595 -0.451677 1.06089 -0.156218 0.206627 0.143945 -1.7651 -0.682119 2.62196 
-0.0421256 0.0470477 -0.0537199 0.816439 -0.430322 1.13464 -0.158483 0.206021 0.147191 -1.78633 -0.66967 2.61864 
-0.0630371 0.0396409 -0.0313731 0.758664 -0.411245 1.21776 -0.160749 0.205414 0.150437 -1.80756 -0.657221 2.61532 
-0.0839266 0.0329916 -0.00878333 0.691056 -0.39507 1.31043 -0.163014 0.204808 0.153683 -1.82879 -0.644772 2.612 
-0.104711 0.0271544 0.0140024 0.614049 -0.382453 1.41218 -0.16528 0.204201 0.156929 -1.85002 -0.632323 2.60868 
-0.125307 0.0221821 0.0369363 0.528946 -0.374034 1.52166 -0.167546 0.203595 0.160175 -1.87125 -0.619874 2.60536 
-0.145631 0.0181255 0.05997 0.438013 -0.370359 1.63658 -0.169811 0.202988 0.163421 -1.89248 -0.607425 2.60205 
-0.165598 0.0150337 0.0830544 0.344322 -0.37181 1.75384 -0.172077 0.202382 0.166667 -1.91371 -0.594976 2.59873 
-0.185129 0.0129537 0.106139 0.251334 -0.378539 1.86996 -0.174342 0.201775 0.169912 -1.93494 -0.582527 2.59541 
-0.204144 0.0119302 0.129174 0.162329 -0.390458 1.98165 -0.176608 0.201169 0.173158 -1.95617 -0.570078 2.59209 
-0.222567 0.0120063 0.152107 0.0799104 -0.407268 2.08629 -0.178874 0.200562 0.176404 -1.9774 -0.557629 2.58877 
-0.240328 0.0132225 0.174886 0.00574688 -0.428522 2.18221 -0.181139 0.199956 0.17965 -1.99863 -0.54518 2.58545 
-0.257359 0.0156174 0.197457 -0.0594161 -0.4537 2.26866 -0.183405 0.19935 0.182896 -2.01986 -0.53273 2.58213 
-0.273599 0.0192275 0.219765 -0.11557 -0.482275 2.34563 -0.18567 0.198743 0.186142 -2.04109 -0.520281 2.57881 
-0.288991 0.024087 0.241754 -0.163197 -0.513745 2.41363 -0.187936 0.198137 0.189388 -2.06232 -0.507832 2.57549 
-0.303483 0.0302277 0.263368 -0.203048 -0.547665 2.47341 -0.190202 0.19753 0.192634 -2.08355 -0.495383 2.57217 
-0.31703 0.0376792 0.284548 -0.23598 -0.583648 2.52587 -0.192467 0.196924 0.19588 -2.10478 -0.482934 2.56885 
-0.32959 0.0464683 0.305236 -0.262853 -0.621368 2.57187 -0.194733 0.196317 0.199126 -2.12601 -0.470485 2.56553 
-0.341128 0.056619 0.325372 -0.28447 -0.66055 2.61227 -0.196998 0.195711 0.202372 -2.14724 -0.458036 2.56221 
-0.351612 0.0681521 0.344894 -0.301551 -0.700967 2.6478 -0.199264 0.195104 0.205618 -2.16848 -0.445587 2.55889 
-0.361016 0.0810849 0.363742 -0.314726 -0.742426 2.67916 -0.201529 0.194498 0.208864 -2.18971 -0.433138 2.55557 
-0.369318 0.0954307 0.381853 -0.324536 -0.784768 2.70692 -0.203795 0.193891 0.21211 -2.21094 -0.420689 2.55225 
-0.3765 0.111198 0.399165 -0.33144 -0.827856 2.73161 -0.206061 0.193285 0.215356 -2.23217 -0.40824 2.54893 
-0.382545 0.128391 0.415616 -0.335825 -0.871572 2.75366 -0.208326 0.192678 0.218601 -2.2534 -0.395791 2.54561 
-0.387442 0.147007 0.431143 -0.338013 -0.915812 2.77347 -0.210592 0.192072 0.221847 -2.27463 -0.383342 2.54229 
-0.391181 0.167037 0.445685 -0.338274 -0.960483 2.79138 -0.212857 0.191465 0.225093 -2.29586 -0.370893 2.53897 
-0.393757 0.188467 0.459182 -0.336829 -1.0055 2.8077 -0.215123 0.190859 0.228339 -2.31709 -0.358444 2.53565 
-0.395163 0.211274 0.471575 -0.333856 -1.05077 2.82268 -0.217389 0.190252 0.231585 -2.33832 -0.345995 2.53233 
-0.395398 0.235425 0.482809 -0.3295 -1.09623 2.83658 -0.219654 0.189646 0.234831 -2.35955 -0.333546 2.52901 
-0.39446 0.260881 0.49283 -0.323873 -1.14178 2.84961 -0.22192 0.18904 0.238077 -2.38078 -0.321097 2.52569 
-0.39235 0.287594 0.501587 -0.317061 -1.18735 2.86197 -0.224185 0.188433 0.241323 -2.40201 -0.308648 2.52237 
-0.389071 0.315503 0.509034 -0.309124 -1.23285 2.87385 -0.226451 0.187827 0.244569 -2.42324 -0.296199 2.51906 
-0.384627 0.344543 0.51513 -0.3001 -1.27818 2.88541 -0.228717 0.18722 0.247815 -2.44447 -0.28375 2.51574 
-0.379022 0.374636 0.519837 -0.290008 -1.32327 2.89681 -0.230982 0.186614 0.251061 -2.4657 -0.2713 2.51242 
-0.372264 0.405696 0.523125 -0.278849 -1.368 2.90821 -0.233248 0.186007 0.254307 -2.48693 -0.258851 2.5091 
-0.364361 0.43763 0.524968 -0.266609 -1.41227 2.91975 -0.235513 0.185401 0.257553 -2.50816 -0.246402 2.50578 
-0.355324 0.470337 0.525347 -0.253257 -1.45598 2.93156 -0.237779 0.184794 0.260798 -2.52939 -0.233953 2.50246 
-0.345166 0.503709 0.524251 -0.238755 -1.49901 2.94377 -0.240044 0.184188 0.264044 -2.55062 -0.221504 2.49914 
-0.333902 0.537633 0.521673 -0.22305 -1.54126 2.95649 -0.24231 0.183581 0.26729 -2.57185 -0.209055 2.49582 
-0.321548 0.571995 0.517615 -0.206082 -1.58258 2.96985 -0.244576 0.182975 0.270536 -2.59308 -0.196606 2.4925 
-0.308124 0.606675 0.512085 -0.187789 -1.62288 2.98394 -0.246841 0.182368 0.273782 -2.61431 -0.184157 2.48918 
-0.293655 0.641554 0.505098 -0.1681 -1.66202 2.99886 -0.249107 0.181762 0.277028 -2.63554 -0.171708 2.48586 
-0.278165 0.676514 0.496674 -0.146949 -1.69988 3.0147 -0.251372 0.181155 0.280274 -2.65677 -0.159259 2.48254 
-0.261685 0.711439 0.486841 -0.124271 -1.73633 3.03151 -0.253638 0.180549 0.28352 -2.678 -0.14681 2.47922 
-0.262864 0.713447 0.489668 -0.124832 -1.73651 3.03172 -0.250828 0.176005 0.301604 -2.58882 -0.119779 2.39216 
-0.264044 0.715464 0.492498 -0.125392 -1.7367 3.03193 -0.248016 0.171862 0.319384 -2.44885 -0.0942016 2.25427 
-0.265223 0.71748 0.495327 -0.125952 -1.73689 3.03214 -0.245202 0.168128 0.336859 -2.21263 -0.0717437 2.02011 
-0.266403 0.719496 0.498156 -0.126512 -1.73709 3.03236 -0.242389 0.164809 0.354028 -1.80927 -0.0564015 1.61878 
-0.267582 0.721512 0.500985 -0.127072 -1.73728 3.03257 -0.239576 0.161911 0.370887 -1.26633 -0.054694 1.07782 
-0.268762 0.723529 0.503815 -0.127632 -1.73747 3.03278 -0.236767 0.159442 0.387434 -0.820616 -0.0677831 0.634061 
-0.269941 0.725545 0.506644 -0.128192 -1.73766 3.03299 -0.233963 0.15741 0.403664 -0.553428 -0.0894865 0.368786 
-0.269941 0.725545 0.506644 -0.128192 -1.73766 2.9981 -0.233963 0.15741 0.403664 -0.553428 -0.0894865 0.333897 
-0.269941 0.725545 0.506644 -0.128192 -1.73766 2.96321 -0.233963 0.15741 0.403664 -0.553428 -0.0894865 0.299008 
-0.269941 0.725545 0.506644 -0.128192 -1.73766 2.92832 -0.233963 0.15741 0.403664 -0.553428 -0.0894865 0.264119 
-0.269941 0.725545 0.506644 -0.128192 -1.73766 2.89343 -0.233963 0.15741 0.403664 -0.553428 -0.0894865 0.22923 
-0.269941 0.725545 0.506644 -0.128192 -1.73766 2.85855 -0.233963 0.15741 0.403664 -0.553428 -0.0894865 0.194342 
-0.269941 0.725545 0.506644 -0.128192 -1.73766 2.82366 -0.233963 0.15741 0.403664 -0.553428 -0.0894865 0.159453 
-0.269941 0.725545 0.506644 -0.128192 -1.73766 2.78877 -0.233963 0.15741 0.403664 -0.553428 -0.0894865 0.124564 
-0.269941 0.725545 0.506644 -0.128192 -1.73766 2.75388 -0.233963 0.15741 0.403664 -0.553428 -0.0894865 0.0896749 
-0.269941 0.725545 0.506644 -0.128192 -1.73766 2.71899 -0.233963 0.15741 0.403664 -0.553428 -0.0894865 0.054786 
-0.269941 0.725545 0.506644 -0.128192 -1.73766 2.6841 -0.233963 0.15741 0.403664 -0.553428 -0.0894865 0.0198971 
-0.269941 0.725545 0.506644 -0.128192 -1.73766 2.64921 -0.233963 0.15741 0.403664 -0.553428 -0.0894865 -0.0149918 
-0.269941 0.725545 0.506644 -0.128192 -1.73766 2.61432 -0.233963 0.15741 0.403664 -0.553428 -0.0894865 -0.0498807 
-0.269941 0.725545 0.506644 -0.128192 -1.73766 2.57943 -0.233963 0.15741 0.403664 -0.553428 -0.0894865 -0.0847696 
-0.269941 0.725545 0.506644 -0.128192 -1.73766 2.54455 -0.233963 0.15741 0.403664 -0.553428 -0.0894865 -0.119658 
-0.269941 0.725545 0.506644 -0.128192 -1.73766 2.50966 -0.233963 0.15741 0.403664 -0.553428 -0.0894865 -0.154547 
-0.269941 0.725545 0.506644 -0.128192 -1.73766 2.47477 -0.233963 0.15741 0.403664 -0.553428 -0.0894865 -0.189436 
-0.269941 0.725545 0.506644 -0.128192 -1.73766 2.43988 -0.233963 0.15741 0.403664 -0.553428 -0.0894865 -0.224325 
-0.269941 0.725545 0.506644 -0.128192 -1.73766 2.40499 -0.233963 0.15741 0.403664 -0.553428 -0.0894865 -0.259214 
-0.269941 0.725545 0.506644 -0.128192 -1.73766 2.3701 -0.233963 0.15741 0.403664 -0.553428 -0.0894865 -0.294103 
-0.269941 0.725545 0.506644 -0.128192 -1.73766 2.33521 -0.233963 0.15741 0.403664 -0.553428 -0.0894865 -0.328992 
-0.269941 0.725545 0.506644 -0.128192 -1.73766 2.30032 -0.233963 0.15741 0.403664 -0.553428 -0.0894865 -0.363881 
-0.269941 0.725545 0.506644 -0.128192 -1.73766 2.26543 -0.233963 0.15741 0.403664 -0.553428 -0.0894865 -0.39877 
-0.269941 0.725545 0.506644 -0.128192 -1.73766 2.23055 -0.233963 0.15741 0.403664 -0.553428 -0.0894865 -0.433658 
-0.269941 0.725545 0.506644 -0.128192 -1.73766 2.19566 -0.233963 0.15741 0.403664 -0.553428 -0.0894865 -0.468547 
-0.269941 0.725545 0.506644 -0.128192 -1.73766 2.16077 -0.233963 0.15741 0.403664 -0.553428 -0.0894865 -0.503436 
-0.269941 0.725545 0.506644 -0.128192 -1.73766 2.12588 -0.233963 0.15741 0.403664 -0.553428 -0.0894865 -0.538325 
-0.269941 0.725545 0.506644 -0.128192 -1.73766 2.09099 -0.233963 0.15741 0.403664 -0.553428 -0.0894865 -0.573214 
-0.269941 0.725545 0.506644 -0.128192 -1.73766 2.0561 -0.233963 0.15741 0.403664 -0.553428 -0.0894865 -0.608103 
-0.269941 0.725545 0.506644 -0.128192 -1.73766 2.02121 -0.233963 0.15741 0.403664 -0.553428 -0.0894865 -0.642992 
-0.269941 0.725545 0.506644 -0.128192 -1.73766 1.98632 -0.233963 0.15741 0.403664 -0.553428 -0.0894865 -0.677881 
-0.269941 0.725545 0.506644 -0.128192 -1.73766 1.95143 -0.233963 0.15741 0.403664 -0.553428 -0.0894865 -0.71277 
-0.269941 0.725545 0.506644 -0.128192 -1.73766 1.91655 -0.233963 0.15741 0.403664 -0.553428 -0.0894865 -0.747658 
-0.269941 0.725545 0.506644 -0.128192 -1.73766 1.88166 -0.233963 0.15741 0.403664 -0.553428 -0.0894865 -0.782547 
-0.269941 0.725545 0.506644 -0.128192 -1.73766 1.84677 -0.233963 0.15741 0.403664 -0.553428 -0.0894865 -0.817436 
-0.269941 0.725545 0.506644 -0.128192 -1.73766 1.81188 -0.233963 0.15741 0.403664 -0.553428 -0.0894865 -0.852325 
-0.269941 0.725545 0.506644 -0.128192 -1.73766 1.77699 -0.233963 0.15741 0.403664 -0.553428 -0.0894865 -0.887214 
-0.269941 0.725545 0.506644 -0.128192 -1.73766 1.7421 -0.233963 0.15741 0.403664 -0.553428 -0.0894865 -0.922103 
-0.269941 0.725545 0.506644 -0.128192 -1.73766 1.70721 -0.233963 0.15741 0.403664 -0.553428 -0.0894865 -0.956992 
-0.269941 0.725545 0.506644 -0.128192 -1.73766 1.67232 -0.233963 0.15741 0.403664 -0.553428 -0.0894865 -0.991881 
-0.269941 0.725545 0.506644 -0.128192 -1.73766 1.63743 -0.233963 0.15741 0.403664 -0.553428 -0.0894865 -1.02677 
-0.269941 0.725545 0.506644 -0.128192 -1.73766 1.60255 -0.233963 0.15741 0.403664 -0.553428 -0.0894865 -1.06166 
-0.269941 0.725545 0.506644 -0.128192 -1.73766 1.56766 -0.233963 0.15741 0.403664 -0.553428 -0.0894865 -1.09655 
-0.269941 0.725545 0.506644 -0.128192 -1.73766 1.53277 -0.233963 0.15741 0.403664 -0.553428 -0.0894865 -1.13144 
-0.269941 0.725545 0.506644 -0.128192 -1.73766 1.49788 -0.233963 0.15741 0.403664 -0.553428 -0.0894865 -1.16633 
-0.269941 0.725545 0.506644 -0.128192 -1.73766 1.46299 -0.233963 0.15741 0.403664 -0.553428 -0.0894865 -1.20121 
-0.269941 0.725545 0.506644 -0.128192 -1.73766 1.4281 -0.233963 0.15741 0.403664 -0.553428 -0.0894865 -1.2361 
-0.269941 0.725545 0.506644 -0.128192 -1.73766 1.39321 -0.233963 0.15741 0.403664 -0.553428 -0.0894865 -1.27099 
-0.269941 0.725545 0.506644 -0.128192 -1.73766 1.35832 -0.233963 0.15741 0.403664 -0.553428 -0.0894865 -1.30588 
-0.269941 0.725545 0.506644 -0.128192 -1.73766 1.32343 -0.233963 0.15741 0.403664 -0.553428 -0.0894865 -1.34077 
-0.269941 0.725545 0.506644 -0.128192 -1.73766 1.28855 -0.233963 0.15741 0.403664 -0.553428 -0.0894865 -1.37566 
-0.269941 0.725545 0.506644 -0.128192 -1.73766 1.25366 -0.233963 0.15741 0.403664 -0.553428 -0.0894865 -1.41055 
-0.269941 0.725545 0.506644 -0.128192 -1.73766 1.21877 -0.233963 0.15741 0.403664 -0.553428 -0.0894865 -1.44544 
-0.269941 0.725545 0.506644 -0.128192 -1.73766 1.18388 -0.233963 0.15741 0.403664 -0.553428 -0.0894865 -1.48033 
-0.269941 0.725545 0.506644 -0.128192 -1.73766 1.14899 -0.233963 0.15741 0.403664 -0.553428 -0.0894865 -1.51521 
-0.269941 0.725545 0.506644 -0.128192 -1.73766 1.1141 -0.233963 0.15741 0.403664 -0.553428 -0.0894865 -1.5501 
-0.269941 0.725545 0.506644 -0.128192 -1.73766 1.07921 -0.233963 0.15741 0.403664 -0.553428 -0.0894865 -1.58499 
-0.269941 0.725545 0.506644 -0.128192 -1.73766 1.04432 -0.233963 0.15741 0.403664 -0.553428 -0.0894865 -1.61988 
-0.269941 0.725545 0.506644 -0.128192 -1.73766 1.00943 -0.233963 0.15741 0.403664 -0.553428 -0.0894865 -1.65477 
-0.269941 0.725545 0.506644 -0.128192 -1.73766 0.974546 -0.233963 0.15741 0.403664 -0.553428 -0.0894865 -1.68966 
-0.269941 0.725545 0.506644 -0.128192 -1.73766 0.939657 -0.233963 0.15741 0.403664 -0.553428 -0.0894865 -1.72455 
-0.269941 0.725545 0.506644 -0.128192 -1.73766 0.904768 -0.233963 0.15741 0.403664 -0.553428 -0.0894865 -1.75944 
-0.269941 0.725545 0.506644 -0.128192 -1.73766 0.869879 -0.233963 0.15741 0.403664 -0.553428 -0.0894865 -1.79433 
-0.269941 0.725545 0.506644 -0.128192 -1.73766 0.83499 -0.233963 0.15741 0.403664 -0.553428 -0.0894865 -1.82921 
-0.269941 0.725545 0.506644 -0.128192 -1.73766 0.800101 -0.233963 0.15741 0.403664 -0.553428 -0.0894865 -1.8641 
-0.269941 0.725545 0.506644 -0.128192 -1.73766 0.765212 -0.233963 0.15741 0.403664 -0.553428 -0.0894865 -1.89899 
-0.269941 0.725545 0.506644 -0.128192 -1.73766 0.730323 -0.233963 0.15741 0.403664 -0.553428 -0.0894865 -1.93388 
-0.269941 0.725545 0.506644 -0.128192 -1.73766 0.695434 -0.233963 0.15741 0.403664 -0.553428 -0.0894865 -1.96877 
-0.269941 0.725545 0.506644 -0.128192 -1.73766 0.660546 -0.233963 0.15741 0.403664 -0.553428 -0.0894865 -2.00366 
-0.269941 0.725545 0.506644 -0.128192 -1.73766 0.625657 -0.233963 0.15741 0.403664 -0.553428 -0.0894865 -2.03855 
-0.269941 0.725545 0.506644 -0.128192 -1.73766 0.590768 -0.233963 0.15741 0.403664 -0.553428 -0.0894865 -2.07344 
-0.269941 0.725545 0.506644 -0.128192 -1.73766 0.555879 -0.233963 0.15741 0.403664 -0.553428 -0.0894865 -2.10833 
-0.269941 0.725545 0.506644 -0.128192 -1.73766 0.52099 -0.233963 0.15741 0.403664 -0.553428 -0.0894865 -2.14321 
-0.269941 0.725545 0.506644 -0.128192 -1.73766 0.486101 -0.233963 0.15741 0.403664 -0.553428 -0.0894865 -2.1781 
-0.269941 0.725545 0.506644 -0.128192 -1.73766 0.451212 -0.233963 0.15741 0.403664 -0.553428 -0.0894865 -2.21299 
-0.269941 0.725545 0.506644 -0.128192 -1.73766 0.416323 -0.233963 0.15741 0.403664 -0.553428 -0.0894865 -2.24788 
-0.269941 0.725545 0.506644 -0.128192 -1.73766 0.381434 -0.233963 0.15741 0.403664 -0.553428 -0.0894865 -2.28277 
-0.269941 0.725545 0.506644 -0.128192 -1.73766 0.346546 -0.233963 0.15741 0.403664 -0.553428 -0.0894865 -2.31766 
-0.269941 0.725545 0.506644 -0.128192 -1.73766 0.311657 -0.233963 0.15741 0.403664 -0.553428 -0.0894865 -2.35255 
-0.269941 0.725545 0.506644 -0.128192 -1.73766 0.276768 -0.233963 0.15741 0.403664 -0.553428 -0.0894865 -2.38744 
-0.269941 0.725545 0.506644 -0.128192 -1.73766 0.241879 -0.233963 0.15741 0.403664 -0.553428 -0.0894865 -2.42233 
-0.269941 0.725545 0.506644 -0.128192 -1.73766 0.20699 -0.233963 0.15741 0.403664 -0.553428 -0.0894865 -2.45721 
-0.269941 0.725545 0.506644 -0.128192 -1.73766 0.172101 -0.233963 0.15741 0.403664 -0.553428 -0.0894865 -2.4921 
-0.269941 0.725545 0.506644 -0.128192 -1.73766 0.137212 -0.233963 0.15741 0.403664 -0.553428 -0.0894865 -2.52699 
-0.269941 0.725545 0.506644 -0.128192 -1.73766 0.102323 -0.233963 0.15741 0.403664 -0.553428 -0.0894865 -2.56188 
-0.269941 0.725545 0.506644 -0.128192 -1.73766 0.0674344 -0.233963 0.15741 0.403664 -0.553428 -0.0894865 -2.59677 
-0.269941 0.725545 0.506644 -0.128192 -1.73766 0.0325456 -0.233963 0.15741 0.403664 -0.553428 -0.0894865 -2.63166 
-0.269941 0.725545 0.506644 -0.128192 -1.73766 -0.00234333 -0.233963 0.15741 0.403664 -0.553428 -0.0894865 -2.66655 
-0.269941 0.725545 0.506644 -0.128192 -1.73766 -0.0372322 -0.233963 0.15741 0.403664 -0.553428 -0.0894865 -2.70144 
-0.269941 0.725545 0.506644 -0.128192 -1.73766 -0.0721211 -0.233963 0.15741 0.403664 -0.553428 -0.0894865 -2.73633 
-0.269941 0.725545 0.506644 -0.128192 -1.73766 -0.10701 -0.233963 0.15741 0.403664 -0.553428 -0.0894865 -2.77121 
-0.269941 0.725545 0.506644 -0.128192 -1.73766 -0.141899 -0.233963 0.15741 0.403664 -0.553428 -0.0894865 -2.8061 
-0.269941 0.725545 0.506644 -0.128192 -1.73766 -0.176788 -0.233963 0.15741 0.403664 -0.553428 -0.0894865 -2.84099 
-0.269941 0.725545 0.506644 -0.128192 -1.73766 -0.211677 -0.233963 0.15741 0.403664 -0.553428 -0.0894865 -2.87588 
-0.269941 0.725545 0.506644 -0.128192 -1.73766 -0.246566 -0.233963 0.15741 0.403664 -0.553428 -0.0894865 -2.91077 
-0.269941 0.725545 0.506644 -0.128192 -1.73766 -0.281454 -0.233963 0.15741 0.403664 -0.553428 -0.0894865 -2.94566 
-0.269941 0.725545 0.506644 -0.128192 -1.73766 -0.316343 -0.233963 0.15741 0.403664 -0.553428 -0.0894865 -2.98055 
-0.269941 0.725545 0.506644 -0.128192 -1.73766 -0.351232 -0.233963 0.15741 0.403664 -0.553428 -0.0894865 -3.01544 
-0.269941 0.725545 0.506644 -0.128192 -1.73766 -0.386121 -0.233963 0.15741 0.403664 -0.553428 -0.0894865 -3.05033 
-0.269941 0.725545 0.506644 -0.128192 -1.73766 -0.42101 -0.233963 0.15741 0.403664 -0.553428 -0.0894865 -3.08521 
-0.269941 0.725545 0.506644 -0.128192 -1.73766 -0.455899 -0.233963 0.15741 0.403664 -0.553428 -0.0894865 -3.1201 
-0.269941 0.725545 0.506644 -0.128192 -1.73766 -0.490788 -0.233963 0.15741 0.403664 -0.553428 -0.0894865 -3.15499 
-0.269941 0.725545 0.506644 -0.128192 -1.73766 -0.525677 -0.233963 0.15741 0.403664 -0.553428 -0.0894865 -3.18988 
-0.269941 0.725545 0.506644 -0.128192 -1.73766 -0.560566 -0.233963 0.15741 0.403664 -0.553428 -0.0894865 -3.22477 
-0.269941 0.725545 0.506644 -0.128192 -1.73766 -0.595454 -0.233963 0.15741 0.403664 -0.553428 -0.0894865 -3.25966 
-0.269941 0.725545 0.506644 -0.128192 -1.73766 -0.630343 -0.233963 0.15741 0.403664 -0.553428 -0.0894865 -3.29455 
-0.269941 0.725545 0.506644 -0.128192 -1.73766 -0.665232 -0.233963 0.15741 0.403664 -0.553428 -0.0894865 -3.32944 
-0.269941 0.725545 0.506644 -0.128192 -1.73766 -0.700121 -0.233963 0.15741 0.403664 -0.553428 -0.0894865 -3.36433 
-0.269941 0.725545 0.506644 -0.128192 -1.73766 -0.73501 -0.233963 0.15741 0.403664 -0.553428 -0.0894865 -3.39921 
-0.269941 0.725545 0.506644 -0.128192 -1.73766 -0.769899 -0.233963 0.15741 0.403664 -0.553428 -0.0894865 -3.4341 
-0.269941 0.725545 0.506644 -0.128192 -1.73766 -0.804788 -0.233963 0.15741 0.403664 -0.553428 -0.0894865 -3.46899 
-0.269941 0.725545 0.506644 -0.128192 -1.73766 -0.839677 -0.233963 0.15741 0.403664 -0.553428 -0.0894865 -3.50388 
-0.269941 0.725545 0.506644 -0.128192 -1.73766 -0.874566 -0.233963 0.15741 0.403664 -0.553428 -0.0894865 -3.53877 
-0.269941 0.725545 0.506644 -0.128192 -1.73766 -0.909454 -0.233963 0.15741 0.403664 -0.553428 -0.0894865 -3.57366 
-0.269941 0.725545 0.506644 -0.128192 -1.73766 -0.944343 -0.233963 0.15741 0.403664 -0.553428 -0.0894865 -3.60855 
-0.269941 0.725545 0.506644 -0.128192 -1.73766 -0.979232 -0.233963 0.15741 0.403664 -0.553428 -0.0894865 -3.64344 
-0.269941 0.725545 0.506644 -0.128192 -1.73766 -1.01412 -0.233963 0.15741 0.403664 -0.553428 -0.0894865 -3.67833 
-0.269941 0.725545 0.506644 -0.128192 -1.73766 -1.04901 -0.233963 0.15741 0.403664 -0.553428 -0.0894865 -3.71321 
-0.269941 0.725545 0.506644 -0.128192 -1.73766 -1.0839 -0.233963 0.15741 0.403664 -0.553428 -0.0894865 -3.7481 
-0.269941 0.725545 0.506644 -0.128192 -1.73766 -1.11879 -0.233963 0.15741 0.403664 -0.553428 -0.0894865 -3.78299 
-0.269941 0.725545 0.506644 -0.128192 -1.73766 -1.15368 -0.233963 0.15741 0.403664 -0.553428 -0.0894865 -3.81788 
-0.269941 0.725545 0.506644 -0.128192 -1.73766 -1.18857 -0.233963 0.15741 0.403664 -0.553428 -0.0894865 -3.85277 
-0.269941 0.725545 0.506644 -0.128192 -1.73766 -1.22345 -0.233963 0.15741 0.403664 -0.553428 -0.0894865 -3.88766 
-0.269941 0.725545 0.506644 -0.128192 -1.73766 -1.25834 -0.233963 0.15741 0.403664 -0.553428 -0.0894865 -3.92255 
-0.269941 0.725545 0.506644 -0.128192 -1.73766 -1.29323 -0.233963 0.15741 0.403664 -0.553428 -0.0894865 -3.95744 
-0.269941 0.725545 0.506644 -0.128192 -1.73766 -1.32812 -0.233963 0.15741 0.403664 -0.553428 -0.0894865 -3.99233 
-0.269941 0.725545 0.506644 -0.128192 -1.73766 -1.36301 -0.233963 0.15741 0.403664 -0.553428 -0.0894865 -4.02721 
-0.269941 0.725545 0.506644 -0.128192 -1.73766 -1.3979 -0.233963 0.15741 0.403664 -0.553428 -0.0894865 -4.0621 
-0.269941 0.725545 0.506644 -0.128192 -1.73766 -1.43279 -0.233963 0.15741 0.403664 -0.553428 -0.0894865 -4.09699 
-0.269941 0.725545 0.506644 -0.128192 -1.73766 -1.46768 -0.233963 0.15741 0.403664 -0.553428 -0.0894865 -4.13188 
-0.269941 0.725545 0.506644 -0.128192 -1.73766 -1.50257 -0.233963 0.15741 0.403664 -0.553428 -0.0894865 -4.16677 
-0.269941 0.725545 0.506644 -0.128192 -1.73766 -1.53745 -0.233963 0.15741 0.403664 -0.553428 -0.0894865 -4.20166 
-0.269941 0.725545 0.506644 -0.128192 -1.73766 -1.57234 -0.233963 0.15741 0.403664 -0.553428 -0.0894865 -4.23655 
-0.269941 0.725545 0.506644 -0.128192 -1.73766 -1.60723 -0.233963 0.15741 0.403664 -0.553428 -0.0894865 -4.27144 
-0.269941 0.725545 0.506644 -0.128192 -1.73766 -1.64212 -0.233963 0.15741 0.403664 -0.553428 -0.0894865 -4.30633 
-0.269941 0.725545 0.506644 -0.128192 -1.73766 -1.67701 -0.233963 0.15741 0.403664 -0.553428 -0.0894865 -4.34121 
-0.269941 0.725545 0.506644 -0.128192 -1.73766 -1.7119 -0.233963 0.15741 0.403664 -0.553428 -0.0894865 -4.3761 
-0.269941 0.725545 0.506644 -0.128192 -1.73766 -1.74679 -0.233963 0.15741 0.403664 -0.553428 -0.0894865 -4.41099 
-0.269941 0.725545 0.506644 -0.128192 -1.73766 -1.78168 -0.233963 0.15741 0.403664 -0.553428 -0.0894865 -4.44588 
-0.269941 0.725545 0.506644 -0.128192 -1.73766 -1.81657 -0.233963 0.15741 0.403664 -0.553428 -0.0894865 -4.48077 
-0.269941 0.725545 0.506644 -0.128192 -1.73766 -1.85145 -0.233963 0.15741 0.403664 -0.553428 -0.0894865 -4.51566 
-0.269941 0.725545 0.506644 -0.128192 -1.73766 -1.88634 -0.233963 0.15741 0.403664 -0.553428 -0.0894865 -4.55055 
-0.269941 0.725545 0.506644 -0.128192 -1.73766 -1.92123 -0.233963 0.15741 0.403664 -0.553428 -0.0894865 -4.58544 
-0.269941 0.725545 0.506644 -0.128192 -1.73766 -1.95612 -0.233963 0.15741 0.403664 -0.553428 -0.0894865 -4.62033 
-0.269941 0.725545 0.506644 -0.128192 -1.73766 -1.99101 -0.233963 0.15741 0.403664 -0.553428 -0.0894865 -4.65521 
-0.269941 0.725545 0.506644 -0.128192 -1.73766 -2.0259 -0.233963 0.15741 0.403664 -0.553428 -0.0894865 -4.6901 
-0.269941 0.725545 0.506644 -0.128192 -1.73766 -2.06079 -0.233963 0.15741 0.403664 -0.553428 -0.0894865 -4.72499 
-0.269941 0.725545 0.506644 -0.128192 -1.73766 -2.09568 -0.233963 0.15741 0.403664 -0.553428 -0.0894865 -4.75988 
-0.269941 0.725545 0.506644 -0.128192 -1.73766 -2.13057 -0.233963 0.15741 0.403664 -0.553428 -0.0894865 -4.79477 
-0.269941 0.725545 0.506644 -0.128192 -1.73766 -2.16545 -0.233963 0.15741 0.403664 -0.553428 -0.0894865 -4.82966 
-0.269941 0.725545 0.506644 -0.128192 -1.73766 -2.20034 -0.233963 0.15741 0.403664 -0.553428 -0.0894865 -4.86455 
-0.269941 0.725545 0.506644 -0.128192 -1.73766 -2.23523 -0.233963 0.15741 0.403664 -0.553428 -0.0894865 -4.89944 
-0.269941 0.725545 0.506644 -0.128192 -1.73766 -2.27012 -0.233963 0.15741 0.403664 -0.553428 -0.0894865 -4.93433 
-0.269941 0.725545 0.506644 -0.128192 -1.73766 -2.30501 -0.233963 0.15741 0.403664 -0.553428 -0.0894865 -4.96921 
-0.269941 0.725545 0.506644 -0.128192 -1.73766 -2.3399 -0.233963 0.15741 0.403664 -0.553428 -0.0894865 -5.0041 
-0.269941 0.725545 0.506644 -0.128192 -1.73766 -2.37479 -0.233963 0.15741 0.403664 -0.553428 -0.0894865 -5.03899 
-0.269941 0.725545 0.506644 -0.128192 -1.73766 -2.40968 -0.233963 0.15741 0.403664 -0.553428 -0.0894865 -5.07388 
-0.269941 0.725545 0.506644 -0.128192 -1.73766 -2.44457 -0.233963 0.15741 0.403664 -0.553428 -0.0894865 -5.10877 
-0.269941 0.725545 0.506644 -0.128192 -1.73766 -2.47945 -0.233963 0.15741 0.403664 -0.553428 -0.0894865 -5.14366 
-0.269941 0.725545 0.506644 -0.128192 -1.73766 -2.51434 -0.233963 0.15741 0.403664 -0.553428 -0.0894865 -5.17855 
-0.269941 0.725545 0.506644 -0.128192 -1.73766 -2.54923 -0.233963 0.15741 0.403664 -0.553428 -0.0894865 -5.21344 
-0.269941 0.725545 0.506644 -0.128192 -1.73766 -2.58412 -0.233963 0.15741 0.403664 -0.553428 -0.0894865 -5.24833 
-0.269941 0.725545 0.506644 -0.128192 -1.73766 -2.61901 -0.233963 0.15741 0.403664 -0.553428 -0.0894865 -5.28321 
-0.269941 0.725545 0.506644 -0.128192 -1.73766 -2.6539 -0.233963 0.15741 0.403664 -0.553428 -0.0894865 -5.3181 
-0.269941 0.725545 0.506644 -0.128192 -1.73766 -2.68879 -0.233963 0.15741 0.403664 -0.553428 -0.0894865 -5.35299 
-0.269941 0.725545 0.506644 -0.128192 -1.73766 -2.72368 -0.233963 0.15741 0.403664 -0.553428 -0.0894865 -5.38788 
-0.269941 0.725545 0.506644 -0.128192 -1.73766 -2.75857 -0.233963 0.15741 0.403664 -0.553428 -0.0894865 -5.42277 
-0.269941 0.725545 0.506644 -0.128192 -1.73766 -2.79345 -0.233963 0.15741 0.403664 -0.553428 -0.0894865 -5.45766 
-0.269941 0.725545 0.506644 -0.128192 -1.73766 -2.82834 -0.233963 0.15741 0.403664 -0.553428 -0.0894865 -5.49255 
-0.269941 0.725545 0.506644 -0.128192 -1.73766 -2.86323 -0.233963 0.15741 0.403664 -0.553428 -0.0894865 -5.52744 
-0.269941 0.725545 0.506644 -0.128192 -1.73766 -2.89812 -0.233963 0.15741 0.403664 -0.553428 -0.0894865 -5.56233 
-0.269941 0.725545 0.506644 -0.128192 -1.73766 -2.93301 -0.233963 0.15741 0.403664 -0.553428 -0.0894865 -5.59721 
-0.269941 0.725545 0.506644 -0.128192 -1.73766 -2.9679 -0.233963 0.15741 0.403664 -0.553428 -0.0894865 -5.6321 
-0.269941 0.725545 0.506644 -0.128192 -1.73766 -3.00279 -0.233963 0.15741 0.403664 -0.553428 -0.0894865 -5.66699 
-0.269941 0.725545 0.506644 -0.128192 -1.73766 -3.03768 -0.233963 0.15741 0.403664 -0.553428 -0.0894865 -5.70188 
-0.269941 0.725545 0.506644 -0.128192 -1.73766 -3.07257 -0.233963 0.15741 0.403664 -0.553428 -0.0894865 -5.73677 
-0.269941 0.725545 0.506644 -0.128192 -1.73766 -3.10745 -0.233963 0.15741 0.403664 -0.553428 -0.0894865 -5.77166 
-0.269941 0.725545 0.506644 -0.128192 -1.73766 -3.14234 -0.233963 0.15741 0.403664 -0.553428 -0.0894865 -5.80655 
-0.269941 0.725545 0.506644 -0.128192 -1.73766 -3.17723 -0.233963 0.15741 0.403664 -0.553428 -0.0894865 -5.84144 
-0.269941 0.725545 0.506644 -0.128192 -1.73766 -3.21212 -0.233963 0.15741 0.403664 -0.553428 -0.0894865 -5.87633 
-0.269941 0.725545 0.506644 -0.128192 -1.73766 -3.24701 -0.233963 0.15741 0.403664 -0.553428 -0.0894865 -5.91121 
-0.269941 0.725545 0.506644 -0.128192 -1.73766 -3.2819 -0.233963 0.15741 0.403664 -0.553428 -0.0894865 -5.9461 
-0.269941 0.725545 0.506644 -0.128192 -1.73766 -3.31679 -0.233963 0.15741 0.403664 -0.553428 -0.0894865 -5.98099 
-0.269941 0.725545 0.506644 -0.128192 -1.73766 -3.35168 -0.233963 0.15741 0.403664 -0.553428 -0.0894865 -6.01588 
-0.269941 0.725545 0.506644 -0.128192 -1.73766 -3.38657 -0.233963 0.15741 0.403664 -0.553428 -0.0894865 -6.05077 
-0.269941 0.725545 0.506644 -0.128192 -1.73766 -3.42145 -0.233963 0.15741 0.403664 -0.553428 -0.0894865 -6.08566 
-0.269941 0.725545 0.506644 -0.128192 -1.73766 -3.45634 -0.233963 0.15741 0.403664 -0.553428 -0.0894865 -6.12055 
-0.269941 0.725545 0.506644 -0.128192 -1.73766 -3.49123 -0.233963 0.15741 0.403664 -0.553428 -0.0894865 -6.15544 
-0.269941 0.725545 0.506644 -0.128192 -1.73766 -3.52612 -0.233963 0.15741 0.403664 -0.553428 -0.0894865 -6.19033 
-0.269941 0.725545 0.506644 -0.128192 -1.73766 -3.56101 -0.233963 0.15741 0.403664 -0.553428 -0.0894865 -6.22521 
-0.269941 0.725545 0.506644 -0.128192 -1.73766 -3.5959 -0.233963 0.15741 0.403664 -0.553428 -0.0894865 -6.2601 
-0.269941 0.725545 0.506644 -0.128192 -1.73766 -3.63079 -0.233963 0.15741 0.403664 -0.553428 -0.0894865 -6.29499 
-0.269941 0.725545 0.506644 -0.128192 -1.73766 -3.66568 -0.233963 0.15741 0.403664 -0.553428 -0.0894865 -6.32988 
-0.269941 0.725545 0.506644 -0.128192 -1.73766 -3.70057 -0.233963 0.15741 0.403664 -0.553428 -0.0894865 -6.36477 
-0.269941 0.725545 0.506644 -0.128192 -1.73766 -3.73545 -0.233963 0.15741 0.403664 -0.553428 -0.0894865 -6.39966 
-0.269941 0.725545 0.506644 -0.128192 -1.73766 -3.77034 -0.233963 0.15741 0.403664 -0.553428 -0.0894865 -6.43455 
-0.269941 0.725545 0.506644 -0.128192 -1.73766 -3.80523 -0.233963 0.15741 0.403664 -0.553428 -0.0894865 -6.46944 
-0.269941 0.725545 0.506644 -0.128192 -1.73766 -3.84012 -0.233963 0.15741 0.403664 -0.553428 -0.0894865 -6.50433 
-0.269941 0.725545 0.506644 -0.128192 -1.73766 -3.87501 -0.233963 0.15741 0.403664 -0.553428 -0.0894865 -6.53921 
-0.269941 0.725545 0.506644 -0.128192 -1.73766 -3.9099 -0.233963 0.15741 0.403664 -0.553428 -0.0894865 -6.5741 
-0.269941 0.725545 0.506644 -0.128192 -1.73766 -3.94479 -0.233963 0.15741 0.403664 -0.553428 -0.0894865 -6.60899 
-0.269941 0.725545 0.506644 -0.128192 -1.73766 -3.97968 -0.233963 0.15741 0.403664 -0.553428 -0.0894865 -6.64388 
-0.269941 0.725545 0.506644 -0.128192 -1.73766 -4.01457 -0.233963 0.15741 0.403664 -0.553428 -0.0894865 -6.67877 
-0.269941 0.725545 0.506644 -0.128192 -1.73766 -4.04945 -0.233963 0.15741 0.403664 -0.553428 -0.0894865 -6.71366 
-0.269941 0.725545 0.506644 -0.128192 -1.73766 -4.08434 -0.233963 0.15741 0.403664 -0.553428 -0.0894865 -6.74855 
-0.269941 0.725545 0.506644 -0.128192 -1.73766 -4.11923 -0.233963 0.15741 0.403664 -0.553428 -0.0894865 -6.78344 
-0.269941 0.725545 0.506644 -0.128192 -1.73766 -4.15412 -0.233963 0.15741 0.403664 -0.553428 -0.0894865 -6.81833 
-0.269941 0.725545 0.506644 -0.128192 -1.73766 -4.18901 -0.233963 0.15741 0.403664 -0.553428 -0.0894865 -6.85321 
-0.269941 0.725545 0.506644 -0.128192 -1.73766 -4.2239 -0.233963 0.15741 0.403664 -0.553428 -0.0894865 -6.8881 
-0.269941 0.725545 0.506644 -0.128192 -1.73766 -4.25879 -0.233963 0.15741 0.403664 -0.553428 -0.0894865 -6.92299 
-0.269941 0.725545 0.506644 -0.128192 -1.73766 -4.29368 -0.233963 0.15741 0.403664 -0.553428 -0.0894865 -6.8881 
-0.269941 0.725545 0.506644 -0.128192 -1.73766 -4.32857 -0.233963 0.15741 0.403664 -0.553428 -0.0894865 -6.8881 
-0.269941 0.725545 0.506644 -0.128192 -1.73766 -4.36345 -0.233963 0.15741 0.403664 -0.553428 -0.0894865 -6.8881 
-0.269941 0.725545 0.506644 -0.128192 -1.73766 -4.39834 -0.233963 0.15741 0.403664 -0.553428 -0.0894865 -6.8881 
-0.269941 0.725545 0.506644 -0.128192 -1.73766 -4.43323 -0.233963 0.15741 0.403664 -0.553428 -0.0894865 -6.8881 
-0.269941 0.725545 0.506644 -0.128192 -1.73766 -4.46812 -0.233963 0.15741 0.403664 -0.553428 -0.0894865 -6.8881 
-0.269941 0.725545 0.506644 -0.128192 -1.73766 -4.50301 -0.233963 0.15741 0.403664 -0.553428 -0.0894865 -6.8881 
-0.269941 0.725545 0.506644 -0.128192 -1.73766 -4.5379 -0.233963 0.15741 0.403664 -0.553428 -0.0894865 -6.8881 
-0.269941 0.725545 0.506644 -0.128192 -1.73766 -4.57279 -0.233963 0.15741 0.403664 -0.553428 -0.0894865 -6.8881 
-0.269941 0.725545 0.506644 -0.128192 -1.73766 -4.60768 -0.233963 0.15741 0.403664 -0.553428 -0.0894865 -6.8881 
-0.269941 0.725545 0.506644 -0.128192 -1.73766 -4.64257 -0.233963 0.15741 0.403664 -0.553428 -0.0894865 -6.8881 
-0.269941 0.725545 0.506644 -0.128192 -1.73766 -4.67745 -0.233963 0.15741 0.403664 -0.553428 -0.0894865 -6.8881 
-0.269941 0.725545 0.506644 -0.128192 -1.73766 -4.71234 -0.233963 0.15741 0.403664 -0.553428 -0.0894865 -6.8881 
-0.269941 0.725545 0.506644 -0.128192 -1.73766 -4.74723 -0.233963 0.15741 0.403664 -0.553428 -0.0894865 -6.8881 
-0.269941 0.725545 0.506644 -0.128192 -1.73766 -4.78212 -0.233963 0.15741 0.403664 -0.553428 -0.0894865 -6.8881 
-0.269941 0.725545 0.506644 -0.128192 -1.73766 -4.81701 -0.233963 0.15741 0.403664 -0.553428 -0.0894865 -6.8881 
-0.269941 0.725545 0.506644 -0.128192 -1.73766 -4.8519 -0.233963 0.15741 0.403664 -0.553428 -0.0894865 -6.8881 
-0.269941 0.725545 0.506644 -0.128192 -1.73766 -4.88679 -0.233963 0.15741 0.403664 -0.553428 -0.0894865 -6.8881 
-0.269941 0.725545 0.506644 -0.128192 -1.73766 -4.92168 -0.233963 0.15741 0.403664 -0.553428 -0.0894865 -6.8881 
-0.269941 0.725545 0.506644 -0.128192 -1.73766 -4.95657 -0.233963 0.15741 0.403664 -0.553428 -0.0894865 -6.8881 
-0.269941 0.725545 0.506644 -0.128192 -1.73766 -4.99145 -0.233963 0.15741 0.403664 -0.553428 -0.0894865 -6.8881 
-0.269941 0.725545 0.506644 -0.128192 -1.73766 -5.02634 -0.233963 0.15741 0.403664 -0.553428 -0.0894865 -6.8881 
-0.269941 0.725545 0.506644 -0.128192 -1.73766 -5.06123 -0.233963 0.15741 0.403664 -0.553428 -0.0894865 -6.8881 
-0.269941 0.725545 0.506644 -0.128192 -1.73766 -5.09612 -0.233963 0.15741 0.403664 -0.553428 -0.0894865 -6.8881 
-0.269941 0.725545 0.506644 -0.128192 -1.73766 -5.13101 -0.233963 0.15741 0.403664 -0.553428 -0.0894865 -6.8881 
-0.269941 0.725545 0.506644 -0.128192 -1.73766 -5.1659 -0.233963 0.15741 0.403664 -0.553428 -0.0894865 -6.8881 
-0.269941 0.725545 0.506644 -0.128192 -1.73766 -5.20079 -0.233963 0.15741 0.403664 -0.553428 -0.0894865 -6.8881 
-0.269941 0.725545 0.506644 -0.128192 -1.73766 -5.23568 -0.233963 0.15741 0.403664 -0.553428 -0.0894865 -6.8881 
-0.269941 0.725545 0.506644 -0.128192 -1.73766 -5.27057 -0.233963 0.15741 0.403664 -0.553428 -0.0894865 -6.8881 
-0.269941 0.725545 0.506644 -0.128192 -1.73766 -5.30545 -0.233963 0.15741 0.403664 -0.553428 -0.0894865 -6.8881 
-0.269941 0.725545 0.506644 -0.128192 -1.73766 -5.34034 -0.233963 0.15741 0.403664 -0.553428 -0.0894865 -6.8881 
-0.269941 0.725545 0.506644 -0.128192 -1.73766 -5.37523 -0.233963 0.15741 0.403664 -0.553428 -0.0894865 -6.8881 
-0.269941 0.725545 0.506644 -0.128192 -1.73766 -5.41012 -0.233963 0.15741 0.403664 -0.553428 -0.0894865 -6.8881 
-0.269941 0.725545 0.506644 -0.128192 -1.73766 -5.44501 -0.233963 0.15741 0.403664 -0.553428 -0.0894865 -6.8881 
-0.269941 0.725545 0.506644 -0.128192 -1.73766 -5.4799 -0.233963 0.15741 0.403664 -0.553428 -0.0894865 -6.8881 
-0.269941 0.725545 0.506644 -0.128192 -1.73766 -5.51479 -0.233963 0.15741 0.403664 -0.553428 -0.0894865 -6.8881 
-0.269941 0.725545 0.506644 -0.128192 -1.73766 -5.54968 -0.233963 0.15741 0.403664 -0.553428 -0.0894865 -6.8881 
-0.269941 0.725545 0.506644 -0.128192 -1.73766 -5.58457 -0.233963 0.15741 0.403664 -0.553428 -0.0894865 -6.8881 
-0.269941 0.725545 0.506644 -0.128192 -1.73766 -5.61945 -0.233963 0.15741 0.403664 -0.553428 -0.0894865 -6.8881 
-0.269941 0.725545 0.506644 -0.128192 -1.73766 -5.65434 -0.233963 0.15741 0.403664 -0.553428 -0.0894865 -6.8881 
-0.269941 0.725545 0.506644 -0.128192 -1.73766 -5.68923 -0.233963 0.15741 0.403664 -0.553428 -0.0894865 -6.8881 
-0.269941 0.725545 0.506644 -0.128192 -1.73766 -5.72412 -0.233963 0.15741 0.403664 -0.553428 -0.0894865 -6.8881 
-0.269941 0.725545 0.506644 -0.128192 -1.73766 -5.75901 -0.233963 0.15741 0.403664 -0.553428 -0.0894865 -6.8881 
-0.269941 0.725545 0.506644 -0.128192 -1.73766 -5.7939 -0.233963 0.15741 0.403664 -0.553428 -0.0894865 -6.8881 
-0.269941 0.725545 0.506644 -0.128192 -1.73766 -5.82879 -0.233963 0.15741 0.403664 -0.553428 -0.0894865 -6.8881 
-0.269941 0.725545 0.506644 -0.128192 -1.73766 -5.86368 -0.233963 0.15741 0.403664 -0.553428 -0.0894865 -6.8881 
-0.269941 0.725545 0.506644 -0.128192 -1.73766 -5.89857 -0.233963 0.15741 0.403664 -0.553428 -0.0894865 -6.8881 
-0.269941 0.725545 0.506644 -0.128192 -1.73766 -5.93345 -0.233963 0.15741 0.403664 -0.553428 -0.0894865 -6.8881 
-0.269941 0.725545 0.506644 -0.128192 -1.73766 -5.96834 -0.233963 0.15741 0.403664 -0.553428 -0.0894865 -6.8881 
-0.269941 0.725545 0.506644 -0.128192 -1.73766 -6.00323 -0.233963 0.15741 0.403664 -0.553428 -0.0894865 -6.8881 
-0.269941 0.725545 0.506644 -0.128192 -1.73766 -6.03812 -0.233963 0.15741 0.403664 -0.553428 -0.0894865 -6.8881 
-0.269941 0.725545 0.506644 -0.128192 -1.73766 -6.07301 -0.233963 0.15741 0.403664 -0.553428 -0.0894865 -6.8881 
-0.269941 0.725545 0.506644 -0.128192 -1.73766 -6.1079 -0.233963 0.15741 0.403664 -0.553428 -0.0894865 -6.8881 
-0.269941 0.725545 0.506644 -0.128192 -1.73766 -6.14279 -0.233963 0.15741 0.403664 -0.553428 -0.0894865 -6.8881 
-0.269941 0.725545 0.506644 -0.128192 -1.73766 -6.17768 -0.233963 0.15741 0.403664 -0.553428 -0.0894865 -6.8881 
-0.269941 0.725545 0.506644 -0.128192 -1.73766 -6.21257 -0.233963 0.15741 0.403664 -0.553428 -0.0894865 -6.8881 
-0.269941 0.725545 0.506644 -0.128192 -1.73766 -6.24745 -0.233963 0.15741 0.403664 -0.553428 -0.0894865 -6.8881 
-0.269941 0.725545 0.506644 -0.128192 -1.73766 -6.28234 -0.233963 0.15741 0.403664 -0.553428 -0.0894865 -6.8881 
-0.269941 0.725545 0.506644 -0.128192 -1.73766 -6.31723 -0.233963 0.15741 0.403664 -0.553428 -0.0894865 -6.8881 
-0.269941 0.725545 0.506644 -0.128192 -1.73766 -6.35212 -0.233963 0.15741 0.403664 -0.553428 -0.0894865 -6.8881 
-0.269941 0.725545 0.506644 -0.128192 -1.73766 -6.38701 -0.233963 0.15741 0.403664 -0.553428 -0.0894865 -6.8881 
-0.269941 0.725545 0.506644 -0.128192 -1.73766 -6.4219 -0.233963 0.15741 0.403664 -0.553428 -0.0894865 -6.8881 
-0.269941 0.725545 0.506644 -0.128192 -1.73766 -6.45679 -0.233963 0.15741 0.403664 -0.553428 -0.0894865 -6.8881 
-0.269941 0.725545 0.506644 -0.128192 -1.73766 -6.49168 -0.233963 0.15741 0.403664 -0.553428 -0.0894865 -6.8881 
-0.269941 0.725545 0.506644 -0.128192 -1.73766 -6.52657 -0.233963 0.15741 0.403664 -0.553428 -0.0894865 -6.8881 
-0.269941 0.725545 0.506644 -0.128192 -1.73766 -6.56145 -0.233963 0.15741 0.403664 -0.553428 -0.0894865 -6.8881 
-0.269941 0.725545 0.506644 -0.128192 -1.73766 -6.59634 -0.233963 0.15741 0.403664 -0.553428 -0.0894865 -6.8881 
-0.269941 0.725545 0.506644 -0.128192 -1.73766 -6.63123 -0.233963 0.15741 0.403664 -0.553428 -0.0894865 -6.8881 
-0.269941 0.725545 0.506644 -0.128192 -1.73766 -6.66612 -0.233963 0.15741 0.403664 -0.553428 -0.0894865 -6.8881 
-0.269941 0.725545 0.506644 -0.128192 -1.73766 -6.70101 -0.233963 0.15741 0.403664 -0.553428 -0.0894865 -6.8881 
-0.269941 0.725545 0.506644 -0.128192 -1.73766 -6.7359 -0.233963 0.15741 0.403664 -0.553428 -0.0894865 -6.8881 
-0.269941 0.725545 0.506644 -0.128192 -1.73766 -6.77079 -0.233963 0.15741 0.403664 -0.553428 -0.0894865 -6.8881 
-0.269941 0.725545 0.506644 -0.128192 -1.73766 -6.80568 -0.233963 0.15741 0.403664 -0.553428 -0.0894865 -6.8881 
-0.269941 0.725545 0.506644 -0.128192 -1.73766 -6.84057 -0.233963 0.15741 0.403664 -0.553428 -0.0894865 -6.8881 
-0.269941 0.725545 0.506644 -0.128192 -1.73766 -6.87545 -0.233963 0.15741 0.403664 -0.553428 -0.0894865 -6.8881 
-0.269941 0.725545 0.506644 -0.128192 -1.73766 -6.91034 -0.233963 0.15741 0.403664 -0.553428 -0.0894865 -6.8881 

