0 0.264091 -0.140898 -0 -1.69399 2.98452 0.0318262 0.256964 -0.125467 -0.00299456 -1.71539 2.89749 
0.0218005 0.268227 -0.141077 0.011498 -1.68898 2.89954 0.048038 0.151639 -0.0323574 -0.0125724 -1.61158 2.85737 
0.043601 0.272363 -0.141257 0.0229959 -1.68398 2.81455 0.0720667 0.0563638 0.036134 -0.0107717 -1.49393 2.81235 
0.0654014 0.276498 -0.141436 0.0344939 -1.67897 2.72957 0.104784 -0.0278783 0.0818628 0.0043473 -1.36653 2.75915 
0.0872019 0.280634 -0.141615 0.0459919 -1.67397 2.64459 0.146752 -0.0995987 0.106258 0.035843 -1.23423 2.69327 
0.109002 0.28477 -0.141795 0.0574898 -1.66896 2.55961 0.197988 -0.157326 0.110772 0.0882073 -1.10288 2.60908 
0.130803 0.288906 -0.141974 0.0689878 -1.66396 2.47462 0.257718 -0.200029 0.0970648 0.167155 -0.979517 2.50022 
0.152603 0.293042 -0.142153 0.0804858 -1.65895 2.38964 0.324207 -0.227405 0.067039 0.278188 -0.872167 2.3612 
0.174404 0.297177 -0.142332 0.0919837 -1.65395 2.30466 0.394791 -0.239994 0.0227721 0.423144 -0.789029 2.19077 
0.196204 0.301313 -0.142512 0.103482 -1.64894 2.21967 0.466183 -0.239114 -0.0335818 0.595518 -0.736415 1.99636 
0.218005 0.305449 -0.142691 0.11498 -1.64393 2.13469 0.534995 -0.226654 -0.0998877 0.779179 -0.716021 1.79512 
0.239805 0.309585 -0.14287 0.126478 -1.63893 2.04971 0.5983 -0.204809 -0.174094 0.955004 -0.723721 1.60701 
0.261606 0.313721 -0.14305 0.137976 -1.63392 1.96473 0.654006 -0.175827 -0.254258 1.11024 -0.751532 1.44526 
0.283406 0.317856 -0.143229 0.149474 -1.62892 1.87974 0.700958 -0.14183 -0.338537 1.24139 -0.791037 1.31348 
0.305207 0.321992 -0.143408 0.160972 -1.62391 1.79476 0.738812 -0.104735 -0.425136 1.35092 -0.83558 1.20909 
0.327007 0.326128 -0.143588 0.172469 -1.61891 1.70978 0.767795 -0.0662491 -0.512231 1.44322 -0.88071 1.12744 
0.348808 0.330264 -0.143767 0.183967 -1.6139 1.62479 0.78847 -0.0279523 -0.597838 1.52246 -0.923733 1.06417 
0.370608 0.334399 -0.143946 0.195465 -1.6089 1.53981 0.801536 0.0085829 -0.679633 1.59186 -0.963067 1.01603 
0.392409 0.338535 -0.144126 0.206963 -1.60389 1.45483 0.807706 0.0416241 -0.754711 1.65364 -0.997712 0.98105 
0.414209 0.342671 -0.144305 0.218461 -1.59889 1.36985 0.807627 0.0691087 -0.819331 1.7092 -1.02684 0.958451 
0.43601 0.346807 -0.144484 0.229959 -1.59388 1.28486 0.801851 0.0885838 -0.868859 1.75924 -1.0495 0.948474 
0.45781 0.350943 -0.144664 0.241457 -1.58887 1.19988 0.790825 0.0975215 -0.898399 1.80409 -1.06454 0.951855 
0.479611 0.355078 -0.144843 0.252955 -1.58387 1.1149 0.774901 0.0942315 -0.904537 1.844 -1.07075 0.968863 
0.501411 0.359214 -0.145022 0.264453 -1.57886 1.02991 0.754365 0.0789085 -0.887318 1.87952 -1.06731 0.998333 
0.523212 0.36335 -0.145201 0.275951 -1.57386 0.944932 0.729468 0.0537032 -0.8504 1.91142 -1.0541 1.03766 
0.545012 0.367486 -0.145381 0.287449 -1.56885 0.859949 0.700463 0.0216841 -0.799118 1.9404 -1.0316 1.08379 
0.566813 0.371622 -0.14556 0.298947 -1.56385 0.774966 0.667655 -0.0142177 -0.738516 1.9668 -1.00066 1.13413 
0.588613 0.375757 -0.145739 0.310445 -1.55884 0.689984 0.631439 -0.0516435 -0.672542 1.99056 -0.962237 1.18692 
0.610414 0.379893 -0.145919 0.321943 -1.55384 0.605001 0.592342 -0.0888042 -0.604062 2.01127 -0.917409 1.24121 
0.632214 0.384029 -0.146098 0.333441 -1.54883 0.520018 0.551035 -0.124342 -0.535142 2.02818 -0.86733 1.29674 
0.627371 0.366088 -0.149313 0.398046 -1.53786 0.520537 0.661247 -0.0804252 -0.612066 2.00717 -0.986901 1.29105 
0.622527 0.348147 -0.152527 0.46265 -1.52689 0.521056 0.7561 -0.0340478 -0.687602 1.99217 -1.09181 1.28469 
0.617684 0.330205 -0.155742 0.527255 -1.51592 0.521575 0.836005 0.0130671 -0.76064 1.98352 -1.18345 1.27731 
0.612841 0.312264 -0.158956 0.591859 -1.50495 0.522094 0.902244 0.0594636 -0.830059 1.98071 -1.26364 1.26894 
0.607997 0.294323 -0.162171 0.656464 -1.49398 0.522613 0.956429 0.103869 -0.894635 1.98292 -1.3342 1.2598 
0.603154 0.276382 -0.165385 0.721068 -1.48301 0.523132 1.00017 0.145088 -0.952945 1.98924 -1.3967 1.25027 
0.598311 0.25844 -0.1686 0.785673 -1.47204 0.523651 1.03494 0.181899 -1.00326 1.99883 -1.45234 1.24088 
0.593467 0.240499 -0.171815 0.850277 -1.46107 0.52417 1.06201 0.213016 -1.04355 2.011 -1.50191 1.2323 
0.588624 0.222558 -0.175029 0.914882 -1.45009 0.524689 1.08242 0.237198 -1.07172 2.02522 -1.54588 1.22525 
0.583781 0.204617 -0.178244 0.979486 -1.43912 0.525208 1.09708 0.253644 -1.08644 2.04113 -1.58455 1.22013 
0.578937 0.186675 -0.181458 1.04409 -1.42815 0.525727 1.1067 0.262488 -1.08803 2.05841 -1.61836 1.21664 
0.574094 0.168734 -0.184673 1.1087 -1.41718 0.526246 1.1119 0.26493 -1.07878 2.07663 -1.64799 1.21373 
0.569251 0.150793 -0.187887 1.1733 -1.40621 0.526765 1.11319 0.262747 -1.062 2.09524 -1.67436 1.20994 
0.564407 0.132852 -0.191102 1.2379 -1.39524 0.527284 1.11098 0.257676 -1.04092 2.11359 -1.69832 1.20392 
0.559564 0.11491 -0.194317 1.30251 -1.38427 0.527803 1.10565 0.251096 -1.01805 2.131 -1.72059 1.19466 
0.554721 0.0969691 -0.197531 1.36711 -1.3733 0.528322 1.09752 0.243993 -0.99519 2.14681 -1.74168 1.18146 
0.549877 0.0790279 -0.200746 1.43172 -1.36233 0.52884 1.08686 0.237048 -0.973511 2.16043 -1.76193 1.16393 
0.545034 0.0610866 -0.20396 1.49632 -1.35136 0.529359 1.07391 0.230723 -0.953789 2.17133 -1.78151 1.14183 
0.540191 0.0431454 -0.207175 1.56093 -1.34039 0.529878 1.05891 0.225335 -0.936519 2.17905 -1.80043 1.11507 
0.535347 0.0252042 -0.21039 1.62553 -1.32942 0.530397 1.04206 0.221099 -0.922003 2.1832 -1.81859 1.08361 
0.530504 0.00726291 -0.213604 1.69014 -1.31845 0.530916 1.02354 0.218159 -0.910413 2.18349 -1.83576 1.0475 
0.525661 -0.0106783 -0.216819 1.75474 -1.30748 0.531435 1.00352 0.216609 -0.901831 2.1797 -1.85162 1.00684 
0.520817 -0.0286196 -0.220033 1.81934 -1.29651 0.531954 0.982145 0.216502 -0.896272 2.17174 -1.86575 0.961767 
0.515974 -0.0465608 -0.223248 1.88395 -1.28554 0.532473 0.959563 0.217863 -0.893708 2.15961 -1.87767 0.912486 
0.511131 -0.0645021 -0.226462 1.94855 -1.27456 0.532992 0.935888 0.220692 -0.894076 2.14345 -1.88685 0.859266 
0.506287 -0.0824433 -0.229677 2.01316 -1.26359 0.533511 0.91122 0.224975 -0.897298 2.12356 -1.89272 0.80245 
0.501444 -0.100385 -0.232892 2.07776 -1.25262 0.53403 0.885638 0.230686 -0.903287 2.10035 -1.89473 0.74246 
0.496601 -0.118326 -0.236106 2.14237 -1.24165 0.534549 0.8592 0.237798 -0.911966 2.07442 -1.89233 0.67979 
0.491757 -0.136267 -0.239321 2.20697 -1.23068 0.535068 0.83194 0.24629 -0.923282 2.04645 -1.88505 0.614989 
0.486914 -0.154208 -0.242535 2.27158 -1.21971 0.535587 0.803868 0.256162 -0.937227 2.01727 -1.87248 0.548634 
0.482071 -0.17215 -0.24575 2.33618 -1.20874 0.536106 0.774971 0.267451 -0.95387 1.98774 -1.85431 0.481284 
0.477227 -0.190091 -0.248964 2.40079 -1.19777 0.536625 0.745212 0.280255 -0.9734 1.9588 -1.83034 0.413423 
0.472384 -0.208032 -0.252179 2.46539 -1.1868 0.537144 0.714533 0.294775 -0.996196 1.93136 -1.8005 0.345395 
0.472384 -0.208032 -0.252179 2.46539 -1.1868 0.502255 0.714533 0.294775 -0.996196 1.93136 -1.8005 0.310506 
0.472384 -0.208032 -0.252179 2.46539 -1.1868 0.467366 0.714533 0.294775 -0.996196 1.93136 -1.8005 0.275617 
0.472384 -0.208032 -0.252179 2.46539 -1.1868 0.432477 0.714533 0.294775 -0.996196 1.93136 -1.8005 0.240728 
0.472384 -0.208032 -0.252179 2.46539 -1.1868 0.397588 0.714533 0.294775 -0.996196 1.93136 -1.8005 0.205839 
0.472384 -0.208032 -0.252179 2.46539 -1.1868 0.3627 0.714533 0.294775 -0.996196 1.93136 -1.8005 0.170951 
0.472384 -0.208032 -0.252179 2.46539 -1.1868 0.327811 0.714533 0.294775 -0.996196 1.93136 -1.8005 0.136062 
0.472384 -0.208032 -0.252179 2.46539 -1.1868 0.292922 0.714533 0.294775 -0.996196 1.93136 -1.8005 0.101173 
0.472384 -0.208032 -0.252179 2.46539 -1.1868 0.258033 0.714533 0.294775 -0.996196 1.93136 -1.8005 0.0662839 
0.472384 -0.208032 -0.252179 2.46539 -1.1868 0.223144 0.714533 0.294775 -0.996196 1.93136 -1.8005 0.031395 
0.472384 -0.208032 -0.252179 2.46539 -1.1868 0.188255 0.714533 0.294775 -0.996196 1.93136 -1.8005 -0.00349389 
0.472384 -0.208032 -0.252179 2.46539 -1.1868 0.153366 0.714533 0.294775 -0.996196 1.93136 -1.8005 -0.0383828 
0.472384 -0.208032 -0.252179 2.46539 -1.1868 0.118477 0.714533 0.294775 -0.996196 1.93136 -1.8005 -0.0732717 
0.472384 -0.208032 -0.252179 2.46539 -1.1868 0.0835884 0.714533 0.294775 -0.996196 1.93136 -1.8005 -0.108161 
0.472384 -0.208032 -0.252179 2.46539 -1.1868 0.0486996 0.714533 0.294775 -0.996196 1.93136 -1.8005 -0.143049 
0.472384 -0.208032 -0.252179 2.46539 -1.1868 0.0138107 0.714533 0.294775 -0.996196 1.93136 -1.8005 -0.177938 
0.472384 -0.208032 -0.252179 2.46539 -1.1868 -0.0210782 0.714533 0.294775 -0.996196 1.93136 -1.8005 -0.212827 
0.472384 -0.208032 -0.252179 2.46539 -1.1868 -0.0559671 0.714533 0.294775 -0.996196 1.93136 -1.8005 -0.247716 
0.472384 -0.208032 -0.252179 2.46539 -1.1868 -0.090856 0.714533 0.294775 -0.996196 1.93136 -1.8005 -0.282605 
0.472384 -0.208032 -0.252179 2.46539 -1.1868 -0.125745 0.714533 0.294775 -0.996196 1.93136 -1.8005 -0.317494 
0.472384 -0.208032 -0.252179 2.46539 -1.1868 -0.160634 0.714533 0.294775 -0.996196 1.93136 -1.8005 -0.352383 
0.472384 -0.208032 -0.252179 2.46539 -1.1868 -0.195523 0.714533 0.294775 -0.996196 1.93136 -1.8005 -0.387272 
0.472384 -0.208032 -0.252179 2.46539 -1.1868 -0.230412 0.714533 0.294775 -0.996196 1.93136 -1.8005 -0.422161 
0.472384 -0.208032 -0.252179 2.46539 -1.1868 -0.2653 0.714533 0.294775 -0.996196 1.93136 -1.8005 -0.457049 
0.472384 -0.208032 -0.252179 2.46539 -1.1868 -0.300189 0.714533 0.294775 -0.996196 1.93136 -1.8005 -0.491938 
0.472384 -0.208032 -0.252179 2.46539 -1.1868 -0.335078 0.714533 0.294775 -0.996196 1.93136 -1.8005 -0.526827 
0.472384 -0.208032 -0.252179 2.46539 -1.1868 -0.369967 0.714533 0.294775 -0.996196 1.93136 -1.8005 -0.561716 
0.472384 -0.208032 -0.252179 2.46539 -1.1868 -0.404856 0.714533 0.294775 -0.996196 1.93136 -1.8005 -0.596605 
0.472384 -0.208032 -0.252179 2.46539 -1.1868 -0.439745 0.714533 0.294775 -0.996196 1.93136 -1.8005 -0.631494 
0.472384 -0.208032 -0.252179 2.46539 -1.1868 -0.474634 0.714533 0.294775 -0.996196 1.93136 -1.8005 -0.666383 
0.472384 -0.208032 -0.252179 2.46539 -1.1868 -0.509523 0.714533 0.294775 -0.996196 1.93136 -1.8005 -0.701272 
0.472384 -0.208032 -0.252179 2.46539 -1.1868 -0.544412 0.714533 0.294775 -0.996196 1.93136 -1.8005 -0.736161 
0.472384 -0.208032 -0.252179 2.46539 -1.1868 -0.5793 0.714533 0.294775 -0.996196 1.93136 -1.8005 -0.771049 
0.472384 -0.208032 -0.252179 2.46539 -1.1868 -0.614189 0.714533 0.294775 -0.996196 1.93136 -1.8005 -0.805938 
0.472384 -0.208032 -0.252179 2.46539 -1.1868 -0.649078 0.714533 0.294775 -0.996196 1.93136 -1.8005 -0.840827 
0.472384 -0.208032 -0.252179 2.46539 -1.1868 -0.683967 0.714533 0.294775 -0.996196 1.93136 -1.8005 -0.875716 
0.472384 -0.208032 -0.252179 2.46539 -1.1868 -0.718856 0.714533 0.294775 -0.996196 1.93136 -1.8005 -0.910605 
0.472384 -0.208032 -0.252179 2.46539 -1.1868 -0.753745 0.714533 0.294775 -0.996196 1.93136 -1.8005 -0.945494 
0.472384 -0.208032 -0.252179 2.46539 -1.1868 -0.788634 0.714533 0.294775 -0.996196 1.93136 -1.8005 -0.980383 
0.472384 -0.208032 -0.252179 2.46539 -1.1868 -0.823523 0.714533 0.294775 -0.996196 1.93136 -1.8005 -1.01527 
0.472384 -0.208032 -0.252179 2.46539 -1.1868 -0.858412 0.714533 0.294775 -0.996196 1.93136 -1.8005 -1.05016 
0.472384 -0.208032 -0.252179 2.46539 -1.1868 -0.8933 0.714533 0.294775 -0.996196 1.93136 -1.8005 -1.08505 
0.472384 -0.208032 -0.252179 2.46539 -1.1868 -0.928189 0.714533 0.294775 -0.996196 1.93136 -1.8005 -1.11994 
0.472384 -0.208032 -0.252179 2.46539 -1.1868 -0.963078 0.714533 0.294775 -0.996196 1.93136 -1.8005 -1.15483 
0.472384 -0.208032 -0.252179 2.46539 -1.1868 -0.997967 0.714533 0.294775 -0.996196 1.93136 -1.8005 -1.18972 
0.472384 -0.208032 -0.252179 2.46539 -1.1868 -1.03286 0.714533 0.294775 -0.996196 1.93136 -1.8005 -1.22461 
0.472384 -0.208032 -0.252179 2.46539 -1.1868 -1.06774 0.714533 0.294775 -0.996196 1.93136 -1.8005 -1.25949 
0.472384 -0.208032 -0.252179 2.46539 -1.1868 -1.10263 0.714533 0.294775 -0.996196 1.93136 -1.8005 -1.29438 
0.472384 -0.208032 -0.252179 2.46539 -1.1868 -1.13752 0.714533 0.294775 -0.996196 1.93136 -1.8005 -1.32927 
0.472384 -0.208032 -0.252179 2.46539 -1.1868 -1.17241 0.714533 0.294775 -0.996196 1.93136 -1.8005 -1.36416 
0.472384 -0.208032 -0.252179 2.46539 -1.1868 -1.2073 0.714533 0.294775 -0.996196 1.93136 -1.8005 -1.39905 
0.472384 -0.208032 -0.252179 2.46539 -1.1868 -1.24219 0.714533 0.294775 -0.996196 1.93136 -1.8005 -1.43394 
0.472384 -0.208032 -0.252179 2.46539 -1.1868 -1.27708 0.714533 0.294775 -0.996196 1.93136 -1.8005 -1.46883 
0.472384 -0.208032 -0.252179 2.46539 -1.1868 -1.31197 0.714533 0.294775 -0.996196 1.93136 -1.8005 -1.50372 
0.472384 -0.208032 -0.252179 2.46539 -1.1868 -1.34686 0.714533 0.294775 -0.996196 1.93136 -1.8005 -1.53861 
0.472384 -0.208032 -0.252179 2.46539 -1.1868 -1.38174 0.714533 0.294775 -0.996196 1.93136 -1.8005 -1.57349 
0.472384 -0.208032 -0.252179 2.46539 -1.1868 -1.41663 0.714533 0.294775 -0.996196 1.93136 -1.8005 -1.60838 
0.472384 -0.208032 -0.252179 2.46539 -1.1868 -1.45152 0.714533 0.294775 -0.996196 1.93136 -1.8005 -1.64327 
0.472384 -0.208032 -0.252179 2.46539 -1.1868 -1.48641 0.714533 0.294775 -0.996196 1.93136 -1.8005 -1.67816 
0.472384 -0.208032 -0.252179 2.46539 -1.1868 -1.5213 0.714533 0.294775 -0.996196 1.93136 -1.8005 -1.71305 
0.472384 -0.208032 -0.252179 2.46539 -1.1868 -1.55619 0.714533 0.294775 -0.996196 1.93136 -1.8005 -1.74794 
0.472384 -0.208032 -0.252179 2.46539 -1.1868 -1.59108 0.714533 0.294775 -0.996196 1.93136 -1.8005 -1.78283 
0.472384 -0.208032 -0.252179 2.46539 -1.1868 -1.62597 0.714533 0.294775 -0.996196 1.93136 -1.8005 -1.81772 
0.472384 -0.208032 -0.252179 2.46539 -1.1868 -1.66086 0.714533 0.294775 -0.996196 1.93136 -1.8005 -1.85261 
0.472384 -0.208032 -0.252179 2.46539 -1.1868 -1.69574 0.714533 0.294775 -0.996196 1.93136 -1.8005 -1.88749 
0.472384 -0.208032 -0.252179 2.46539 -1.1868 -1.73063 0.714533 0.294775 -0.996196 1.93136 -1.8005 -1.92238 
0.472384 -0.208032 -0.252179 2.46539 -1.1868 -1.76552 0.714533 0.294775 -0.996196 1.93136 -1.8005 -1.95727 
0.472384 -0.208032 -0.252179 2.46539 -1.1868 -1.80041 0.714533 0.294775 -0.996196 1.93136 -1.8005 -1.99216 
0.472384 -0.208032 -0.252179 2.46539 -1.1868 -1.8353 0.714533 0.294775 -0.996196 1.93136 -1.8005 -2.02705 
0.472384 -0.208032 -0.252179 2.46539 -1.1868 -1.87019 0.714533 0.294775 -0.996196 1.93136 -1.8005 -2.06194 
0.472384 -0.208032 -0.252179 2.46539 -1.1868 -1.90508 0.714533 0.294775 -0.996196 1.93136 -1.8005 -2.09683 
0.472384 -0.208032 -0.252179 2.46539 -1.1868 -1.93997 0.714533 0.294775 -0.996196 1.93136 -1.8005 -2.13172 
0.472384 -0.208032 -0.252179 2.46539 -1.1868 -1.97486 0.714533 0.294775 -0.996196 1.93136 -1.8005 -2.16661 
0.472384 -0.208032 -0.252179 2.46539 -1.1868 -2.00974 0.714533 0.294775 -0.996196 1.93136 -1.8005 -2.20149 
0.472384 -0.208032 -0.252179 2.46539 -1.1868 -2.04463 0.714533 0.294775 -0.996196 1.93136 -1.8005 -2.23638 
0.472384 -0.208032 -0.252179 2.46539 -1.1868 -2.07952 0.714533 0.294775 -0.996196 1.93136 -1.8005 -2.27127 
0.472384 -0.208032 -0.252179 2.46539 -1.1868 -2.11441 0.714533 0.294775 -0.996196 1.93136 -1.8005 -2.30616 
0.472384 -0.208032 -0.252179 2.46539 -1.1868 -2.1493 0.714533 0.294775 -0.996196 1.93136 -1.8005 -2.34105 
0.472384 -0.208032 -0.252179 2.46539 -1.1868 -2.18419 0.714533 0.294775 -0.996196 1.93136 -1.8005 -2.37594 
0.472384 -0.208032 -0.252179 2.46539 -1.1868 -2.21908 0.714533 0.294775 -0.996196 1.93136 -1.8005 -2.41083 
0.472384 -0.208032 -0.252179 2.46539 -1.1868 -2.25397 0.714533 0.294775 -0.996196 1.93136 -1.8005 -2.44572 
0.472384 -0.208032 -0.252179 2.46539 -1.1868 -2.28886 0.714533 0.294775 -0.996196 1.93136 -1.8005 -2.48061 
0.472384 -0.208032 -0.252179 2.46539 -1.1868 -2.32374 0.714533 0.294775 -0.996196 1.93136 -1.8005 -2.51549 
0.472384 -0.208032 -0.252179 2.46539 -1.1868 -2.35863 0.714533 0.294775 -0.996196 1.93136 -1.8005 -2.55038 
0.472384 -0.208032 -0.252179 2.46539 -1.1868 -2.39352 0.714533 0.294775 -0.996196 1.93136 -1.8005 -2.58527 
0.472384 -0.208032 -0.252179 2.46539 -1.1868 -2.42841 0.714533 0.294775 -0.996196 1.93136 -1.8005 -2.62016 
0.472384 -0.208032 -0.252179 2.46539 -1.1868 -2.4633 0.714533 0.294775 -0.996196 1.93136 -1.8005 -2.65505 
0.472384 -0.208032 -0.252179 2.46539 -1.1868 -2.49819 0.714533 0.294775 -0.996196 1.93136 -1.8005 -2.68994 
0.472384 -0.208032 -0.252179 2.46539 -1.1868 -2.53308 0.714533 0.294775 -0.996196 1.93136 -1.8005 -2.72483 
0.472384 -0.208032 -0.252179 2.46539 -1.1868 -2.56797 0.714533 0.294775 -0.996196 1.93136 -1.8005 -2.75972 
0.472384 -0.208032 -0.252179 2.46539 -1.1868 -2.60286 0.714533 0.294775 -0.996196 1.93136 -1.8005 -2.7946 
0.472384 -0.208032 -0.252179 2.46539 -1.1868 -2.63774 0.714533 0.294775 -0.996196 1.93136 -1.8005 -2.82949 
0.472384 -0.208032 -0.252179 2.46539 -1.1868 -2.67263 0.714533 0.294775 -0.996196 1.93136 -1.8005 -2.86438 
0.472384 -0.208032 -0.252179 2.46539 -1.1868 -2.70752 0.714533 0.294775 -0.996196 1.93136 -1.8005 -2.89927 
0.472384 -0.208032 -0.252179 2.46539 -1.1868 -2.74241 0.714533 0.294775 -0.996196 1.93136 -1.8005 -2.93416 
0.472384 -0.208032 -0.252179 2.46539 -1.1868 -2.7773 0.714533 0.294775 -0.996196 1.93136 -1.8005 -2.96905 
0.472384 -0.208032 -0.252179 2.46539 -1.1868 -2.81219 0.714533 0.294775 -0.996196 1.93136 -1.8005 -3.00394 
0.472384 -0.208032 -0.252179 2.46539 -1.1868 -2.84708 0.714533 0.294775 -0.996196 1.93136 -1.8005 -3.03883 
0.472384 -0.208032 -0.252179 2.46539 -1.1868 -2.88197 0.714533 0.294775 -0.996196 1.93136 -1.8005 -3.07372 
0.472384 -0.208032 -0.252179 2.46539 -1.1868 -2.91686 0.714533 0.294775 -0.996196 1.93136 -1.8005 -3.1086 
0.472384 -0.208032 -0.252179 2.46539 -1.1868 -2.95174 0.714533 0.294775 -0.996196 1.93136 -1.8005 -3.14349 
0.472384 -0.208032 -0.252179 2.46539 -1.1868 -2.98663 0.714533 0.294775 -0.996196 1.93136 -1.8005 -3.17838 
0.472384 -0.208032 -0.252179 2.46539 -1.1868 -3.02152 0.714533 0.294775 -0.996196 1.93136 -1.8005 -3.21327 
0.472384 -0.208032 -0.252179 2.46539 -1.1868 -3.05641 0.714533 0.294775 -0.996196 1.93136 -1.8005 -3.24816 
0.472384 -0.208032 -0.252179 2.46539 -1.1868 -3.0913 0.714533 0.294775 -0.996196 1.93136 -1.8005 -3.28305 
0.472384 -0.208032 -0.252179 2.46539 -1.1868 -3.12619 0.714533 0.294775 -0.996196 1.93136 -1.8005 -3.31794 
0.472384 -0.208032 -0.252179 2.46539 -1.1868 -3.16108 0.714533 0.294775 -0.996196 1.93136 -1.8005 -3.35283 
0.472384 -0.208032 -0.252179 2.46539 -1.1868 -3.19597 0.714533 0.294775 -0.996196 1.93136 -1.8005 -3.38772 
0.472384 -0.208032 -0.252179 2.46539 -1.1868 -3.23086 0.714533 0.294775 -0.996196 1.93136 -1.8005 -3.4226 
0.472384 -0.208032 -0.252179 2.46539 -1.1868 -3.26574 0.714533 0.294775 -0.996196 1.93136 -1.8005 -3.45749 
0.472384 -0.208032 -0.252179 2.46539 -1.1868 -3.30063 0.714533 0.294775 -0.996196 1.93136 -1.8005 -3.49238 
0.472384 -0.208032 -0.252179 2.46539 -1.1868 -3.33552 0.714533 0.294775 -0.996196 1.93136 -1.8005 -3.52727 
0.472384 -0.208032 -0.252179 2.46539 -1.1868 -3.37041 0.714533 0.294775 -0.996196 1.93136 -1.8005 -3.56216 
0.472384 -0.208032 -0.252179 2.46539 -1.1868 -3.4053 0.714533 0.294775 -0.996196 1.93136 -1.8005 -3.59705 
0.472384 -0.208032 -0.252179 2.46539 -1.1868 -3.44019 0.714533 0.294775 -0.996196 1.93136 -1.8005 -3.63194 
0.472384 -0.208032 -0.252179 2.46539 -1.1868 -3.47508 0.714533 0.294775 -0.996196 1.93136 -1.8005 -3.66683 
0.472384 -0.208032 -0.252179 2.46539 -1.1868 -3.50997 0.714533 0.294775 -0.996196 1.93136 -1.8005 -3.70172 
0.472384 -0.208032 -0.252179 2.46539 -1.1868 -3.54486 0.714533 0.294775 -0.996196 1.93136 -1.8005 -3.7366 
0.472384 -0.208032 -0.252179 2.46539 -1.1868 -3.57974 0.714533 0.294775 -0.996196 1.93136 -1.8005 -3.77149 
0.472384 -0.208032 -0.252179 2.46539 -1.1868 -3.61463 0.714533 0.294775 -0.996196 1.93136 -1.8005 -3.80638 
0.472384 -0.208032 -0.252179 2.46539 -1.1868 -3.64952 0.714533 0.294775 -0.996196 1.93136 -1.8005 -3.84127 
0.472384 -0.208032 -0.252179 2.46539 -1.1868 -3.68441 0.714533 0.294775 -0.996196 1.93136 -1.8005 -3.87616 
0.472384 -0.208032 -0.252179 2.46539 -1.1868 -3.7193 0.714533 0.294775 -0.996196 1.93136 -1.8005 -3.91105 
0.472384 -0.208032 -0.252179 2.46539 -1.1868 -3.75419 0.714533 0.294775 -0.996196 1.93136 -1.8005 -3.94594 
0.472384 -0.208032 -0.252179 2.46539 -1.1868 -3.78908 0.714533 0.294775 -0.996196 1.93136 -1.8005 -3.98083 
0.472384 -0.208032 -0.252179 2.46539 -1.1868 -3.82397 0.714533 0.294775 -0.996196 1.93136 -1.8005 -4.01572 
0.472384 -0.208032 -0.252179 2.46539 -1.1868 -3.85886 0.714533 0.294775 -0.996196 1.93136 -1.8005 -4.0506 
0.472384 -0.208032 -0.252179 2.46539 -1.1868 -3.89374 0.714533 0.294775 -0.996196 1.93136 -1.8005 -4.08549 
0.472384 -0.208032 -0.252179 2.46539 -1.1868 -3.92863 0.714533 0.294775 -0.996196 1.93136 -1.8005 -4.12038 
0.472384 -0.208032 -0.252179 2.46539 -1.1868 -3.96352 0.714533 0.294775 -0.996196 1.93136 -1.8005 -4.15527 
0.472384 -0.208032 -0.252179 2.46539 -1.1868 -3.99841 0.714533 0.294775 -0.996196 1.93136 -1.8005 -4.19016 
0.472384 -0.208032 -0.252179 2.46539 -1.1868 -4.0333 0.714533 0.294775 -0.996196 1.93136 -1.8005 -4.22505 
0.472384 -0.208032 -0.252179 2.46539 -1.1868 -4.06819 0.714533 0.294775 -0.996196 1.93136 -1.8005 -4.25994 
0.472384 -0.208032 -0.252179 2.46539 -1.1868 -4.10308 0.714533 0.294775 -0.996196 1.93136 -1.8005 -4.29483 
0.472384 -0.208032 -0.252179 2.46539 -1.1868 -4.13797 0.714533 0.294775 -0.996196 1.93136 -1.8005 -4.32972 
0.472384 -0.208032 -0.252179 2.46539 -1.1868 -4.17286 0.714533 0.294775 -0.996196 1.93136 -1.8005 -4.3646 
0.472384 -0.208032 -0.252179 2.46539 -1.1868 -4.20774 0.714533 0.294775 -0.996196 1.93136 -1.8005 -4.39949 
0.472384 -0.208032 -0.252179 2.46539 -1.1868 -4.24263 0.714533 0.294775 -0.996196 1.93136 -1.8005 -4.43438 
0.472384 -0.208032 -0.252179 2.46539 -1.1868 -4.27752 0.714533 0.294775 -0.996196 1.93136 -1.8005 -4.46927 
0.472384 -0.208032 -0.252179 2.46539 -1.1868 -4.31241 0.714533 0.294775 -0.996196 1.93136 -1.8005 -4.50416 
0.472384 -0.208032 -0.252179 2.46539 -1.1868 -4.3473 0.714533 0.294775 -0.996196 1.93136 -1.8005 -4.53905 
0.472384 -0.208032 -0.252179 2.46539 -1.1868 -4.38219 0.714533 0.294775 -0.996196 1.93136 -1.8005 -4.57394 
0.472384 -0.208032 -0.252179 2.46539 -1.1868 -4.41708 0.714533 0.294775 -0.996196 1.93136 -1.8005 -4.60883 
0.472384 -0.208032 -0.252179 2.46539 -1.1868 -4.45197 0.714533 0.294775 -0.996196 1.93136 -1.8005 -4.64372 
0.472384 -0.208032 -0.252179 2.46539 -1.1868 -4.48686 0.714533 0.294775 -0.996196 1.93136 -1.8005 -4.67861 
0.472384 -0.208032 -0.252179 2.46539 -1.1868 -4.52174 0.714533 0.294775 -0.996196 1.93136 -1.8005 -4.71349 
0.472384 -0.208032 -0.252179 2.46539 -1.1868 -4.55663 0.714533 0.294775 -0.996196 1.93136 -1.8005 -4.74838 
0.472384 -0.208032 -0.252179 2.46539 -1.1868 -4.59152 0.714533 0.294775 -0.996196 1.93136 -1.8005 -4.78327 
0.472384 -0.208032 -0.252179 2.46539 -1.1868 -4.62641 0.714533 0.294775 -0.996196 1.93136 -1.8005 -4.81816 
0.472384 -0.208032 -0.252179 2.46539 -1.1868 -4.6613 0.714533 0.294775 -0.996196 1.93136 -1.8005 -4.85305 
0.472384 -0.208032 -0.252179 2.46539 -1.1868 -4.69619 0.714533 0.294775 -0.996196 1.93136 -1.8005 -4.88794 
0.472384 -0.208032 -0.252179 2.46539 -1.1868 -4.73108 0.714533 0.294775 -0.996196 1.93136 -1.8005 -4.92283 
0.472384 -0.208032 -0.252179 2.46539 -1.1868 -4.76597 0.714533 0.294775 -0.996196 1.93136 -1.8005 -4.95772 
0.472384 -0.208032 -0.252179 2.46539 -1.1868 -4.80086 0.714533 0.294775 -0.996196 1.93136 -1.8005 -4.99261 
0.472384 -0.208032 -0.252179 2.46539 -1.1868 -4.83574 0.714533 0.294775 -0.996196 1.93136 -1.8005 -5.02749 
0.472384 -0.208032 -0.252179 2.46539 -1.1868 -4.87063 0.714533 0.294775 -0.996196 1.93136 -1.8005 -5.06238 
0.472384 -0.208032 -0.252179 2.46539 -1.1868 -4.90552 0.714533 0.294775 -0.996196 1.93136 -1.8005 -5.09727 
0.472384 -0.208032 -0.252179 2.46539 -1.1868 -4.94041 0.714533 0.294775 -0.996196 1.93136 -1.8005 -5.13216 
0.472384 -0.208032 -0.252179 2.46539 -1.1868 -4.9753 0.714533 0.294775 -0.996196 1.93136 -1.8005 -5.16705 
0.472384 -0.208032 -0.252179 2.46539 -1.1868 -5.01019 0.714533 0.294775 -0.996196 1.93136 -1.8005 -5.20194 
0.472384 -0.208032 -0.252179 2.46539 -1.1868 -5.04508 0.714533 0.294775 -0.996196 1.93136 -1.8005 -5.23683 
0.472384 -0.208032 -0.252179 2.46539 -1.1868 -5.07997 0.714533 0.294775 -0.996196 1.93136 -1.8005 -5.27172 
0.472384 -0.208032 -0.252179 2.46539 -1.1868 -5.11486 0.714533 0.294775 -0.996196 1.93136 -1.8005 -5.30661 
0.472384 -0.208032 -0.252179 2.46539 -1.1868 -5.14974 0.714533 0.294775 -0.996196 1.93136 -1.8005 -5.34149 
0.472384 -0.208032 -0.252179 2.46539 -1.1868 -5.18463 0.714533 0.294775 -0.996196 1.93136 -1.8005 -5.37638 
0.472384 -0.208032 -0.252179 2.46539 -1.1868 -5.21952 0.714533 0.294775 -0.996196 1.93136 -1.8005 -5.41127 
0.472384 -0.208032 -0.252179 2.46539 -1.1868 -5.25441 0.714533 0.294775 -0.996196 1.93136 -1.8005 -5.44616 
0.472384 -0.208032 -0.252179 2.46539 -1.1868 -5.2893 0.714533 0.294775 -0.996196 1.93136 -1.8005 -5.48105 
0.472384 -0.208032 -0.252179 2.46539 -1.1868 -5.32419 0.714533 0.294775 -0.996196 1.93136 -1.8005 -5.51594 
0.472384 -0.208032 -0.252179 2.46539 -1.1868 -5.35908 0.714533 0.294775 -0.996196 1.93136 -1.8005 -5.55083 
0.472384 -0.208032 -0.252179 2.46539 -1.1868 -5.39397 0.714533 0.294775 -0.996196 1.93136 -1.8005 -5.58572 
0.472384 -0.208032 -0.252179 2.46539 -1.1868 -5.42886 0.714533 0.294775 -0.996196 1.93136 -1.8005 -5.62061 
0.472384 -0.208032 -0.252179 2.46539 -1.1868 -5.46374 0.714533 0.294775 -0.996196 1.93136 -1.8005 -5.65549 
0.472384 -0.208032 -0.252179 2.46539 -1.1868 -5.49863 0.714533 0.294775 -0.996196 1.93136 -1.8005 -5.69038 
0.472384 -0.208032 -0.252179 2.46539 -1.1868 -5.53352 0.714533 0.294775 -0.996196 1.93136 -1.8005 -5.72527 
0.472384 -0.208032 -0.252179 2.46539 -1.1868 -5.56841 0.714533 0.294775 -0.996196 1.93136 -1.8005 -5.76016 
0.472384 -0.208032 -0.252179 2.46539 -1.1868 -5.6033 0.714533 0.294775 -0.996196 1.93136 -1.8005 -5.79505 
0.472384 -0.208032 -0.252179 2.46539 -1.1868 -5.63819 0.714533 0.294775 -0.996196 1.93136 -1.8005 -5.82994 
0.472384 -0.208032 -0.252179 2.46539 -1.1868 -5.67308 0.714533 0.294775 -0.996196 1.93136 -1.8005 -5.86483 
0.472384 -0.208032 -0.252179 2.46539 -1.1868 -5.70797 0.714533 0.294775 -0.996196 1.93136 -1.8005 -5.89972 
0.472384 -0.208032 -0.252179 2.46539 -1.1868 -5.74286 0.714533 0.294775 -0.996196 1.93136 -1.8005 -5.93461 
0.472384 -0.208032 -0.252179 2.46539 -1.1868 -5.77774 0.714533 0.294775 -0.996196 1.93136 -1.8005 -5.96949 
0.472384 -0.208032 -0.252179 2.46539 -1.1868 -5.81263 0.714533 0.294775 -0.996196 1.93136 -1.8005 -6.00438 
0.472384 -0.208032 -0.252179 2.46539 -1.1868 -5.84752 0.714533 0.294775 -0.996196 1.93136 -1.8005 -6.03927 
0.472384 -0.208032 -0.252179 2.46539 -1.1868 -5.88241 0.714533 0.294775 -0.996196 1.93136 -1.8005 -6.07416 
0.472384 -0.208032 -0.252179 2.46539 -1.1868 -5.9173 0.714533 0.294775 -0.996196 1.93136 -1.8005 -6.10905 
0.472384 -0.208032 -0.252179 2.46539 -1.1868 -5.95219 0.714533 0.294775 -0.996196 1.93136 -1.8005 -6.14394 
0.472384 -0.208032 -0.252179 2.46539 -1.1868 -5.98708 0.714533 0.294775 -0.996196 1.93136 -1.8005 -6.17883 
0.472384 -0.208032 -0.252179 2.46539 -1.1868 -6.02197 0.714533 0.294775 -0.996196 1.93136 -1.8005 -6.21372 
0.472384 -0.208032 -0.252179 2.46539 -1.1868 -6.05686 0.714533 0.294775 -0.996196 1.93136 -1.8005 -6.24861 
0.472384 -0.208032 -0.252179 2.46539 -1.1868 -6.09174 0.714533 0.294775 -0.996196 1.93136 -1.8005 -6.28349 
0.472384 -0.208032 -0.252179 2.46539 -1.1868 -6.12663 0.714533 0.294775 -0.996196 1.93136 -1.8005 -6.31838 
0.472384 -0.208032 -0.252179 2.46539 -1.1868 -6.16152 0.714533 0.294775 -0.996196 1.93136 -1.8005 -6.35327 
0.472384 -0.208032 -0.252179 2.46539 -1.1868 -6.19641 0.714533 0.294775 -0.996196 1.93136 -1.8005 -6.38816 
0.472384 -0.208032 -0.252179 2.46539 -1.1868 -6.2313 0.714533 0.294775 -0.996196 1.93136 -1.8005 -6.42305 
0.472384 -0.208032 -0.252179 2.46539 -1.1868 -6.26619 0.714533 0.294775 -0.996196 1.93136 -1.8005 -6.45794 
0.472384 -0.208032 -0.252179 2.46539 -1.1868 -6.30108 0.714533 0.294775 -0.996196 1.93136 -1.8005 -6.49283 
0.472384 -0.208032 -0.252179 2.46539 -1.1868 -6.33597 0.714533 0.294775 -0.996196 1.93136 -1.8005 -6.52772 
0.472384 -0.208032 -0.252179 2.46539 -1.1868 -6.37086 0.714533 0.294775 -0.996196 1.93136 -1.8005 -6.56261 
0.472384 -0.208032 -0.252179 2.46539 -1.1868 -6.40574 0.714533 0.294775 -0.996196 1.93136 -1.8005 -6.59749 
0.472384 -0.208032 -0.252179 2.46539 -1.1868 -6.44063 0.714533 0.294775 -0.996196 1.93136 -1.8005 -6.63238 
0.472384 -0.208032 -0.252179 2.46539 -1.1868 -6.47552 0.714533 0.294775 -0.996196 1.93136 -1.8005 -6.66727 
0.472384 -0.208032 -0.252179 2.46539 -1.1868 -6.51041 0.714533 0.294775 -0.996196 1.93136 -1.8005 -6.70216 
0.472384 -0.208032 -0.252179 2.46539 -1.1868 -6.5453 0.714533 0.294775 -0.996196 1.93136 -1.8005 -6.73705 
0.472384 -0.208032 -0.252179 2.46539 -1.1868 -6.58019 0.714533 0.294775 -0.996196 1.93136 -1.8005 -6.77194 
0.472384 -0.208032 -0.252179 2.46539 -1.1868 -6.61508 0.714533 0.294775 -0.996196 1.93136 -1.8005 -6.80683 
0.472384 -0.208032 -0.252179 2.46539 -1.1868 -6.64997 0.714533 0.294775 -0.996196 1.93136 -1.8005 -6.84172 
0.472384 -0.208032 -0.252179 2.46539 -1.1868 -6.68486 0.714533 0.294775 -0.996196 1.93136 -1.8005 -6.87661 
0.472384 -0.208032 -0.252179 2.46539 -1.1868 -6.71974 0.714533 0.294775 -0.996196 1.93136 -1.8005 -6.91149 
0.472384 -0.208032 -0.252179 2.46539 -1.1868 -6.75463 0.714533 0.294775 -0.996196 1.93136 -1.8005 -6.87661 
0.472384 -0.208032 -0.252179 2.46539 -1.1868 -6.78952 0.714533 0.294775 -0.996196 1.93136 -1.8005 -6.87661 
0.472384 -0.208032 -0.252179 2.46539 -1.1868 -6.82441 0.714533 0.294775 -0.996196 1.93136 -1.8005 -6.87661 
0.472384 -0.208032 -0.252179 2.46539 -1.1868 -6.8593 0.714533 0.294775 -0.996196 1.93136 -1.8005 -6.87661 
0.472384 -0.208032 -0.252179 2.46539 -1.1868 -6.89419 0.714533 0.294775 -0.996196 1.93136 -1.8005 -6.87661 
0.472384 -0.208032 -0.252179 2.46539 -1.1868 -6.92908 0.714533 0.294775 -0.996196 1.93136 -1.8005 -6.87661 

