0 0.264091 -0.140898 -0 -1.69399 2.98452 0.0318262 0.256964 -0.125467 -0.00299456 -1.71539 2.89749 
-0.0112626 0.268192 -0.143523 0.0114048 -1.68932 2.98943 -0.0649671 0.296792 -0.158883 -0.118669 -1.77285 2.93598 
-0.0225253 0.272292 -0.146147 0.0228096 -1.68464 2.99435 -0.151342 0.362887 -0.243083 -0.221272 -1.82981 2.96113 
-0.0337879 0.276392 -0.148772 0.0342143 -1.67996 2.99926 -0.224609 0.454469 -0.380719 -0.307937 -1.87705 2.97735 
-0.0450505 0.280493 -0.151397 0.0456191 -1.67529 3.00417 -0.284099 0.577355 -0.585597 -0.375782 -1.90259 2.99341 
-0.0234358 0.279097 -0.163739 0.0552586 -1.64742 2.97731 -0.279051 0.486016 -0.451527 -0.3742 -1.89284 2.93767 
-0.00437285 0.277867 -0.174624 0.0637602 -1.62285 2.95362 -0.271562 0.415069 -0.351138 -0.367426 -1.87695 2.88895 
0.0146901 0.276636 -0.185509 0.0722617 -1.59828 2.92994 -0.26095 0.35103 -0.263226 -0.35577 -1.8566 2.8396 
0.033753 0.275405 -0.196394 0.0807633 -1.5737 2.90625 -0.246973 0.292923 -0.185595 -0.339316 -1.83332 2.78886 
0.052816 0.274174 -0.207279 0.089265 -1.54913 2.88256 -0.229435 0.240285 -0.116965 -0.318117 -1.80832 2.73613 
0.071879 0.272943 -0.218164 0.0977666 -1.52455 2.85888 -0.208202 0.19296 -0.0565799 -0.292227 -1.7827 2.68092 
0.090942 0.271712 -0.229049 0.106268 -1.49998 2.83519 -0.183235 0.150991 -0.00401842 -0.261725 -1.75754 2.62291 
0.110005 0.270481 -0.239934 0.11477 -1.4754 2.8115 -0.154615 0.114543 0.0409252 -0.226749 -1.73389 2.56193 
0.129068 0.26925 -0.250819 0.123271 -1.45083 2.78782 -0.122568 0.0838551 0.0783103 -0.187531 -1.71281 2.49804 
0.14813 0.26802 -0.261703 0.131773 -1.42626 2.76413 -0.0874744 0.0591807 0.10811 -0.144431 -1.6953 2.43157 
0.167193 0.266789 -0.272588 0.140274 -1.40168 2.74044 -0.049878 0.0407519 0.130241 -0.0979551 -1.68221 2.36311 
0.186256 0.265558 -0.283473 0.148776 -1.37711 2.71676 -0.0104636 0.0287342 0.144596 -0.0487537 -1.67422 2.29348 
0.205319 0.264327 -0.294358 0.157277 -1.35254 2.69307 0.0299799 0.0231956 0.151067 0.00240979 -1.67167 2.22372 
0.224382 0.263097 -0.305243 0.165779 -1.32796 2.66939 0.070607 0.024083 0.149558 0.0547146 -1.67457 2.15493 
0.243445 0.261866 -0.316128 0.174281 -1.30339 2.6457 0.110583 0.0312207 0.14 0.107358 -1.68254 2.08816 
0.262508 0.260635 -0.327013 0.182782 -1.27881 2.62201 0.149139 0.0443232 0.122344 0.159619 -1.6949 2.02433 
0.281571 0.259404 -0.337898 0.191283 -1.25423 2.59832 0.185621 0.0630209 0.0965628 0.210912 -1.71068 1.96405 
0.300634 0.258173 -0.348782 0.199785 -1.22966 2.57464 0.219521 0.0869095 0.0626189 0.260792 -1.72879 1.90768 
0.319697 0.256942 -0.359667 0.208287 -1.20508 2.55096 0.250482 0.115588 0.0204482 0.308954 -1.74807 1.85522 
0.33876 0.255711 -0.370552 0.216788 -1.18051 2.52727 0.278293 0.148713 -0.0300829 0.355197 -1.76737 1.80639 
0.357823 0.25448 -0.381437 0.22529 -1.15593 2.50358 0.302872 0.186052 -0.0892351 0.399387 -1.78563 1.76068 
0.376886 0.25325 -0.392322 0.233791 -1.13136 2.47989 0.324233 0.227528 -0.157466 0.441422 -1.80184 1.71734 
0.395949 0.252019 -0.403207 0.242293 -1.10678 2.45621 0.342471 0.273308 -0.235565 0.481197 -1.81506 1.67541 
0.415012 0.250788 -0.414092 0.250795 -1.08221 2.43252 0.35773 0.323912 -0.32486 0.518575 -1.82433 1.63372 
0.433965 0.249564 -0.424914 0.259247 -1.05778 2.40897 0.370119 0.380081 -0.427001 0.553162 -1.82848 1.59103 
0.452918 0.248341 -0.435736 0.2677 -1.03334 2.38542 0.37992 0.444194 -0.54655 0.58487 -1.82595 1.5451 
0.471871 0.247117 -0.446559 0.276153 -1.00891 2.36187 0.387317 0.520692 -0.691894 0.61316 -1.81368 1.49263 
0.490824 0.245893 -0.457381 0.284605 -0.984478 2.33832 0.392491 0.621625 -0.885606 0.636883 -1.78357 1.42616 
0.463348 0.220755 -0.341202 0.239285 -1.10641 2.42589 0.428839 0.620813 -0.884069 0.655605 -1.79557 1.35666 
0.435872 0.195617 -0.225023 0.193964 -1.22833 2.51346 0.457829 0.625382 -0.898175 0.685527 -1.79443 1.29349 
0.408396 0.17048 -0.108844 0.148644 -1.35026 2.60103 0.478052 0.629621 -0.91669 0.727007 -1.78387 1.24129 
0.38092 0.145342 0.00733562 0.103324 -1.47219 2.6886 0.488211 0.627884 -0.928044 0.780151 -1.76672 1.20443 
0.336266 0.174783 0.0591062 0.0766448 -1.60034 2.77444 0.522553 0.610738 -0.906035 0.8058 -1.77722 1.14451 
0.291613 0.204223 0.110877 0.0499656 -1.7285 2.86028 0.550658 0.608034 -0.909738 0.838329 -1.77698 1.0863 
0.246959 0.233663 0.162647 0.0232864 -1.85665 2.94611 0.571385 0.616354 -0.932345 0.877632 -1.76769 1.03219 
0.202306 0.263104 0.214418 -0.00339277 -1.9848 3.03195 0.583932 0.634168 -0.970532 0.923415 -1.74987 0.982686 
0.202306 0.263104 0.214418 -0.00339277 -1.9848 2.99706 0.583932 0.634168 -0.970532 0.923415 -1.74987 0.947797 
0.202306 0.263104 0.214418 -0.00339277 -1.9848 2.96217 0.583932 0.634168 -0.970532 0.923415 -1.74987 0.912908 
0.202306 0.263104 0.214418 -0.00339277 -1.9848 2.92728 0.583932 0.634168 -0.970532 0.923415 -1.74987 0.878019 
0.202306 0.263104 0.214418 -0.00339277 -1.9848 2.89239 0.583932 0.634168 -0.970532 0.923415 -1.74987 0.84313 
0.202306 0.263104 0.214418 -0.00339277 -1.9848 2.85751 0.583932 0.634168 -0.970532 0.923415 -1.74987 0.808242 
0.202306 0.263104 0.214418 -0.00339277 -1.9848 2.82262 0.583932 0.634168 -0.970532 0.923415 -1.74987 0.773353 
0.202306 0.263104 0.214418 -0.00339277 -1.9848 2.78773 0.583932 0.634168 -0.970532 0.923415 -1.74987 0.738464 
0.202306 0.263104 0.214418 -0.00339277 -1.9848 2.75284 0.583932 0.634168 -0.970532 0.923415 -1.74987 0.703575 
0.202306 0.263104 0.214418 -0.00339277 -1.9848 2.71795 0.583932 0.634168 -0.970532 0.923415 -1.74987 0.668686 
0.202306 0.263104 0.214418 -0.00339277 -1.9848 2.68306 0.583932 0.634168 -0.970532 0.923415 -1.74987 0.633797 
0.202306 0.263104 0.214418 -0.00339277 -1.9848 2.64817 0.583932 0.634168 -0.970532 0.923415 -1.74987 0.598908 
0.202306 0.263104 0.214418 -0.00339277 -1.9848 2.61328 0.583932 0.634168 -0.970532 0.923415 -1.74987 0.564019 
0.202306 0.263104 0.214418 -0.00339277 -1.9848 2.57839 0.583932 0.634168 -0.970532 0.923415 -1.74987 0.52913 
0.202306 0.263104 0.214418 -0.00339277 -1.9848 2.54351 0.583932 0.634168 -0.970532 0.923415 -1.74987 0.494242 
0.202306 0.263104 0.214418 -0.00339277 -1.9848 2.50862 0.583932 0.634168 -0.970532 0.923415 -1.74987 0.459353 
0.202306 0.263104 0.214418 -0.00339277 -1.9848 2.47373 0.583932 0.634168 -0.970532 0.923415 -1.74987 0.424464 
0.202306 0.263104 0.214418 -0.00339277 -1.9848 2.43884 0.583932 0.634168 -0.970532 0.923415 -1.74987 0.389575 
0.202306 0.263104 0.214418 -0.00339277 -1.9848 2.40395 0.583932 0.634168 -0.970532 0.923415 -1.74987 0.354686 
0.202306 0.263104 0.214418 -0.00339277 -1.9848 2.36906 0.583932 0.634168 -0.970532 0.923415 -1.74987 0.319797 
0.202306 0.263104 0.214418 -0.00339277 -1.9848 2.33417 0.583932 0.634168 -0.970532 0.923415 -1.74987 0.284908 
0.202306 0.263104 0.214418 -0.00339277 -1.9848 2.29928 0.583932 0.634168 -0.970532 0.923415 -1.74987 0.250019 
0.202306 0.263104 0.214418 -0.00339277 -1.9848 2.26439 0.583932 0.634168 -0.970532 0.923415 -1.74987 0.21513 
0.202306 0.263104 0.214418 -0.00339277 -1.9848 2.22951 0.583932 0.634168 -0.970532 0.923415 -1.74987 0.180242 
0.202306 0.263104 0.214418 -0.00339277 -1.9848 2.19462 0.583932 0.634168 -0.970532 0.923415 -1.74987 0.145353 
0.202306 0.263104 0.214418 -0.00339277 -1.9848 2.15973 0.583932 0.634168 -0.970532 0.923415 -1.74987 0.110464 
0.202306 0.263104 0.214418 -0.00339277 -1.9848 2.12484 0.583932 0.634168 -0.970532 0.923415 -1.74987 0.0755749 
0.202306 0.263104 0.214418 -0.00339277 -1.9848 2.08995 0.583932 0.634168 -0.970532 0.923415 -1.74987 0.040686 
0.202306 0.263104 0.214418 -0.00339277 -1.9848 2.05506 0.583932 0.634168 -0.970532 0.923415 -1.74987 0.00579711 
0.202306 0.263104 0.214418 -0.00339277 -1.9848 2.02017 0.583932 0.634168 -0.970532 0.923415 -1.74987 -0.0290918 
0.202306 0.263104 0.214418 -0.00339277 -1.9848 1.98528 0.583932 0.634168 -0.970532 0.923415 -1.74987 -0.0639807 
0.202306 0.263104 0.214418 -0.00339277 -1.9848 1.95039 0.583932 0.634168 -0.970532 0.923415 -1.74987 -0.0988696 
0.202306 0.263104 0.214418 -0.00339277 -1.9848 1.91551 0.583932 0.634168 -0.970532 0.923415 -1.74987 -0.133758 
0.202306 0.263104 0.214418 -0.00339277 -1.9848 1.88062 0.583932 0.634168 -0.970532 0.923415 -1.74987 -0.168647 
0.202306 0.263104 0.214418 -0.00339277 -1.9848 1.84573 0.583932 0.634168 -0.970532 0.923415 -1.74987 -0.203536 
0.202306 0.263104 0.214418 -0.00339277 -1.9848 1.81084 0.583932 0.634168 -0.970532 0.923415 -1.74987 -0.238425 
0.202306 0.263104 0.214418 -0.00339277 -1.9848 1.77595 0.583932 0.634168 -0.970532 0.923415 -1.74987 -0.273314 
0.202306 0.263104 0.214418 -0.00339277 -1.9848 1.74106 0.583932 0.634168 -0.970532 0.923415 -1.74987 -0.308203 
0.202306 0.263104 0.214418 -0.00339277 -1.9848 1.70617 0.583932 0.634168 -0.970532 0.923415 -1.74987 -0.343092 
0.202306 0.263104 0.214418 -0.00339277 -1.9848 1.67128 0.583932 0.634168 -0.970532 0.923415 -1.74987 -0.377981 
0.202306 0.263104 0.214418 -0.00339277 -1.9848 1.63639 0.583932 0.634168 -0.970532 0.923415 -1.74987 -0.41287 
0.202306 0.263104 0.214418 -0.00339277 -1.9848 1.60151 0.583932 0.634168 -0.970532 0.923415 -1.74987 -0.447758 
0.202306 0.263104 0.214418 -0.00339277 -1.9848 1.56662 0.583932 0.634168 -0.970532 0.923415 -1.74987 -0.482647 
0.202306 0.263104 0.214418 -0.00339277 -1.9848 1.53173 0.583932 0.634168 -0.970532 0.923415 -1.74987 -0.517536 
0.202306 0.263104 0.214418 -0.00339277 -1.9848 1.49684 0.583932 0.634168 -0.970532 0.923415 -1.74987 -0.552425 
0.202306 0.263104 0.214418 -0.00339277 -1.9848 1.46195 0.583932 0.634168 -0.970532 0.923415 -1.74987 -0.587314 
0.202306 0.263104 0.214418 -0.00339277 -1.9848 1.42706 0.583932 0.634168 -0.970532 0.923415 -1.74987 -0.622203 
0.202306 0.263104 0.214418 -0.00339277 -1.9848 1.39217 0.583932 0.634168 -0.970532 0.923415 -1.74987 -0.657092 
0.202306 0.263104 0.214418 -0.00339277 -1.9848 1.35728 0.583932 0.634168 -0.970532 0.923415 -1.74987 -0.691981 
0.202306 0.263104 0.214418 -0.00339277 -1.9848 1.32239 0.583932 0.634168 -0.970532 0.923415 -1.74987 -0.72687 
0.202306 0.263104 0.214418 -0.00339277 -1.9848 1.28751 0.583932 0.634168 -0.970532 0.923415 -1.74987 -0.761758 
0.202306 0.263104 0.214418 -0.00339277 -1.9848 1.25262 0.583932 0.634168 -0.970532 0.923415 -1.74987 -0.796647 
0.202306 0.263104 0.214418 -0.00339277 -1.9848 1.21773 0.583932 0.634168 -0.970532 0.923415 -1.74987 -0.831536 
0.202306 0.263104 0.214418 -0.00339277 -1.9848 1.18284 0.583932 0.634168 -0.970532 0.923415 -1.74987 -0.866425 
0.202306 0.263104 0.214418 -0.00339277 -1.9848 1.14795 0.583932 0.634168 -0.970532 0.923415 -1.74987 -0.901314 
0.202306 0.263104 0.214418 -0.00339277 -1.9848 1.11306 0.583932 0.634168 -0.970532 0.923415 -1.74987 -0.936203 
0.202306 0.263104 0.214418 -0.00339277 -1.9848 1.07817 0.583932 0.634168 -0.970532 0.923415 -1.74987 -0.971092 
0.202306 0.263104 0.214418 -0.00339277 -1.9848 1.04328 0.583932 0.634168 -0.970532 0.923415 -1.74987 -1.00598 
0.202306 0.263104 0.214418 -0.00339277 -1.9848 1.00839 0.583932 0.634168 -0.970532 0.923415 -1.74987 -1.04087 
0.202306 0.263104 0.214418 -0.00339277 -1.9848 0.973506 0.583932 0.634168 -0.970532 0.923415 -1.74987 -1.07576 
0.202306 0.263104 0.214418 -0.00339277 -1.9848 0.938617 0.583932 0.634168 -0.970532 0.923415 -1.74987 -1.11065 
0.202306 0.263104 0.214418 -0.00339277 -1.9848 0.903728 0.583932 0.634168 -0.970532 0.923415 -1.74987 -1.14554 
0.202306 0.263104 0.214418 -0.00339277 -1.9848 0.868839 0.583932 0.634168 -0.970532 0.923415 -1.74987 -1.18043 
0.202306 0.263104 0.214418 -0.00339277 -1.9848 0.83395 0.583932 0.634168 -0.970532 0.923415 -1.74987 -1.21531 
0.202306 0.263104 0.214418 -0.00339277 -1.9848 0.799061 0.583932 0.634168 -0.970532 0.923415 -1.74987 -1.2502 
0.202306 0.263104 0.214418 -0.00339277 -1.9848 0.764172 0.583932 0.634168 -0.970532 0.923415 -1.74987 -1.28509 
0.202306 0.263104 0.214418 -0.00339277 -1.9848 0.729283 0.583932 0.634168 -0.970532 0.923415 -1.74987 -1.31998 
0.202306 0.263104 0.214418 -0.00339277 -1.9848 0.694394 0.583932 0.634168 -0.970532 0.923415 -1.74987 -1.35487 
0.202306 0.263104 0.214418 -0.00339277 -1.9848 0.659506 0.583932 0.634168 -0.970532 0.923415 -1.74987 -1.38976 
0.202306 0.263104 0.214418 -0.00339277 -1.9848 0.624617 0.583932 0.634168 -0.970532 0.923415 -1.74987 -1.42465 
0.202306 0.263104 0.214418 -0.00339277 -1.9848 0.589728 0.583932 0.634168 -0.970532 0.923415 -1.74987 -1.45954 
0.202306 0.263104 0.214418 -0.00339277 -1.9848 0.554839 0.583932 0.634168 -0.970532 0.923415 -1.74987 -1.49443 
0.202306 0.263104 0.214418 -0.00339277 -1.9848 0.51995 0.583932 0.634168 -0.970532 0.923415 -1.74987 -1.52931 
0.202306 0.263104 0.214418 -0.00339277 -1.9848 0.485061 0.583932 0.634168 -0.970532 0.923415 -1.74987 -1.5642 
0.202306 0.263104 0.214418 -0.00339277 -1.9848 0.450172 0.583932 0.634168 -0.970532 0.923415 -1.74987 -1.59909 
0.202306 0.263104 0.214418 -0.00339277 -1.9848 0.415283 0.583932 0.634168 -0.970532 0.923415 -1.74987 -1.63398 
0.202306 0.263104 0.214418 -0.00339277 -1.9848 0.380394 0.583932 0.634168 -0.970532 0.923415 -1.74987 -1.66887 
0.202306 0.263104 0.214418 -0.00339277 -1.9848 0.345506 0.583932 0.634168 -0.970532 0.923415 -1.74987 -1.70376 
0.202306 0.263104 0.214418 -0.00339277 -1.9848 0.310617 0.583932 0.634168 -0.970532 0.923415 -1.74987 -1.73865 
0.202306 0.263104 0.214418 -0.00339277 -1.9848 0.275728 0.583932 0.634168 -0.970532 0.923415 -1.74987 -1.77354 
0.202306 0.263104 0.214418 -0.00339277 -1.9848 0.240839 0.583932 0.634168 -0.970532 0.923415 -1.74987 -1.80843 
0.202306 0.263104 0.214418 -0.00339277 -1.9848 0.20595 0.583932 0.634168 -0.970532 0.923415 -1.74987 -1.84331 
0.202306 0.263104 0.214418 -0.00339277 -1.9848 0.171061 0.583932 0.634168 -0.970532 0.923415 -1.74987 -1.8782 
0.202306 0.263104 0.214418 -0.00339277 -1.9848 0.136172 0.583932 0.634168 -0.970532 0.923415 -1.74987 -1.91309 
0.202306 0.263104 0.214418 -0.00339277 -1.9848 0.101283 0.583932 0.634168 -0.970532 0.923415 -1.74987 -1.94798 
0.202306 0.263104 0.214418 -0.00339277 -1.9848 0.0663944 0.583932 0.634168 -0.970532 0.923415 -1.74987 -1.98287 
0.202306 0.263104 0.214418 -0.00339277 -1.9848 0.0315056 0.583932 0.634168 -0.970532 0.923415 -1.74987 -2.01776 
0.202306 0.263104 0.214418 -0.00339277 -1.9848 -0.00338333 0.583932 0.634168 -0.970532 0.923415 -1.74987 -2.05265 
0.202306 0.263104 0.214418 -0.00339277 -1.9848 -0.0382722 0.583932 0.634168 -0.970532 0.923415 -1.74987 -2.08754 
0.202306 0.263104 0.214418 -0.00339277 -1.9848 -0.0731611 0.583932 0.634168 -0.970532 0.923415 -1.74987 -2.12243 
0.202306 0.263104 0.214418 -0.00339277 -1.9848 -0.10805 0.583932 0.634168 -0.970532 0.923415 -1.74987 -2.15731 
0.202306 0.263104 0.214418 -0.00339277 -1.9848 -0.142939 0.583932 0.634168 -0.970532 0.923415 -1.74987 -2.1922 
0.202306 0.263104 0.214418 -0.00339277 -1.9848 -0.177828 0.583932 0.634168 -0.970532 0.923415 -1.74987 -2.22709 
0.202306 0.263104 0.214418 -0.00339277 -1.9848 -0.212717 0.583932 0.634168 -0.970532 0.923415 -1.74987 -2.26198 
0.202306 0.263104 0.214418 -0.00339277 -1.9848 -0.247606 0.583932 0.634168 -0.970532 0.923415 -1.74987 -2.29687 
0.202306 0.263104 0.214418 -0.00339277 -1.9848 -0.282494 0.583932 0.634168 -0.970532 0.923415 -1.74987 -2.33176 
0.202306 0.263104 0.214418 -0.00339277 -1.9848 -0.317383 0.583932 0.634168 -0.970532 0.923415 -1.74987 -2.36665 
0.202306 0.263104 0.214418 -0.00339277 -1.9848 -0.352272 0.583932 0.634168 -0.970532 0.923415 -1.74987 -2.40154 
0.202306 0.263104 0.214418 -0.00339277 -1.9848 -0.387161 0.583932 0.634168 -0.970532 0.923415 -1.74987 -2.43643 
0.202306 0.263104 0.214418 -0.00339277 -1.9848 -0.42205 0.583932 0.634168 -0.970532 0.923415 -1.74987 -2.47131 
0.202306 0.263104 0.214418 -0.00339277 -1.9848 -0.456939 0.583932 0.634168 -0.970532 0.923415 -1.74987 -2.5062 
0.202306 0.263104 0.214418 -0.00339277 -1.9848 -0.491828 0.583932 0.634168 -0.970532 0.923415 -1.74987 -2.54109 
0.202306 0.263104 0.214418 -0.00339277 -1.9848 -0.526717 0.583932 0.634168 -0.970532 0.923415 -1.74987 -2.57598 
0.202306 0.263104 0.214418 -0.00339277 -1.9848 -0.561606 0.583932 0.634168 -0.970532 0.923415 -1.74987 -2.61087 
0.202306 0.263104 0.214418 -0.00339277 -1.9848 -0.596494 0.583932 0.634168 -0.970532 0.923415 -1.74987 -2.64576 
0.202306 0.263104 0.214418 -0.00339277 -1.9848 -0.631383 0.583932 0.634168 -0.970532 0.923415 -1.74987 -2.68065 
0.202306 0.263104 0.214418 -0.00339277 -1.9848 -0.666272 0.583932 0.634168 -0.970532 0.923415 -1.74987 -2.71554 
0.202306 0.263104 0.214418 -0.00339277 -1.9848 -0.701161 0.583932 0.634168 -0.970532 0.923415 -1.74987 -2.75043 
0.202306 0.263104 0.214418 -0.00339277 -1.9848 -0.73605 0.583932 0.634168 -0.970532 0.923415 -1.74987 -2.78531 
0.202306 0.263104 0.214418 -0.00339277 -1.9848 -0.770939 0.583932 0.634168 -0.970532 0.923415 -1.74987 -2.8202 
0.202306 0.263104 0.214418 -0.00339277 -1.9848 -0.805828 0.583932 0.634168 -0.970532 0.923415 -1.74987 -2.85509 
0.202306 0.263104 0.214418 -0.00339277 -1.9848 -0.840717 0.583932 0.634168 -0.970532 0.923415 -1.74987 -2.88998 
0.202306 0.263104 0.214418 -0.00339277 -1.9848 -0.875606 0.583932 0.634168 -0.970532 0.923415 -1.74987 -2.92487 
0.202306 0.263104 0.214418 -0.00339277 -1.9848 -0.910494 0.583932 0.634168 -0.970532 0.923415 -1.74987 -2.95976 
0.202306 0.263104 0.214418 -0.00339277 -1.9848 -0.945383 0.583932 0.634168 -0.970532 0.923415 -1.74987 -2.99465 
0.202306 0.263104 0.214418 -0.00339277 -1.9848 -0.980272 0.583932 0.634168 -0.970532 0.923415 -1.74987 -3.02954 
0.202306 0.263104 0.214418 -0.00339277 -1.9848 -1.01516 0.583932 0.634168 -0.970532 0.923415 -1.74987 -3.06443 
0.202306 0.263104 0.214418 -0.00339277 -1.9848 -1.05005 0.583932 0.634168 -0.970532 0.923415 -1.74987 -3.09931 
0.202306 0.263104 0.214418 -0.00339277 -1.9848 -1.08494 0.583932 0.634168 -0.970532 0.923415 -1.74987 -3.1342 
0.202306 0.263104 0.214418 -0.00339277 -1.9848 -1.11983 0.583932 0.634168 -0.970532 0.923415 -1.74987 -3.16909 
0.202306 0.263104 0.214418 -0.00339277 -1.9848 -1.15472 0.583932 0.634168 -0.970532 0.923415 -1.74987 -3.20398 
0.202306 0.263104 0.214418 -0.00339277 -1.9848 -1.18961 0.583932 0.634168 -0.970532 0.923415 -1.74987 -3.23887 
0.202306 0.263104 0.214418 -0.00339277 -1.9848 -1.22449 0.583932 0.634168 -0.970532 0.923415 -1.74987 -3.27376 
0.202306 0.263104 0.214418 -0.00339277 -1.9848 -1.25938 0.583932 0.634168 -0.970532 0.923415 -1.74987 -3.30865 
0.202306 0.263104 0.214418 -0.00339277 -1.9848 -1.29427 0.583932 0.634168 -0.970532 0.923415 -1.74987 -3.34354 
0.202306 0.263104 0.214418 -0.00339277 -1.9848 -1.32916 0.583932 0.634168 -0.970532 0.923415 -1.74987 -3.37843 
0.202306 0.263104 0.214418 -0.00339277 -1.9848 -1.36405 0.583932 0.634168 -0.970532 0.923415 -1.74987 -3.41331 
0.202306 0.263104 0.214418 -0.00339277 -1.9848 -1.39894 0.583932 0.634168 -0.970532 0.923415 -1.74987 -3.4482 
0.202306 0.263104 0.214418 -0.00339277 -1.9848 -1.43383 0.583932 0.634168 -0.970532 0.923415 -1.74987 -3.48309 
0.202306 0.263104 0.214418 -0.00339277 -1.9848 -1.46872 0.583932 0.634168 -0.970532 0.923415 -1.74987 -3.51798 
0.202306 0.263104 0.214418 -0.00339277 -1.9848 -1.50361 0.583932 0.634168 -0.970532 0.923415 -1.74987 -3.55287 
0.202306 0.263104 0.214418 -0.00339277 -1.9848 -1.53849 0.583932 0.634168 -0.970532 0.923415 -1.74987 -3.58776 
0.202306 0.263104 0.214418 -0.00339277 -1.9848 -1.57338 0.583932 0.634168 -0.970532 0.923415 -1.74987 -3.62265 
0.202306 0.263104 0.214418 -0.00339277 -1.9848 -1.60827 0.583932 0.634168 -0.970532 0.923415 -1.74987 -3.65754 
0.202306 0.263104 0.214418 -0.00339277 -1.9848 -1.64316 0.583932 0.634168 -0.970532 0.923415 -1.74987 -3.69243 
0.202306 0.263104 0.214418 -0.00339277 -1.9848 -1.67805 0.583932 0.634168 -0.970532 0.923415 -1.74987 -3.72731 
0.202306 0.263104 0.214418 -0.00339277 -1.9848 -1.71294 0.583932 0.634168 -0.970532 0.923415 -1.74987 -3.7622 
0.202306 0.263104 0.214418 -0.00339277 -1.9848 -1.74783 0.583932 0.634168 -0.970532 0.923415 -1.74987 -3.79709 
0.202306 0.263104 0.214418 -0.00339277 -1.9848 -1.78272 0.583932 0.634168 -0.970532 0.923415 -1.74987 -3.83198 
0.202306 0.263104 0.214418 -0.00339277 -1.9848 -1.81761 0.583932 0.634168 -0.970532 0.923415 -1.74987 -3.86687 
0.202306 0.263104 0.214418 -0.00339277 -1.9848 -1.85249 0.583932 0.634168 -0.970532 0.923415 -1.74987 -3.90176 
0.202306 0.263104 0.214418 -0.00339277 -1.9848 -1.88738 0.583932 0.634168 -0.970532 0.923415 -1.74987 -3.93665 
0.202306 0.263104 0.214418 -0.00339277 -1.9848 -1.92227 0.583932 0.634168 -0.970532 0.923415 -1.74987 -3.97154 
0.202306 0.263104 0.214418 -0.00339277 -1.9848 -1.95716 0.583932 0.634168 -0.970532 0.923415 -1.74987 -4.00643 
0.202306 0.263104 0.214418 -0.00339277 -1.9848 -1.99205 0.583932 0.634168 -0.970532 0.923415 -1.74987 -4.04131 
0.202306 0.263104 0.214418 -0.00339277 -1.9848 -2.02694 0.583932 0.634168 -0.970532 0.923415 -1.74987 -4.0762 
0.202306 0.263104 0.214418 -0.00339277 -1.9848 -2.06183 0.583932 0.634168 -0.970532 0.923415 -1.74987 -4.11109 
0.202306 0.263104 0.214418 -0.00339277 -1.9848 -2.09672 0.583932 0.634168 -0.970532 0.923415 -1.74987 -4.14598 
0.202306 0.263104 0.214418 -0.00339277 -1.9848 -2.13161 0.583932 0.634168 -0.970532 0.923415 -1.74987 -4.18087 
0.202306 0.263104 0.214418 -0.00339277 -1.9848 -2.16649 0.583932 0.634168 -0.970532 0.923415 -1.74987 -4.21576 
0.202306 0.263104 0.214418 -0.00339277 -1.9848 -2.20138 0.583932 0.634168 -0.970532 0.923415 -1.74987 -4.25065 
0.202306 0.263104 0.214418 -0.00339277 -1.9848 -2.23627 0.583932 0.634168 -0.970532 0.923415 -1.74987 -4.28554 
0.202306 0.263104 0.214418 -0.00339277 -1.9848 -2.27116 0.583932 0.634168 -0.970532 0.923415 -1.74987 -4.32043 
0.202306 0.263104 0.214418 -0.00339277 -1.9848 -2.30605 0.583932 0.634168 -0.970532 0.923415 -1.74987 -4.35531 
0.202306 0.263104 0.214418 -0.00339277 -1.9848 -2.34094 0.583932 0.634168 -0.970532 0.923415 -1.74987 -4.3902 
0.202306 0.263104 0.214418 -0.00339277 -1.9848 -2.37583 0.583932 0.634168 -0.970532 0.923415 -1.74987 -4.42509 
0.202306 0.263104 0.214418 -0.00339277 -1.9848 -2.41072 0.583932 0.634168 -0.970532 0.923415 -1.74987 -4.45998 
0.202306 0.263104 0.214418 -0.00339277 -1.9848 -2.44561 0.583932 0.634168 -0.970532 0.923415 -1.74987 -4.49487 
0.202306 0.263104 0.214418 -0.00339277 -1.9848 -2.48049 0.583932 0.634168 -0.970532 0.923415 -1.74987 -4.52976 
0.202306 0.263104 0.214418 -0.00339277 -1.9848 -2.51538 0.583932 0.634168 -0.970532 0.923415 -1.74987 -4.56465 
0.202306 0.263104 0.214418 -0.00339277 -1.9848 -2.55027 0.583932 0.634168 -0.970532 0.923415 -1.74987 -4.59954 
0.202306 0.263104 0.214418 -0.00339277 -1.9848 -2.58516 0.583932 0.634168 -0.970532 0.923415 -1.74987 -4.63443 
0.202306 0.263104 0.214418 -0.00339277 -1.9848 -2.62005 0.583932 0.634168 -0.970532 0.923415 -1.74987 -4.66931 
0.202306 0.263104 0.214418 -0.00339277 -1.9848 -2.65494 0.583932 0.634168 -0.970532 0.923415 -1.74987 -4.7042 
0.202306 0.263104 0.214418 -0.00339277 -1.9848 -2.68983 0.583932 0.634168 -0.970532 0.923415 -1.74987 -4.73909 
0.202306 0.263104 0.214418 -0.00339277 -1.9848 -2.72472 0.583932 0.634168 -0.970532 0.923415 -1.74987 -4.77398 
0.202306 0.263104 0.214418 -0.00339277 -1.9848 -2.75961 0.583932 0.634168 -0.970532 0.923415 -1.74987 -4.80887 
0.202306 0.263104 0.214418 -0.00339277 -1.9848 -2.79449 0.583932 0.634168 -0.970532 0.923415 -1.74987 -4.84376 
0.202306 0.263104 0.214418 -0.00339277 -1.9848 -2.82938 0.583932 0.634168 -0.970532 0.923415 -1.74987 -4.87865 
0.202306 0.263104 0.214418 -0.00339277 -1.9848 -2.86427 0.583932 0.634168 -0.970532 0.923415 -1.74987 -4.91354 
0.202306 0.263104 0.214418 -0.00339277 -1.9848 -2.89916 0.583932 0.634168 -0.970532 0.923415 -1.74987 -4.94843 
0.202306 0.263104 0.214418 -0.00339277 -1.9848 -2.93405 0.583932 0.634168 -0.970532 0.923415 -1.74987 -4.98331 
0.202306 0.263104 0.214418 -0.00339277 -1.9848 -2.96894 0.583932 0.634168 -0.970532 0.923415 -1.74987 -5.0182 
0.202306 0.263104 0.214418 -0.00339277 -1.9848 -3.00383 0.583932 0.634168 -0.970532 0.923415 -1.74987 -5.05309 
0.202306 0.263104 0.214418 -0.00339277 -1.9848 -3.03872 0.583932 0.634168 -0.970532 0.923415 -1.74987 -5.08798 
0.202306 0.263104 0.214418 -0.00339277 -1.9848 -3.07361 0.583932 0.634168 -0.970532 0.923415 -1.74987 -5.12287 
0.202306 0.263104 0.214418 -0.00339277 -1.9848 -3.10849 0.583932 0.634168 -0.970532 0.923415 -1.74987 -5.15776 
0.202306 0.263104 0.214418 -0.00339277 -1.9848 -3.14338 0.583932 0.634168 -0.970532 0.923415 -1.74987 -5.19265 
0.202306 0.263104 0.214418 -0.00339277 -1.9848 -3.17827 0.583932 0.634168 -0.970532 0.923415 -1.74987 -5.22754 
0.202306 0.263104 0.214418 -0.00339277 -1.9848 -3.21316 0.583932 0.634168 -0.970532 0.923415 -1.74987 -5.26243 
0.202306 0.263104 0.214418 -0.00339277 -1.9848 -3.24805 0.583932 0.634168 -0.970532 0.923415 -1.74987 -5.29731 
0.202306 0.263104 0.214418 -0.00339277 -1.9848 -3.28294 0.583932 0.634168 -0.970532 0.923415 -1.74987 -5.3322 
0.202306 0.263104 0.214418 -0.00339277 -1.9848 -3.31783 0.583932 0.634168 -0.970532 0.923415 -1.74987 -5.36709 
0.202306 0.263104 0.214418 -0.00339277 -1.9848 -3.35272 0.583932 0.634168 -0.970532 0.923415 -1.74987 -5.40198 
0.202306 0.263104 0.214418 -0.00339277 -1.9848 -3.38761 0.583932 0.634168 -0.970532 0.923415 -1.74987 -5.43687 
0.202306 0.263104 0.214418 -0.00339277 -1.9848 -3.42249 0.583932 0.634168 -0.970532 0.923415 -1.74987 -5.47176 
0.202306 0.263104 0.214418 -0.00339277 -1.9848 -3.45738 0.583932 0.634168 -0.970532 0.923415 -1.74987 -5.50665 
0.202306 0.263104 0.214418 -0.00339277 -1.9848 -3.49227 0.583932 0.634168 -0.970532 0.923415 -1.74987 -5.54154 
0.202306 0.263104 0.214418 -0.00339277 -1.9848 -3.52716 0.583932 0.634168 -0.970532 0.923415 -1.74987 -5.57643 
0.202306 0.263104 0.214418 -0.00339277 -1.9848 -3.56205 0.583932 0.634168 -0.970532 0.923415 -1.74987 -5.61131 
0.202306 0.263104 0.214418 -0.00339277 -1.9848 -3.59694 0.583932 0.634168 -0.970532 0.923415 -1.74987 -5.6462 
0.202306 0.263104 0.214418 -0.00339277 -1.9848 -3.63183 0.583932 0.634168 -0.970532 0.923415 -1.74987 -5.68109 
0.202306 0.263104 0.214418 -0.00339277 -1.9848 -3.66672 0.583932 0.634168 -0.970532 0.923415 -1.74987 -5.71598 
0.202306 0.263104 0.214418 -0.00339277 -1.9848 -3.70161 0.583932 0.634168 -0.970532 0.923415 -1.74987 -5.75087 
0.202306 0.263104 0.214418 -0.00339277 -1.9848 -3.73649 0.583932 0.634168 -0.970532 0.923415 -1.74987 -5.78576 
0.202306 0.263104 0.214418 -0.00339277 -1.9848 -3.77138 0.583932 0.634168 -0.970532 0.923415 -1.74987 -5.82065 
0.202306 0.263104 0.214418 -0.00339277 -1.9848 -3.80627 0.583932 0.634168 -0.970532 0.923415 -1.74987 -5.85554 
0.202306 0.263104 0.214418 -0.00339277 -1.9848 -3.84116 0.583932 0.634168 -0.970532 0.923415 -1.74987 -5.89043 
0.202306 0.263104 0.214418 -0.00339277 -1.9848 -3.87605 0.583932 0.634168 -0.970532 0.923415 -1.74987 -5.92531 
0.202306 0.263104 0.214418 -0.00339277 -1.9848 -3.91094 0.583932 0.634168 -0.970532 0.923415 -1.74987 -5.9602 
0.202306 0.263104 0.214418 -0.00339277 -1.9848 -3.94583 0.583932 0.634168 -0.970532 0.923415 -1.74987 -5.99509 
0.202306 0.263104 0.214418 -0.00339277 -1.9848 -3.98072 0.583932 0.634168 -0.970532 0.923415 -1.74987 -6.02998 
0.202306 0.263104 0.214418 -0.00339277 -1.9848 -4.01561 0.583932 0.634168 -0.970532 0.923415 -1.74987 -6.06487 
0.202306 0.263104 0.214418 -0.00339277 -1.9848 -4.05049 0.583932 0.634168 -0.970532 0.923415 -1.74987 -6.09976 
0.202306 0.263104 0.214418 -0.00339277 -1.9848 -4.08538 0.583932 0.634168 -0.970532 0.923415 -1.74987 -6.13465 
0.202306 0.263104 0.214418 -0.00339277 -1.9848 -4.12027 0.583932 0.634168 -0.970532 0.923415 -1.74987 -6.16954 
0.202306 0.263104 0.214418 -0.00339277 -1.9848 -4.15516 0.583932 0.634168 -0.970532 0.923415 -1.74987 -6.20443 
0.202306 0.263104 0.214418 -0.00339277 -1.9848 -4.19005 0.583932 0.634168 -0.970532 0.923415 -1.74987 -6.23931 
0.202306 0.263104 0.214418 -0.00339277 -1.9848 -4.22494 0.583932 0.634168 -0.970532 0.923415 -1.74987 -6.2742 
0.202306 0.263104 0.214418 -0.00339277 -1.9848 -4.25983 0.583932 0.634168 -0.970532 0.923415 -1.74987 -6.30909 
0.202306 0.263104 0.214418 -0.00339277 -1.9848 -4.29472 0.583932 0.634168 -0.970532 0.923415 -1.74987 -6.34398 
0.202306 0.263104 0.214418 -0.00339277 -1.9848 -4.32961 0.583932 0.634168 -0.970532 0.923415 -1.74987 -6.37887 
0.202306 0.263104 0.214418 -0.00339277 -1.9848 -4.36449 0.583932 0.634168 -0.970532 0.923415 -1.74987 -6.41376 
0.202306 0.263104 0.214418 -0.00339277 -1.9848 -4.39938 0.583932 0.634168 -0.970532 0.923415 -1.74987 -6.44865 
0.202306 0.263104 0.214418 -0.00339277 -1.9848 -4.43427 0.583932 0.634168 -0.970532 0.923415 -1.74987 -6.48354 
0.202306 0.263104 0.214418 -0.00339277 -1.9848 -4.46916 0.583932 0.634168 -0.970532 0.923415 -1.74987 -6.51843 
0.202306 0.263104 0.214418 -0.00339277 -1.9848 -4.50405 0.583932 0.634168 -0.970532 0.923415 -1.74987 -6.55331 
0.202306 0.263104 0.214418 -0.00339277 -1.9848 -4.53894 0.583932 0.634168 -0.970532 0.923415 -1.74987 -6.5882 
0.202306 0.263104 0.214418 -0.00339277 -1.9848 -4.57383 0.583932 0.634168 -0.970532 0.923415 -1.74987 -6.62309 
0.202306 0.263104 0.214418 -0.00339277 -1.9848 -4.60872 0.583932 0.634168 -0.970532 0.923415 -1.74987 -6.65798 
0.202306 0.263104 0.214418 -0.00339277 -1.9848 -4.64361 0.583932 0.634168 -0.970532 0.923415 -1.74987 -6.69287 
0.202306 0.263104 0.214418 -0.00339277 -1.9848 -4.67849 0.583932 0.634168 -0.970532 0.923415 -1.74987 -6.72776 
0.202306 0.263104 0.214418 -0.00339277 -1.9848 -4.71338 0.583932 0.634168 -0.970532 0.923415 -1.74987 -6.76265 
0.202306 0.263104 0.214418 -0.00339277 -1.9848 -4.74827 0.583932 0.634168 -0.970532 0.923415 -1.74987 -6.79754 
0.202306 0.263104 0.214418 -0.00339277 -1.9848 -4.78316 0.583932 0.634168 -0.970532 0.923415 -1.74987 -6.83243 
0.202306 0.263104 0.214418 -0.00339277 -1.9848 -4.81805 0.583932 0.634168 -0.970532 0.923415 -1.74987 -6.86731 
0.202306 0.263104 0.214418 -0.00339277 -1.9848 -4.85294 0.583932 0.634168 -0.970532 0.923415 -1.74987 -6.9022 
0.202306 0.263104 0.214418 -0.00339277 -1.9848 -4.88783 0.583932 0.634168 -0.970532 0.923415 -1.74987 -6.93709 
0.202306 0.263104 0.214418 -0.00339277 -1.9848 -4.92272 0.583932 0.634168 -0.970532 0.923415 -1.74987 -6.9022 
0.202306 0.263104 0.214418 -0.00339277 -1.9848 -4.95761 0.583932 0.634168 -0.970532 0.923415 -1.74987 -6.9022 
0.202306 0.263104 0.214418 -0.00339277 -1.9848 -4.99249 0.583932 0.634168 -0.970532 0.923415 -1.74987 -6.9022 
0.202306 0.263104 0.214418 -0.00339277 -1.9848 -5.02738 0.583932 0.634168 -0.970532 0.923415 -1.74987 -6.9022 
0.202306 0.263104 0.214418 -0.00339277 -1.9848 -5.06227 0.583932 0.634168 -0.970532 0.923415 -1.74987 -6.9022 
0.202306 0.263104 0.214418 -0.00339277 -1.9848 -5.09716 0.583932 0.634168 -0.970532 0.923415 -1.74987 -6.9022 
0.202306 0.263104 0.214418 -0.00339277 -1.9848 -5.13205 0.583932 0.634168 -0.970532 0.923415 -1.74987 -6.9022 
0.202306 0.263104 0.214418 -0.00339277 -1.9848 -5.16694 0.583932 0.634168 -0.970532 0.923415 -1.74987 -6.9022 
0.202306 0.263104 0.214418 -0.00339277 -1.9848 -5.20183 0.583932 0.634168 -0.970532 0.923415 -1.74987 -6.9022 
0.202306 0.263104 0.214418 -0.00339277 -1.9848 -5.23672 0.583932 0.634168 -0.970532 0.923415 -1.74987 -6.9022 
0.202306 0.263104 0.214418 -0.00339277 -1.9848 -5.27161 0.583932 0.634168 -0.970532 0.923415 -1.74987 -6.9022 
0.202306 0.263104 0.214418 -0.00339277 -1.9848 -5.30649 0.583932 0.634168 -0.970532 0.923415 -1.74987 -6.9022 
0.202306 0.263104 0.214418 -0.00339277 -1.9848 -5.34138 0.583932 0.634168 -0.970532 0.923415 -1.74987 -6.9022 
0.202306 0.263104 0.214418 -0.00339277 -1.9848 -5.37627 0.583932 0.634168 -0.970532 0.923415 -1.74987 -6.9022 
0.202306 0.263104 0.214418 -0.00339277 -1.9848 -5.41116 0.583932 0.634168 -0.970532 0.923415 -1.74987 -6.9022 
0.202306 0.263104 0.214418 -0.00339277 -1.9848 -5.44605 0.583932 0.634168 -0.970532 0.923415 -1.74987 -6.9022 
0.202306 0.263104 0.214418 -0.00339277 -1.9848 -5.48094 0.583932 0.634168 -0.970532 0.923415 -1.74987 -6.9022 
0.202306 0.263104 0.214418 -0.00339277 -1.9848 -5.51583 0.583932 0.634168 -0.970532 0.923415 -1.74987 -6.9022 
0.202306 0.263104 0.214418 -0.00339277 -1.9848 -5.55072 0.583932 0.634168 -0.970532 0.923415 -1.74987 -6.9022 
0.202306 0.263104 0.214418 -0.00339277 -1.9848 -5.58561 0.583932 0.634168 -0.970532 0.923415 -1.74987 -6.9022 
0.202306 0.263104 0.214418 -0.00339277 -1.9848 -5.62049 0.583932 0.634168 -0.970532 0.923415 -1.74987 -6.9022 
0.202306 0.263104 0.214418 -0.00339277 -1.9848 -5.65538 0.583932 0.634168 -0.970532 0.923415 -1.74987 -6.9022 
0.202306 0.263104 0.214418 -0.00339277 -1.9848 -5.69027 0.583932 0.634168 -0.970532 0.923415 -1.74987 -6.9022 
0.202306 0.263104 0.214418 -0.00339277 -1.9848 -5.72516 0.583932 0.634168 -0.970532 0.923415 -1.74987 -6.9022 
0.202306 0.263104 0.214418 -0.00339277 -1.9848 -5.76005 0.583932 0.634168 -0.970532 0.923415 -1.74987 -6.9022 
0.202306 0.263104 0.214418 -0.00339277 -1.9848 -5.79494 0.583932 0.634168 -0.970532 0.923415 -1.74987 -6.9022 
0.202306 0.263104 0.214418 -0.00339277 -1.9848 -5.82983 0.583932 0.634168 -0.970532 0.923415 -1.74987 -6.9022 
0.202306 0.263104 0.214418 -0.00339277 -1.9848 -5.86472 0.583932 0.634168 -0.970532 0.923415 -1.74987 -6.9022 
0.202306 0.263104 0.214418 -0.00339277 -1.9848 -5.89961 0.583932 0.634168 -0.970532 0.923415 -1.74987 -6.9022 
0.202306 0.263104 0.214418 -0.00339277 -1.9848 -5.93449 0.583932 0.634168 -0.970532 0.923415 -1.74987 -6.9022 
0.202306 0.263104 0.214418 -0.00339277 -1.9848 -5.96938 0.583932 0.634168 -0.970532 0.923415 -1.74987 -6.9022 
0.202306 0.263104 0.214418 -0.00339277 -1.9848 -6.00427 0.583932 0.634168 -0.970532 0.923415 -1.74987 -6.9022 
0.202306 0.263104 0.214418 -0.00339277 -1.9848 -6.03916 0.583932 0.634168 -0.970532 0.923415 -1.74987 -6.9022 
0.202306 0.263104 0.214418 -0.00339277 -1.9848 -6.07405 0.583932 0.634168 -0.970532 0.923415 -1.74987 -6.9022 
0.202306 0.263104 0.214418 -0.00339277 -1.9848 -6.10894 0.583932 0.634168 -0.970532 0.923415 -1.74987 -6.9022 
0.202306 0.263104 0.214418 -0.00339277 -1.9848 -6.14383 0.583932 0.634168 -0.970532 0.923415 -1.74987 -6.9022 
0.202306 0.263104 0.214418 -0.00339277 -1.9848 -6.17872 0.583932 0.634168 -0.970532 0.923415 -1.74987 -6.9022 
0.202306 0.263104 0.214418 -0.00339277 -1.9848 -6.21361 0.583932 0.634168 -0.970532 0.923415 -1.74987 -6.9022 
0.202306 0.263104 0.214418 -0.00339277 -1.9848 -6.24849 0.583932 0.634168 -0.970532 0.923415 -1.74987 -6.9022 
0.202306 0.263104 0.214418 -0.00339277 -1.9848 -6.28338 0.583932 0.634168 -0.970532 0.923415 -1.74987 -6.9022 
0.202306 0.263104 0.214418 -0.00339277 -1.9848 -6.31827 0.583932 0.634168 -0.970532 0.923415 -1.74987 -6.9022 
0.202306 0.263104 0.214418 -0.00339277 -1.9848 -6.35316 0.583932 0.634168 -0.970532 0.923415 -1.74987 -6.9022 
0.202306 0.263104 0.214418 -0.00339277 -1.9848 -6.38805 0.583932 0.634168 -0.970532 0.923415 -1.74987 -6.9022 
0.202306 0.263104 0.214418 -0.00339277 -1.9848 -6.42294 0.583932 0.634168 -0.970532 0.923415 -1.74987 -6.9022 
0.202306 0.263104 0.214418 -0.00339277 -1.9848 -6.45783 0.583932 0.634168 -0.970532 0.923415 -1.74987 -6.9022 
0.202306 0.263104 0.214418 -0.00339277 -1.9848 -6.49272 0.583932 0.634168 -0.970532 0.923415 -1.74987 -6.9022 
0.202306 0.263104 0.214418 -0.00339277 -1.9848 -6.52761 0.583932 0.634168 -0.970532 0.923415 -1.74987 -6.9022 
0.202306 0.263104 0.214418 -0.00339277 -1.9848 -6.56249 0.583932 0.634168 -0.970532 0.923415 -1.74987 -6.9022 
0.202306 0.263104 0.214418 -0.00339277 -1.9848 -6.59738 0.583932 0.634168 -0.970532 0.923415 -1.74987 -6.9022 
0.202306 0.263104 0.214418 -0.00339277 -1.9848 -6.63227 0.583932 0.634168 -0.970532 0.923415 -1.74987 -6.9022 
0.202306 0.263104 0.214418 -0.00339277 -1.9848 -6.66716 0.583932 0.634168 -0.970532 0.923415 -1.74987 -6.9022 
0.202306 0.263104 0.214418 -0.00339277 -1.9848 -6.70205 0.583932 0.634168 -0.970532 0.923415 -1.74987 -6.9022 
0.202306 0.263104 0.214418 -0.00339277 -1.9848 -6.73694 0.583932 0.634168 -0.970532 0.923415 -1.74987 -6.9022 
0.202306 0.263104 0.214418 -0.00339277 -1.9848 -6.77183 0.583932 0.634168 -0.970532 0.923415 -1.74987 -6.9022 
0.202306 0.263104 0.214418 -0.00339277 -1.9848 -6.80672 0.583932 0.634168 -0.970532 0.923415 -1.74987 -6.9022 
0.202306 0.263104 0.214418 -0.00339277 -1.9848 -6.84161 0.583932 0.634168 -0.970532 0.923415 -1.74987 -6.9022 
0.202306 0.263104 0.214418 -0.00339277 -1.9848 -6.87649 0.583932 0.634168 -0.970532 0.923415 -1.74987 -6.9022 
0.202306 0.263104 0.214418 -0.00339277 -1.9848 -6.91138 0.583932 0.634168 -0.970532 0.923415 -1.74987 -6.9022 

