0 0.264091 -0.140898 -0 -1.69399 2.98452 0.0318262 0.256964 -0.125467 -0.00299456 -1.71539 2.89749 
0.0132132 0.226088 -0.131143 -0.0142744 -1.62673 2.98121 0.0348939 0.256046 -0.13481 0.0254958 -1.70196 2.86648 
0.0278525 0.192862 -0.127084 -0.027414 -1.56022 2.97735 0.0379616 0.255127 -0.144152 0.0539862 -1.68853 2.83547 
0.043824 0.164138 -0.127773 -0.0395734 -1.49515 2.97285 0.0410293 0.254209 -0.153495 0.0824766 -1.6751 2.80447 
0.0610087 0.139606 -0.132329 -0.0509003 -1.43203 2.9677 0.044097 0.253291 -0.162838 0.110967 -1.66167 2.77346 
0.0792616 0.118919 -0.139921 -0.0615359 -1.37134 2.96188 0.0471647 0.252372 -0.17218 0.139457 -1.64825 2.74245 
0.0984158 0.101703 -0.14977 -0.0716178 -1.31342 2.95541 0.0502324 0.251454 -0.181523 0.167948 -1.63482 2.71144 
0.118286 0.0875643 -0.161149 -0.0812837 -1.25857 2.94837 0.0533001 0.250536 -0.190866 0.196438 -1.62139 2.68044 
0.138673 0.0761009 -0.173386 -0.0906744 -1.207 2.94084 0.0563678 0.249617 -0.200209 0.224928 -1.60796 2.64943 
0.15937 0.0669115 -0.185863 -0.0999369 -1.15888 2.93297 0.0594355 0.248699 -0.209551 0.253419 -1.59453 2.61842 
0.180166 0.0596035 -0.198021 -0.109225 -1.11432 2.92491 0.0625032 0.247781 -0.218894 0.281909 -1.5811 2.58741 
0.20085 0.0538006 -0.209359 -0.118702 -1.07338 2.91685 0.065571 0.246862 -0.228237 0.3104 -1.56767 2.5564 
0.221219 0.0491494 -0.219434 -0.128533 -1.0361 2.90899 0.0686387 0.245944 -0.237579 0.33889 -1.55424 2.5254 
0.241077 0.0453242 -0.227867 -0.138891 -1.00248 2.90153 0.0717064 0.245026 -0.246922 0.36738 -1.54082 2.49439 
0.260241 0.0420314 -0.234343 -0.149945 -0.97247 2.89468 0.0747741 0.244107 -0.256265 0.395871 -1.52739 2.46338 
0.278542 0.0390129 -0.238608 -0.161858 -0.946031 2.88863 0.0778418 0.243189 -0.265607 0.424361 -1.51396 2.43237 
0.295825 0.0360481 -0.240476 -0.174784 -0.923082 2.88357 0.0809095 0.242271 -0.27495 0.452851 -1.50053 2.40137 
0.311954 0.0329547 -0.239821 -0.188858 -0.903531 2.87966 0.0839772 0.241353 -0.284293 0.481342 -1.4871 2.37036 
0.326805 0.0295892 -0.236581 -0.204197 -0.887271 2.87701 0.0870449 0.240434 -0.293635 0.509832 -1.47367 2.33935 
0.340273 0.025845 -0.230751 -0.220894 -0.874188 2.87572 0.0901126 0.239516 -0.302978 0.538323 -1.46024 2.30834 
0.352265 0.0216507 -0.222379 -0.239013 -0.86416 2.87586 0.0931803 0.238598 -0.312321 0.566813 -1.44681 2.27733 
0.362701 0.0169671 -0.211559 -0.258593 -0.857064 2.87743 0.096248 0.237679 -0.321664 0.595303 -1.43339 2.24633 
0.371514 0.0117838 -0.198426 -0.279648 -0.852777 2.88042 0.0993157 0.236761 -0.331006 0.623794 -1.41996 2.21532 
0.378645 0.00611545 -0.183147 -0.302164 -0.851182 2.88479 0.102383 0.235843 -0.340349 0.652284 -1.40653 2.18431 
0.384047 -1.99751e-06 -0.165915 -0.326105 -0.852167 2.89046 0.105451 0.234924 -0.349692 0.680775 -1.3931 2.1533 
0.387679 -0.00651465 -0.146945 -0.351416 -0.855628 2.89732 0.108519 0.234006 -0.359034 0.709265 -1.37967 2.1223 
0.389507 -0.0133539 -0.126461 -0.378024 -0.861472 2.90525 0.111587 0.233088 -0.368377 0.737755 -1.36624 2.09129 
0.389504 -0.0204393 -0.104699 -0.405843 -0.869617 2.9141 0.114654 0.232169 -0.37772 0.766246 -1.35281 2.06028 
0.38765 -0.0276807 -0.0818997 -0.434775 -0.879989 2.92372 0.117722 0.231251 -0.387062 0.794736 -1.33938 2.02927 
0.38393 -0.0349798 -0.0583025 -0.464714 -0.892525 2.93393 0.12079 0.230333 -0.396405 0.823226 -1.32596 1.99827 
0.378334 -0.0422323 -0.0341473 -0.49555 -0.907167 2.94456 0.123857 0.229414 -0.405748 0.851717 -1.31253 1.96726 
0.370861 -0.0493281 -0.00967072 -0.52717 -0.923868 2.95542 0.126925 0.228496 -0.41509 0.880207 -1.2991 1.93625 
0.361517 -0.0561531 0.0148948 -0.559457 -0.942579 2.96633 0.129993 0.227578 -0.424433 0.908698 -1.28567 1.90524 
0.350315 -0.062589 0.0393217 -0.592299 -0.963254 2.97711 0.13306 0.226659 -0.433776 0.937188 -1.27224 1.87423 
0.33728 -0.0685151 0.063388 -0.625586 -0.985846 2.98756 0.136128 0.225741 -0.443119 0.965678 -1.25881 1.84323 
0.322446 -0.0738081 0.0868773 -0.659211 -1.0103 2.99751 0.139196 0.224823 -0.452461 0.994169 -1.24538 1.81222 
0.30586 -0.0783439 0.109579 -0.693077 -1.03655 3.00678 0.142264 0.223904 -0.461804 1.02266 -1.23195 1.78121 
0.287585 -0.0819984 0.131291 -0.727094 -1.06452 3.0152 0.145331 0.222986 -0.471147 1.05115 -1.21852 1.7502 
0.267695 -0.084649 0.151814 -0.761181 -1.09411 3.02262 0.148399 0.222068 -0.480489 1.07964 -1.2051 1.7192 
0.246284 -0.0861766 0.170958 -0.795268 -1.12522 3.02889 0.151467 0.221149 -0.489832 1.10813 -1.19167 1.68819 
0.223459 -0.0864673 0.188544 -0.829298 -1.15771 3.03388 0.154534 0.220231 -0.499175 1.13662 -1.17824 1.65718 
0.199345 -0.0854151 0.204396 -0.863223 -1.19143 3.0375 0.157602 0.219313 -0.508517 1.16511 -1.16481 1.62617 
0.174081 -0.0829242 0.218352 -0.897007 -1.22621 3.03964 0.16067 0.218394 -0.51786 1.1936 -1.15138 1.59516 
0.147823 -0.0789113 0.230259 -0.930624 -1.26185 3.04025 0.163737 0.217476 -0.527203 1.22209 -1.13795 1.56416 
0.120736 -0.073308 0.239977 -0.964054 -1.29813 3.03929 0.166805 0.216558 -0.536545 1.25058 -1.12452 1.53315 
0.0929948 -0.0660631 0.247378 -0.997283 -1.33484 3.03675 0.169873 0.215639 -0.545888 1.27907 -1.11109 1.50214 
0.0647808 -0.0571441 0.25235 -1.0303 -1.37173 3.03265 0.172941 0.214721 -0.555231 1.30756 -1.09767 1.47113 
0.0362769 -0.0465378 0.254795 -1.06309 -1.40858 3.02703 0.176008 0.213803 -0.564574 1.33605 -1.08424 1.44013 
0.00766404 -0.034251 0.254631 -1.09563 -1.44515 3.01999 0.179076 0.212884 -0.573916 1.36454 -1.07081 1.40912 
-0.0208823 -0.0203099 0.25179 -1.1279 -1.48121 3.01162 0.182144 0.211966 -0.583259 1.39303 -1.05738 1.37811 
-0.0491962 -0.00475807 0.246225 -1.15986 -1.51656 3.00206 0.185211 0.211048 -0.592602 1.42152 -1.04395 1.3471 
-0.0771242 0.0123448 0.237899 -1.19147 -1.55102 2.99149 0.188279 0.21013 -0.601944 1.45001 -1.03052 1.31609 
-0.104528 0.0309264 0.226792 -1.22265 -1.58443 2.98007 0.191347 0.209211 -0.611287 1.47851 -1.01709 1.28509 
-0.131285 0.0509045 0.212897 -1.25333 -1.61667 2.96802 0.194415 0.208293 -0.62063 1.507 -1.00366 1.25408 
-0.157293 0.0721912 0.196216 -1.28342 -1.64764 2.95555 0.197482 0.207375 -0.629972 1.53549 -0.990236 1.22307 
-0.182466 0.0946957 0.176762 -1.31282 -1.67728 2.9429 0.20055 0.206456 -0.639315 1.56398 -0.976807 1.19206 
-0.206737 0.118329 0.154551 -1.34142 -1.70557 2.93029 0.203618 0.205538 -0.648658 1.59247 -0.963378 1.16106 
-0.230056 0.143006 0.129604 -1.36911 -1.7325 2.91796 0.206685 0.20462 -0.658 1.62096 -0.949949 1.13005 
-0.25239 0.168649 0.101939 -1.39576 -1.75809 2.90615 0.209753 0.203701 -0.667343 1.64945 -0.93652 1.09904 
-0.27372 0.195193 0.0715701 -1.42126 -1.7824 2.89509 0.212821 0.202783 -0.676686 1.67794 -0.923092 1.06803 
-0.294039 0.222584 0.0385038 -1.44548 -1.80549 2.885 0.215888 0.201865 -0.686029 1.70643 -0.909663 1.03702 
-0.313354 0.250787 0.00273175 -1.46832 -1.82743 2.87611 0.218956 0.200946 -0.695371 1.73492 -0.896234 1.00602 
-0.33168 0.279782 -0.0357728 -1.48965 -1.8483 2.86863 0.222024 0.200028 -0.704714 1.76341 -0.882805 0.975009 
-0.349039 0.309573 -0.0770617 -1.50937 -1.8682 2.86278 0.225092 0.19911 -0.714057 1.7919 -0.869377 0.944002 
-0.365459 0.34019 -0.12122 -1.52736 -1.88721 2.85877 0.228159 0.198191 -0.723399 1.82039 -0.855948 0.912994 
-0.380976 0.371691 -0.168377 -1.54351 -1.90542 2.85683 0.231227 0.197273 -0.732742 1.84888 -0.842519 0.881986 
-0.378142 0.368041 -0.158206 -1.5543 -1.88003 2.84422 0.244347 0.162084 -0.660782 1.79612 -0.84105 0.935972 
-0.375307 0.364381 -0.148017 -1.5651 -1.85463 2.83162 0.256672 0.131064 -0.596074 1.74732 -0.841936 0.985621 
-0.372472 0.36072 -0.137828 -1.57589 -1.82924 2.81901 0.268178 0.103261 -0.536874 1.70198 -0.844468 1.03173 
-0.369637 0.35706 -0.127639 -1.58669 -1.80384 2.80641 0.278846 0.0780403 -0.482026 1.65968 -0.848136 1.07487 
-0.366802 0.3534 -0.11745 -1.59748 -1.77845 2.7938 0.288664 0.0549536 -0.430728 1.6201 -0.85256 1.11551 
-0.363967 0.34974 -0.107261 -1.60828 -1.75305 2.7812 0.297623 0.0336693 -0.382389 1.58293 -0.857445 1.154 
-0.361132 0.346079 -0.097072 -1.61907 -1.72766 2.76859 0.305716 0.0139324 -0.336561 1.54791 -0.862559 1.19065 
-0.358297 0.342419 -0.086883 -1.62986 -1.70226 2.75599 0.312941 -0.0044588 -0.292896 1.51478 -0.867721 1.22576 
-0.355462 0.338759 -0.076694 -1.64066 -1.67687 2.74338 0.319299 -0.0216674 -0.251111 1.48333 -0.872783 1.25955 
-0.352627 0.335099 -0.066505 -1.65145 -1.65147 2.73078 0.324791 -0.0378274 -0.210977 1.45334 -0.87763 1.29226 
-0.349792 0.331438 -0.056316 -1.66225 -1.62608 2.71817 0.329423 -0.0530502 -0.172304 1.42461 -0.882172 1.32409 
-0.346957 0.327778 -0.046127 -1.67304 -1.60068 2.70557 0.333201 -0.0674289 -0.134931 1.39695 -0.886341 1.35522 
-0.344122 0.324118 -0.035938 -1.68384 -1.57529 2.69296 0.336132 -0.081042 -0.098722 1.37017 -0.890088 1.38582 
-0.341287 0.320458 -0.025749 -1.69463 -1.54989 2.68036 0.338225 -0.0939551 -0.0635602 1.34411 -0.893378 1.41606 
-0.338452 0.316797 -0.01556 -1.70542 -1.5245 2.66775 0.339488 -0.106223 -0.029345 1.31861 -0.896194 1.44607 
-0.335617 0.313137 -0.005371 -1.71622 -1.4991 2.65515 0.339933 -0.117892 0.00401096 1.2935 -0.898528 1.47601 
-0.332782 0.309477 0.004818 -1.72701 -1.47371 2.64254 0.339568 -0.128997 0.0365831 1.26865 -0.900387 1.506 
-0.329948 0.305817 0.015007 -1.73781 -1.44832 2.62993 0.338405 -0.139568 0.068437 1.2439 -0.90179 1.53616 
-0.327113 0.302157 0.025196 -1.7486 -1.42292 2.61733 0.336456 -0.149627 0.0996295 1.21913 -0.902765 1.56661 
-0.324278 0.298496 0.035385 -1.7594 -1.39753 2.60472 0.333731 -0.159188 0.130209 1.19421 -0.903352 1.59747 
-0.321443 0.294836 0.045574 -1.77019 -1.37213 2.59212 0.330242 -0.168259 0.160219 1.169 -0.903602 1.62883 
-0.318608 0.291176 0.055763 -1.78098 -1.34674 2.57951 0.326002 -0.176843 0.189692 1.14338 -0.903574 1.6608 
-0.315773 0.287516 0.065952 -1.79178 -1.32134 2.56691 0.321023 -0.184935 0.21866 1.11726 -0.90334 1.69346 
-0.312938 0.283855 0.076141 -1.80257 -1.29595 2.5543 0.315319 -0.192525 0.247144 1.09051 -0.902982 1.7269 
-0.310103 0.280195 0.08633 -1.81337 -1.27055 2.5417 0.308905 -0.199598 0.275164 1.06305 -0.902594 1.76119 
-0.307268 0.276535 0.096519 -1.82416 -1.24516 2.52909 0.301796 -0.206132 0.302733 1.0348 -0.902278 1.7964 
-0.304433 0.272875 0.106708 -1.83496 -1.21976 2.51649 0.294008 -0.2121 0.329859 1.00566 -0.902148 1.83257 
-0.301598 0.269214 0.116897 -1.84575 -1.19437 2.50388 0.28556 -0.217469 0.356545 0.975597 -0.902329 1.86975 
-0.298763 0.265554 0.127086 -1.85654 -1.16897 2.49128 0.276472 -0.222203 0.38279 0.944556 -0.902956 1.90796 
-0.295928 0.261894 0.137275 -1.86734 -1.14358 2.47867 0.266765 -0.226256 0.408588 0.912518 -0.904171 1.94719 
-0.293093 0.258234 0.147464 -1.87813 -1.11818 2.46607 0.256463 -0.229582 0.433929 0.879479 -0.906127 1.98743 
-0.290258 0.254573 0.157653 -1.88893 -1.09279 2.45346 0.245593 -0.232126 0.458798 0.845464 -0.908982 2.02862 
-0.287423 0.250913 0.167842 -1.89972 -1.06739 2.44086 0.234183 -0.23383 0.483176 0.81052 -0.912898 2.07071 
-0.284588 0.247253 0.178031 -1.91051 -1.042 2.42825 0.222266 -0.234631 0.507038 0.774725 -0.91804 2.11358 
-0.281753 0.243593 0.18822 -1.92131 -1.0166 2.41564 0.209876 -0.234462 0.530357 0.738182 -0.924572 2.15712 
-0.278918 0.239933 0.198409 -1.9321 -0.99121 2.40304 0.197052 -0.233253 0.553099 0.701021 -0.932653 2.20117 
-0.276083 0.236272 0.208598 -1.9429 -0.965815 2.39043 0.183833 -0.230929 0.575227 0.663399 -0.942437 2.24554 
-0.273248 0.232612 0.218787 -1.95369 -0.940421 2.37783 0.170263 -0.227414 0.5967 0.625493 -0.954065 2.29003 
-0.270413 0.228952 0.228976 -1.96449 -0.915026 2.36522 0.15639 -0.222629 0.617472 0.587495 -0.967662 2.33443 
-0.267578 0.225292 0.239165 -1.97528 -0.889631 2.35262 0.142264 -0.216497 0.637491 0.549611 -0.983337 2.37851 
-0.264743 0.221631 0.249354 -1.98607 -0.864236 2.34001 0.127937 -0.208938 0.656705 0.512047 -1.00118 2.42203 
-0.261908 0.217971 0.259543 -1.99687 -0.838842 2.32741 0.113463 -0.199875 0.675055 0.475009 -1.02125 2.46475 
-0.259073 0.214311 0.269732 -2.00766 -0.813447 2.3148 0.0988986 -0.189236 0.69248 0.438691 -1.04358 2.50645 
-0.256238 0.210651 0.279921 -2.01846 -0.788052 2.3022 0.0843028 -0.176951 0.708915 0.403271 -1.06819 2.54692 
-0.253403 0.20699 0.29011 -2.02925 -0.762658 2.28959 0.0697344 -0.16296 0.724292 0.368908 -1.09506 2.58598 
-0.250568 0.20333 0.300299 -2.04005 -0.737263 2.27699 0.0552529 -0.147208 0.738544 0.335733 -1.12414 2.62347 
-0.247733 0.19967 0.310488 -2.05084 -0.711868 2.26438 0.0409179 -0.129653 0.7516 0.303851 -1.15535 2.65924 
-0.244898 0.19601 0.320677 -2.06163 -0.686473 2.25178 0.0267883 -0.110266 0.76339 0.273338 -1.18861 2.69319 
-0.242063 0.192349 0.330866 -2.07243 -0.661079 2.23917 0.0129217 -0.0890312 0.773843 0.244242 -1.22378 2.72524 
-0.239228 0.188689 0.341055 -2.08322 -0.635684 2.22657 -0.000626029 -0.0659492 0.782892 0.216587 -1.26073 2.75534 
-0.236394 0.185029 0.351244 -2.09402 -0.610289 2.21396 -0.0138014 -0.0410387 0.790471 0.19037 -1.29927 2.78348 
-0.233559 0.181369 0.361433 -2.10481 -0.584895 2.20135 -0.0265538 -0.0143371 0.79652 0.165571 -1.33923 2.80964 
-0.230724 0.177709 0.371622 -2.11561 -0.5595 2.18875 -0.0388359 0.0140994 0.800982 0.142151 -1.38042 2.83385 
-0.227889 0.174048 0.381811 -2.1264 -0.534105 2.17614 -0.0506039 0.0441954 0.803808 0.120058 -1.4226 2.85614 
-0.225054 0.170388 0.392 -2.13719 -0.50871 2.16354 -0.0618182 0.075857 0.804956 0.0992317 -1.46558 2.87657 
-0.222219 0.166728 0.402189 -2.14799 -0.483316 2.15093 -0.0724433 0.108974 0.804392 0.0796052 -1.50911 2.89521 
-0.219384 0.163068 0.412378 -2.15878 -0.457921 2.13833 -0.082448 0.14342 0.802091 0.0611092 -1.55298 2.91213 
-0.216549 0.159407 0.422567 -2.16958 -0.432526 2.12572 -0.0918056 0.179057 0.798038 0.0436748 -1.59696 2.92741 
-0.213714 0.155747 0.432756 -2.18037 -0.407131 2.11312 -0.100494 0.215739 0.792227 0.0272358 -1.64082 2.94114 
-0.210879 0.152087 0.442945 -2.19117 -0.381737 2.10051 -0.108495 0.253313 0.784662 0.0117311 -1.68437 2.95343 
-0.208044 0.148427 0.453134 -2.20196 -0.356342 2.08791 -0.115797 0.291621 0.775355 -0.00289379 -1.72741 2.96436 
-0.205209 0.144766 0.463323 -2.21275 -0.330947 2.0753 -0.122388 0.330511 0.76433 -0.0166859 -1.76974 2.97404 
-0.202374 0.141106 0.473512 -2.22355 -0.305553 2.0627 -0.128266 0.369829 0.751615 -0.0296838 -1.81122 2.98257 
-0.199539 0.137446 0.483701 -2.23434 -0.280158 2.05009 -0.133428 0.409431 0.737249 -0.0419171 -1.85169 2.99004 
-0.196704 0.133786 0.49389 -2.24514 -0.254763 2.03749 -0.137878 0.449181 0.721273 -0.0534071 -1.89104 2.99657 
-0.193869 0.130125 0.504079 -2.25593 -0.229368 2.02488 -0.14162 0.488954 0.703738 -0.0641665 -1.92915 3.00225 
-0.191034 0.126465 0.514268 -2.26673 -0.203974 2.01228 -0.144665 0.528634 0.684694 -0.0742008 -1.96594 3.00716 
-0.188199 0.122805 0.524457 -2.27752 -0.178579 1.99967 -0.147025 0.568121 0.664198 -0.0835088 -2.00134 3.01141 
-0.188199 0.122805 0.524457 -2.27752 -0.178579 1.96478 -0.147025 0.568121 0.664198 -0.0835088 -2.00134 2.97652 
-0.188199 0.122805 0.524457 -2.27752 -0.178579 1.92989 -0.147025 0.568121 0.664198 -0.0835088 -2.00134 2.94163 
-0.188199 0.122805 0.524457 -2.27752 -0.178579 1.895 -0.147025 0.568121 0.664198 -0.0835088 -2.00134 2.90674 
-0.188199 0.122805 0.524457 -2.27752 -0.178579 1.86011 -0.147025 0.568121 0.664198 -0.0835088 -2.00134 2.87185 
-0.188199 0.122805 0.524457 -2.27752 -0.178579 1.82523 -0.147025 0.568121 0.664198 -0.0835088 -2.00134 2.83697 
-0.188199 0.122805 0.524457 -2.27752 -0.178579 1.79034 -0.147025 0.568121 0.664198 -0.0835088 -2.00134 2.80208 
-0.188199 0.122805 0.524457 -2.27752 -0.178579 1.75545 -0.147025 0.568121 0.664198 -0.0835088 -2.00134 2.76719 
-0.188199 0.122805 0.524457 -2.27752 -0.178579 1.72056 -0.147025 0.568121 0.664198 -0.0835088 -2.00134 2.7323 
-0.188199 0.122805 0.524457 -2.27752 -0.178579 1.68567 -0.147025 0.568121 0.664198 -0.0835088 -2.00134 2.69741 
-0.188199 0.122805 0.524457 -2.27752 -0.178579 1.65078 -0.147025 0.568121 0.664198 -0.0835088 -2.00134 2.66252 
-0.188199 0.122805 0.524457 -2.27752 -0.178579 1.61589 -0.147025 0.568121 0.664198 -0.0835088 -2.00134 2.62763 
-0.188199 0.122805 0.524457 -2.27752 -0.178579 1.581 -0.147025 0.568121 0.664198 -0.0835088 -2.00134 2.59274 
-0.188199 0.122805 0.524457 -2.27752 -0.178579 1.54611 -0.147025 0.568121 0.664198 -0.0835088 -2.00134 2.55785 
-0.188199 0.122805 0.524457 -2.27752 -0.178579 1.51123 -0.147025 0.568121 0.664198 -0.0835088 -2.00134 2.52297 
-0.188199 0.122805 0.524457 -2.27752 -0.178579 1.47634 -0.147025 0.568121 0.664198 -0.0835088 -2.00134 2.48808 
-0.188199 0.122805 0.524457 -2.27752 -0.178579 1.44145 -0.147025 0.568121 0.664198 -0.0835088 -2.00134 2.45319 
-0.188199 0.122805 0.524457 -2.27752 -0.178579 1.40656 -0.147025 0.568121 0.664198 -0.0835088 -2.00134 2.4183 
-0.188199 0.122805 0.524457 -2.27752 -0.178579 1.37167 -0.147025 0.568121 0.664198 -0.0835088 -2.00134 2.38341 
-0.188199 0.122805 0.524457 -2.27752 -0.178579 1.33678 -0.147025 0.568121 0.664198 -0.0835088 -2.00134 2.34852 
-0.188199 0.122805 0.524457 -2.27752 -0.178579 1.30189 -0.147025 0.568121 0.664198 -0.0835088 -2.00134 2.31363 
-0.188199 0.122805 0.524457 -2.27752 -0.178579 1.267 -0.147025 0.568121 0.664198 -0.0835088 -2.00134 2.27874 
-0.188199 0.122805 0.524457 -2.27752 -0.178579 1.23211 -0.147025 0.568121 0.664198 -0.0835088 -2.00134 2.24385 
-0.188199 0.122805 0.524457 -2.27752 -0.178579 1.19723 -0.147025 0.568121 0.664198 -0.0835088 -2.00134 2.20897 
-0.188199 0.122805 0.524457 -2.27752 -0.178579 1.16234 -0.147025 0.568121 0.664198 -0.0835088 -2.00134 2.17408 
-0.188199 0.122805 0.524457 -2.27752 -0.178579 1.12745 -0.147025 0.568121 0.664198 -0.0835088 -2.00134 2.13919 
-0.188199 0.122805 0.524457 -2.27752 -0.178579 1.09256 -0.147025 0.568121 0.664198 -0.0835088 -2.00134 2.1043 
-0.188199 0.122805 0.524457 -2.27752 -0.178579 1.05767 -0.147025 0.568121 0.664198 -0.0835088 -2.00134 2.06941 
-0.188199 0.122805 0.524457 -2.27752 -0.178579 1.02278 -0.147025 0.568121 0.664198 -0.0835088 -2.00134 2.03452 
-0.188199 0.122805 0.524457 -2.27752 -0.178579 0.987892 -0.147025 0.568121 0.664198 -0.0835088 -2.00134 1.99963 
-0.188199 0.122805 0.524457 -2.27752 -0.178579 0.953003 -0.147025 0.568121 0.664198 -0.0835088 -2.00134 1.96474 
-0.188199 0.122805 0.524457 -2.27752 -0.178579 0.918114 -0.147025 0.568121 0.664198 -0.0835088 -2.00134 1.92985 
-0.188199 0.122805 0.524457 -2.27752 -0.178579 0.883226 -0.147025 0.568121 0.664198 -0.0835088 -2.00134 1.89497 
-0.188199 0.122805 0.524457 -2.27752 -0.178579 0.848337 -0.147025 0.568121 0.664198 -0.0835088 -2.00134 1.86008 
-0.188199 0.122805 0.524457 -2.27752 -0.178579 0.813448 -0.147025 0.568121 0.664198 -0.0835088 -2.00134 1.82519 
-0.188199 0.122805 0.524457 -2.27752 -0.178579 0.778559 -0.147025 0.568121 0.664198 -0.0835088 -2.00134 1.7903 
-0.188199 0.122805 0.524457 -2.27752 -0.178579 0.74367 -0.147025 0.568121 0.664198 -0.0835088 -2.00134 1.75541 
-0.188199 0.122805 0.524457 -2.27752 -0.178579 0.708781 -0.147025 0.568121 0.664198 -0.0835088 -2.00134 1.72052 
-0.188199 0.122805 0.524457 -2.27752 -0.178579 0.673892 -0.147025 0.568121 0.664198 -0.0835088 -2.00134 1.68563 
-0.188199 0.122805 0.524457 -2.27752 -0.178579 0.639003 -0.147025 0.568121 0.664198 -0.0835088 -2.00134 1.65074 
-0.188199 0.122805 0.524457 -2.27752 -0.178579 0.604114 -0.147025 0.568121 0.664198 -0.0835088 -2.00134 1.61585 
-0.188199 0.122805 0.524457 -2.27752 -0.178579 0.569226 -0.147025 0.568121 0.664198 -0.0835088 -2.00134 1.58097 
-0.188199 0.122805 0.524457 -2.27752 -0.178579 0.534337 -0.147025 0.568121 0.664198 -0.0835088 -2.00134 1.54608 
-0.188199 0.122805 0.524457 -2.27752 -0.178579 0.499448 -0.147025 0.568121 0.664198 -0.0835088 -2.00134 1.51119 
-0.188199 0.122805 0.524457 -2.27752 -0.178579 0.464559 -0.147025 0.568121 0.664198 -0.0835088 -2.00134 1.4763 
-0.188199 0.122805 0.524457 -2.27752 -0.178579 0.42967 -0.147025 0.568121 0.664198 -0.0835088 -2.00134 1.44141 
-0.188199 0.122805 0.524457 -2.27752 -0.178579 0.394781 -0.147025 0.568121 0.664198 -0.0835088 -2.00134 1.40652 
-0.188199 0.122805 0.524457 -2.27752 -0.178579 0.359892 -0.147025 0.568121 0.664198 -0.0835088 -2.00134 1.37163 
-0.188199 0.122805 0.524457 -2.27752 -0.178579 0.325003 -0.147025 0.568121 0.664198 -0.0835088 -2.00134 1.33674 
-0.188199 0.122805 0.524457 -2.27752 -0.178579 0.290114 -0.147025 0.568121 0.664198 -0.0835088 -2.00134 1.30185 
-0.188199 0.122805 0.524457 -2.27752 -0.178579 0.255226 -0.147025 0.568121 0.664198 -0.0835088 -2.00134 1.26697 
-0.188199 0.122805 0.524457 -2.27752 -0.178579 0.220337 -0.147025 0.568121 0.664198 -0.0835088 -2.00134 1.23208 
-0.188199 0.122805 0.524457 -2.27752 -0.178579 0.185448 -0.147025 0.568121 0.664198 -0.0835088 -2.00134 1.19719 
-0.188199 0.122805 0.524457 -2.27752 -0.178579 0.150559 -0.147025 0.568121 0.664198 -0.0835088 -2.00134 1.1623 
-0.188199 0.122805 0.524457 -2.27752 -0.178579 0.11567 -0.147025 0.568121 0.664198 -0.0835088 -2.00134 1.12741 
-0.188199 0.122805 0.524457 -2.27752 -0.178579 0.0807811 -0.147025 0.568121 0.664198 -0.0835088 -2.00134 1.09252 
-0.188199 0.122805 0.524457 -2.27752 -0.178579 0.0458922 -0.147025 0.568121 0.664198 -0.0835088 -2.00134 1.05763 
-0.188199 0.122805 0.524457 -2.27752 -0.178579 0.0110033 -0.147025 0.568121 0.664198 -0.0835088 -2.00134 1.02274 
-0.188199 0.122805 0.524457 -2.27752 -0.178579 -0.0238856 -0.147025 0.568121 0.664198 -0.0835088 -2.00134 0.987854 
-0.188199 0.122805 0.524457 -2.27752 -0.178579 -0.0587744 -0.147025 0.568121 0.664198 -0.0835088 -2.00134 0.952966 
-0.188199 0.122805 0.524457 -2.27752 -0.178579 -0.0936633 -0.147025 0.568121 0.664198 -0.0835088 -2.00134 0.918077 
-0.188199 0.122805 0.524457 -2.27752 -0.178579 -0.128552 -0.147025 0.568121 0.664198 -0.0835088 -2.00134 0.883188 
-0.188199 0.122805 0.524457 -2.27752 -0.178579 -0.163441 -0.147025 0.568121 0.664198 -0.0835088 -2.00134 0.848299 
-0.188199 0.122805 0.524457 -2.27752 -0.178579 -0.19833 -0.147025 0.568121 0.664198 -0.0835088 -2.00134 0.81341 
-0.188199 0.122805 0.524457 -2.27752 -0.178579 -0.233219 -0.147025 0.568121 0.664198 -0.0835088 -2.00134 0.778521 
-0.188199 0.122805 0.524457 -2.27752 -0.178579 -0.268108 -0.147025 0.568121 0.664198 -0.0835088 -2.00134 0.743632 
-0.188199 0.122805 0.524457 -2.27752 -0.178579 -0.302997 -0.147025 0.568121 0.664198 -0.0835088 -2.00134 0.708743 
-0.188199 0.122805 0.524457 -2.27752 -0.178579 -0.337886 -0.147025 0.568121 0.664198 -0.0835088 -2.00134 0.673854 
-0.188199 0.122805 0.524457 -2.27752 -0.178579 -0.372774 -0.147025 0.568121 0.664198 -0.0835088 -2.00134 0.638966 
-0.188199 0.122805 0.524457 -2.27752 -0.178579 -0.407663 -0.147025 0.568121 0.664198 -0.0835088 -2.00134 0.604077 
-0.188199 0.122805 0.524457 -2.27752 -0.178579 -0.442552 -0.147025 0.568121 0.664198 -0.0835088 -2.00134 0.569188 
-0.188199 0.122805 0.524457 -2.27752 -0.178579 -0.477441 -0.147025 0.568121 0.664198 -0.0835088 -2.00134 0.534299 
-0.188199 0.122805 0.524457 -2.27752 -0.178579 -0.51233 -0.147025 0.568121 0.664198 -0.0835088 -2.00134 0.49941 
-0.188199 0.122805 0.524457 -2.27752 -0.178579 -0.547219 -0.147025 0.568121 0.664198 -0.0835088 -2.00134 0.464521 
-0.188199 0.122805 0.524457 -2.27752 -0.178579 -0.582108 -0.147025 0.568121 0.664198 -0.0835088 -2.00134 0.429632 
-0.188199 0.122805 0.524457 -2.27752 -0.178579 -0.616997 -0.147025 0.568121 0.664198 -0.0835088 -2.00134 0.394743 
-0.188199 0.122805 0.524457 -2.27752 -0.178579 -0.651886 -0.147025 0.568121 0.664198 -0.0835088 -2.00134 0.359854 
-0.188199 0.122805 0.524457 -2.27752 -0.178579 -0.686774 -0.147025 0.568121 0.664198 -0.0835088 -2.00134 0.324966 
-0.188199 0.122805 0.524457 -2.27752 -0.178579 -0.721663 -0.147025 0.568121 0.664198 -0.0835088 -2.00134 0.290077 
-0.188199 0.122805 0.524457 -2.27752 -0.178579 -0.756552 -0.147025 0.568121 0.664198 -0.0835088 -2.00134 0.255188 
-0.188199 0.122805 0.524457 -2.27752 -0.178579 -0.791441 -0.147025 0.568121 0.664198 -0.0835088 -2.00134 0.220299 
-0.188199 0.122805 0.524457 -2.27752 -0.178579 -0.82633 -0.147025 0.568121 0.664198 -0.0835088 -2.00134 0.18541 
-0.188199 0.122805 0.524457 -2.27752 -0.178579 -0.861219 -0.147025 0.568121 0.664198 -0.0835088 -2.00134 0.150521 
-0.188199 0.122805 0.524457 -2.27752 -0.178579 -0.896108 -0.147025 0.568121 0.664198 -0.0835088 -2.00134 0.115632 
-0.188199 0.122805 0.524457 -2.27752 -0.178579 -0.930997 -0.147025 0.568121 0.664198 -0.0835088 -2.00134 0.0807433 
-0.188199 0.122805 0.524457 -2.27752 -0.178579 -0.965886 -0.147025 0.568121 0.664198 -0.0835088 -2.00134 0.0458544 
-0.188199 0.122805 0.524457 -2.27752 -0.178579 -1.00077 -0.147025 0.568121 0.664198 -0.0835088 -2.00134 0.0109656 
-0.188199 0.122805 0.524457 -2.27752 -0.178579 -1.03566 -0.147025 0.568121 0.664198 -0.0835088 -2.00134 -0.0239233 
-0.188199 0.122805 0.524457 -2.27752 -0.178579 -1.07055 -0.147025 0.568121 0.664198 -0.0835088 -2.00134 -0.0588122 
-0.188199 0.122805 0.524457 -2.27752 -0.178579 -1.10544 -0.147025 0.568121 0.664198 -0.0835088 -2.00134 -0.0937011 
-0.188199 0.122805 0.524457 -2.27752 -0.178579 -1.14033 -0.147025 0.568121 0.664198 -0.0835088 -2.00134 -0.12859 
-0.188199 0.122805 0.524457 -2.27752 -0.178579 -1.17522 -0.147025 0.568121 0.664198 -0.0835088 -2.00134 -0.163479 
-0.188199 0.122805 0.524457 -2.27752 -0.178579 -1.21011 -0.147025 0.568121 0.664198 -0.0835088 -2.00134 -0.198368 
-0.188199 0.122805 0.524457 -2.27752 -0.178579 -1.245 -0.147025 0.568121 0.664198 -0.0835088 -2.00134 -0.233257 
-0.188199 0.122805 0.524457 -2.27752 -0.178579 -1.27989 -0.147025 0.568121 0.664198 -0.0835088 -2.00134 -0.268146 
-0.188199 0.122805 0.524457 -2.27752 -0.178579 -1.31477 -0.147025 0.568121 0.664198 -0.0835088 -2.00134 -0.303034 
-0.188199 0.122805 0.524457 -2.27752 -0.178579 -1.34966 -0.147025 0.568121 0.664198 -0.0835088 -2.00134 -0.337923 
-0.188199 0.122805 0.524457 -2.27752 -0.178579 -1.38455 -0.147025 0.568121 0.664198 -0.0835088 -2.00134 -0.372812 
-0.188199 0.122805 0.524457 -2.27752 -0.178579 -1.41944 -0.147025 0.568121 0.664198 -0.0835088 -2.00134 -0.407701 
-0.188199 0.122805 0.524457 -2.27752 -0.178579 -1.45433 -0.147025 0.568121 0.664198 -0.0835088 -2.00134 -0.44259 
-0.188199 0.122805 0.524457 -2.27752 -0.178579 -1.48922 -0.147025 0.568121 0.664198 -0.0835088 -2.00134 -0.477479 
-0.188199 0.122805 0.524457 -2.27752 -0.178579 -1.52411 -0.147025 0.568121 0.664198 -0.0835088 -2.00134 -0.512368 
-0.188199 0.122805 0.524457 -2.27752 -0.178579 -1.559 -0.147025 0.568121 0.664198 -0.0835088 -2.00134 -0.547257 
-0.188199 0.122805 0.524457 -2.27752 -0.178579 -1.59389 -0.147025 0.568121 0.664198 -0.0835088 -2.00134 -0.582146 
-0.188199 0.122805 0.524457 -2.27752 -0.178579 -1.62877 -0.147025 0.568121 0.664198 -0.0835088 -2.00134 -0.617034 
-0.188199 0.122805 0.524457 -2.27752 -0.178579 -1.66366 -0.147025 0.568121 0.664198 -0.0835088 -2.00134 -0.651923 
-0.188199 0.122805 0.524457 -2.27752 -0.178579 -1.69855 -0.147025 0.568121 0.664198 -0.0835088 -2.00134 -0.686812 
-0.188199 0.122805 0.524457 -2.27752 -0.178579 -1.73344 -0.147025 0.568121 0.664198 -0.0835088 -2.00134 -0.721701 
-0.188199 0.122805 0.524457 -2.27752 -0.178579 -1.76833 -0.147025 0.568121 0.664198 -0.0835088 -2.00134 -0.75659 
-0.188199 0.122805 0.524457 -2.27752 -0.178579 -1.80322 -0.147025 0.568121 0.664198 -0.0835088 -2.00134 -0.791479 
-0.188199 0.122805 0.524457 -2.27752 -0.178579 -1.83811 -0.147025 0.568121 0.664198 -0.0835088 -2.00134 -0.826368 
-0.188199 0.122805 0.524457 -2.27752 -0.178579 -1.873 -0.147025 0.568121 0.664198 -0.0835088 -2.00134 -0.861257 
-0.188199 0.122805 0.524457 -2.27752 -0.178579 -1.90789 -0.147025 0.568121 0.664198 -0.0835088 -2.00134 -0.896146 
-0.188199 0.122805 0.524457 -2.27752 -0.178579 -1.94277 -0.147025 0.568121 0.664198 -0.0835088 -2.00134 -0.931034 
-0.188199 0.122805 0.524457 -2.27752 -0.178579 -1.97766 -0.147025 0.568121 0.664198 -0.0835088 -2.00134 -0.965923 
-0.188199 0.122805 0.524457 -2.27752 -0.178579 -2.01255 -0.147025 0.568121 0.664198 -0.0835088 -2.00134 -1.00081 
-0.188199 0.122805 0.524457 -2.27752 -0.178579 -2.04744 -0.147025 0.568121 0.664198 -0.0835088 -2.00134 -1.0357 
-0.188199 0.122805 0.524457 -2.27752 -0.178579 -2.08233 -0.147025 0.568121 0.664198 -0.0835088 -2.00134 -1.07059 
-0.188199 0.122805 0.524457 -2.27752 -0.178579 -2.11722 -0.147025 0.568121 0.664198 -0.0835088 -2.00134 -1.10548 
-0.188199 0.122805 0.524457 -2.27752 -0.178579 -2.15211 -0.147025 0.568121 0.664198 -0.0835088 -2.00134 -1.14037 
-0.188199 0.122805 0.524457 -2.27752 -0.178579 -2.187 -0.147025 0.568121 0.664198 -0.0835088 -2.00134 -1.17526 
-0.188199 0.122805 0.524457 -2.27752 -0.178579 -2.22189 -0.147025 0.568121 0.664198 -0.0835088 -2.00134 -1.21015 
-0.188199 0.122805 0.524457 -2.27752 -0.178579 -2.25677 -0.147025 0.568121 0.664198 -0.0835088 -2.00134 -1.24503 
-0.188199 0.122805 0.524457 -2.27752 -0.178579 -2.29166 -0.147025 0.568121 0.664198 -0.0835088 -2.00134 -1.27992 
-0.188199 0.122805 0.524457 -2.27752 -0.178579 -2.32655 -0.147025 0.568121 0.664198 -0.0835088 -2.00134 -1.31481 
-0.188199 0.122805 0.524457 -2.27752 -0.178579 -2.36144 -0.147025 0.568121 0.664198 -0.0835088 -2.00134 -1.3497 
-0.188199 0.122805 0.524457 -2.27752 -0.178579 -2.39633 -0.147025 0.568121 0.664198 -0.0835088 -2.00134 -1.38459 
-0.188199 0.122805 0.524457 -2.27752 -0.178579 -2.43122 -0.147025 0.568121 0.664198 -0.0835088 -2.00134 -1.41948 
-0.188199 0.122805 0.524457 -2.27752 -0.178579 -2.46611 -0.147025 0.568121 0.664198 -0.0835088 -2.00134 -1.45437 
-0.188199 0.122805 0.524457 -2.27752 -0.178579 -2.501 -0.147025 0.568121 0.664198 -0.0835088 -2.00134 -1.48926 
-0.188199 0.122805 0.524457 -2.27752 -0.178579 -2.53589 -0.147025 0.568121 0.664198 -0.0835088 -2.00134 -1.52415 
-0.188199 0.122805 0.524457 -2.27752 -0.178579 -2.57077 -0.147025 0.568121 0.664198 -0.0835088 -2.00134 -1.55903 
-0.188199 0.122805 0.524457 -2.27752 -0.178579 -2.60566 -0.147025 0.568121 0.664198 -0.0835088 -2.00134 -1.59392 
-0.188199 0.122805 0.524457 -2.27752 -0.178579 -2.64055 -0.147025 0.568121 0.664198 -0.0835088 -2.00134 -1.62881 
-0.188199 0.122805 0.524457 -2.27752 -0.178579 -2.67544 -0.147025 0.568121 0.664198 -0.0835088 -2.00134 -1.6637 
-0.188199 0.122805 0.524457 -2.27752 -0.178579 -2.71033 -0.147025 0.568121 0.664198 -0.0835088 -2.00134 -1.69859 
-0.188199 0.122805 0.524457 -2.27752 -0.178579 -2.74522 -0.147025 0.568121 0.664198 -0.0835088 -2.00134 -1.73348 
-0.188199 0.122805 0.524457 -2.27752 -0.178579 -2.78011 -0.147025 0.568121 0.664198 -0.0835088 -2.00134 -1.76837 
-0.188199 0.122805 0.524457 -2.27752 -0.178579 -2.815 -0.147025 0.568121 0.664198 -0.0835088 -2.00134 -1.80326 
-0.188199 0.122805 0.524457 -2.27752 -0.178579 -2.84989 -0.147025 0.568121 0.664198 -0.0835088 -2.00134 -1.83815 
-0.188199 0.122805 0.524457 -2.27752 -0.178579 -2.88477 -0.147025 0.568121 0.664198 -0.0835088 -2.00134 -1.87303 
-0.188199 0.122805 0.524457 -2.27752 -0.178579 -2.91966 -0.147025 0.568121 0.664198 -0.0835088 -2.00134 -1.90792 
-0.188199 0.122805 0.524457 -2.27752 -0.178579 -2.95455 -0.147025 0.568121 0.664198 -0.0835088 -2.00134 -1.94281 
-0.188199 0.122805 0.524457 -2.27752 -0.178579 -2.98944 -0.147025 0.568121 0.664198 -0.0835088 -2.00134 -1.9777 
-0.188199 0.122805 0.524457 -2.27752 -0.178579 -3.02433 -0.147025 0.568121 0.664198 -0.0835088 -2.00134 -2.01259 
-0.188199 0.122805 0.524457 -2.27752 -0.178579 -3.05922 -0.147025 0.568121 0.664198 -0.0835088 -2.00134 -2.04748 
-0.188199 0.122805 0.524457 -2.27752 -0.178579 -3.09411 -0.147025 0.568121 0.664198 -0.0835088 -2.00134 -2.08237 
-0.188199 0.122805 0.524457 -2.27752 -0.178579 -3.129 -0.147025 0.568121 0.664198 -0.0835088 -2.00134 -2.11726 
-0.188199 0.122805 0.524457 -2.27752 -0.178579 -3.16389 -0.147025 0.568121 0.664198 -0.0835088 -2.00134 -2.15215 
-0.188199 0.122805 0.524457 -2.27752 -0.178579 -3.19877 -0.147025 0.568121 0.664198 -0.0835088 -2.00134 -2.18703 
-0.188199 0.122805 0.524457 -2.27752 -0.178579 -3.23366 -0.147025 0.568121 0.664198 -0.0835088 -2.00134 -2.22192 
-0.188199 0.122805 0.524457 -2.27752 -0.178579 -3.26855 -0.147025 0.568121 0.664198 -0.0835088 -2.00134 -2.25681 
-0.188199 0.122805 0.524457 -2.27752 -0.178579 -3.30344 -0.147025 0.568121 0.664198 -0.0835088 -2.00134 -2.2917 
-0.188199 0.122805 0.524457 -2.27752 -0.178579 -3.33833 -0.147025 0.568121 0.664198 -0.0835088 -2.00134 -2.32659 
-0.188199 0.122805 0.524457 -2.27752 -0.178579 -3.37322 -0.147025 0.568121 0.664198 -0.0835088 -2.00134 -2.36148 
-0.188199 0.122805 0.524457 -2.27752 -0.178579 -3.40811 -0.147025 0.568121 0.664198 -0.0835088 -2.00134 -2.39637 
-0.188199 0.122805 0.524457 -2.27752 -0.178579 -3.443 -0.147025 0.568121 0.664198 -0.0835088 -2.00134 -2.43126 
-0.188199 0.122805 0.524457 -2.27752 -0.178579 -3.47789 -0.147025 0.568121 0.664198 -0.0835088 -2.00134 -2.46615 
-0.188199 0.122805 0.524457 -2.27752 -0.178579 -3.51277 -0.147025 0.568121 0.664198 -0.0835088 -2.00134 -2.50103 
-0.188199 0.122805 0.524457 -2.27752 -0.178579 -3.54766 -0.147025 0.568121 0.664198 -0.0835088 -2.00134 -2.53592 
-0.188199 0.122805 0.524457 -2.27752 -0.178579 -3.58255 -0.147025 0.568121 0.664198 -0.0835088 -2.00134 -2.57081 
-0.188199 0.122805 0.524457 -2.27752 -0.178579 -3.61744 -0.147025 0.568121 0.664198 -0.0835088 -2.00134 -2.6057 
-0.188199 0.122805 0.524457 -2.27752 -0.178579 -3.65233 -0.147025 0.568121 0.664198 -0.0835088 -2.00134 -2.64059 
-0.188199 0.122805 0.524457 -2.27752 -0.178579 -3.68722 -0.147025 0.568121 0.664198 -0.0835088 -2.00134 -2.67548 
-0.188199 0.122805 0.524457 -2.27752 -0.178579 -3.72211 -0.147025 0.568121 0.664198 -0.0835088 -2.00134 -2.71037 
-0.188199 0.122805 0.524457 -2.27752 -0.178579 -3.757 -0.147025 0.568121 0.664198 -0.0835088 -2.00134 -2.74526 
-0.188199 0.122805 0.524457 -2.27752 -0.178579 -3.79189 -0.147025 0.568121 0.664198 -0.0835088 -2.00134 -2.78015 
-0.188199 0.122805 0.524457 -2.27752 -0.178579 -3.82677 -0.147025 0.568121 0.664198 -0.0835088 -2.00134 -2.81503 
-0.188199 0.122805 0.524457 -2.27752 -0.178579 -3.86166 -0.147025 0.568121 0.664198 -0.0835088 -2.00134 -2.84992 
-0.188199 0.122805 0.524457 -2.27752 -0.178579 -3.89655 -0.147025 0.568121 0.664198 -0.0835088 -2.00134 -2.88481 
-0.188199 0.122805 0.524457 -2.27752 -0.178579 -3.93144 -0.147025 0.568121 0.664198 -0.0835088 -2.00134 -2.9197 
-0.188199 0.122805 0.524457 -2.27752 -0.178579 -3.96633 -0.147025 0.568121 0.664198 -0.0835088 -2.00134 -2.95459 
-0.188199 0.122805 0.524457 -2.27752 -0.178579 -4.00122 -0.147025 0.568121 0.664198 -0.0835088 -2.00134 -2.98948 
-0.188199 0.122805 0.524457 -2.27752 -0.178579 -4.03611 -0.147025 0.568121 0.664198 -0.0835088 -2.00134 -3.02437 
-0.188199 0.122805 0.524457 -2.27752 -0.178579 -4.071 -0.147025 0.568121 0.664198 -0.0835088 -2.00134 -3.05926 
-0.188199 0.122805 0.524457 -2.27752 -0.178579 -4.10589 -0.147025 0.568121 0.664198 -0.0835088 -2.00134 -3.09415 
-0.188199 0.122805 0.524457 -2.27752 -0.178579 -4.14077 -0.147025 0.568121 0.664198 -0.0835088 -2.00134 -3.12903 
-0.188199 0.122805 0.524457 -2.27752 -0.178579 -4.17566 -0.147025 0.568121 0.664198 -0.0835088 -2.00134 -3.16392 
-0.188199 0.122805 0.524457 -2.27752 -0.178579 -4.21055 -0.147025 0.568121 0.664198 -0.0835088 -2.00134 -3.19881 
-0.188199 0.122805 0.524457 -2.27752 -0.178579 -4.24544 -0.147025 0.568121 0.664198 -0.0835088 -2.00134 -3.2337 
-0.188199 0.122805 0.524457 -2.27752 -0.178579 -4.28033 -0.147025 0.568121 0.664198 -0.0835088 -2.00134 -3.26859 
-0.188199 0.122805 0.524457 -2.27752 -0.178579 -4.31522 -0.147025 0.568121 0.664198 -0.0835088 -2.00134 -3.30348 
-0.188199 0.122805 0.524457 -2.27752 -0.178579 -4.35011 -0.147025 0.568121 0.664198 -0.0835088 -2.00134 -3.33837 
-0.188199 0.122805 0.524457 -2.27752 -0.178579 -4.385 -0.147025 0.568121 0.664198 -0.0835088 -2.00134 -3.37326 
-0.188199 0.122805 0.524457 -2.27752 -0.178579 -4.41989 -0.147025 0.568121 0.664198 -0.0835088 -2.00134 -3.40815 
-0.188199 0.122805 0.524457 -2.27752 -0.178579 -4.45477 -0.147025 0.568121 0.664198 -0.0835088 -2.00134 -3.44303 
-0.188199 0.122805 0.524457 -2.27752 -0.178579 -4.48966 -0.147025 0.568121 0.664198 -0.0835088 -2.00134 -3.47792 
-0.188199 0.122805 0.524457 -2.27752 -0.178579 -4.52455 -0.147025 0.568121 0.664198 -0.0835088 -2.00134 -3.51281 
-0.188199 0.122805 0.524457 -2.27752 -0.178579 -4.55944 -0.147025 0.568121 0.664198 -0.0835088 -2.00134 -3.5477 
-0.188199 0.122805 0.524457 -2.27752 -0.178579 -4.59433 -0.147025 0.568121 0.664198 -0.0835088 -2.00134 -3.58259 
-0.188199 0.122805 0.524457 -2.27752 -0.178579 -4.62922 -0.147025 0.568121 0.664198 -0.0835088 -2.00134 -3.61748 
-0.188199 0.122805 0.524457 -2.27752 -0.178579 -4.66411 -0.147025 0.568121 0.664198 -0.0835088 -2.00134 -3.65237 
-0.188199 0.122805 0.524457 -2.27752 -0.178579 -4.699 -0.147025 0.568121 0.664198 -0.0835088 -2.00134 -3.68726 
-0.188199 0.122805 0.524457 -2.27752 -0.178579 -4.73389 -0.147025 0.568121 0.664198 -0.0835088 -2.00134 -3.72215 
-0.188199 0.122805 0.524457 -2.27752 -0.178579 -4.76877 -0.147025 0.568121 0.664198 -0.0835088 -2.00134 -3.75703 
-0.188199 0.122805 0.524457 -2.27752 -0.178579 -4.80366 -0.147025 0.568121 0.664198 -0.0835088 -2.00134 -3.79192 
-0.188199 0.122805 0.524457 -2.27752 -0.178579 -4.83855 -0.147025 0.568121 0.664198 -0.0835088 -2.00134 -3.82681 
-0.188199 0.122805 0.524457 -2.27752 -0.178579 -4.87344 -0.147025 0.568121 0.664198 -0.0835088 -2.00134 -3.8617 
-0.188199 0.122805 0.524457 -2.27752 -0.178579 -4.90833 -0.147025 0.568121 0.664198 -0.0835088 -2.00134 -3.89659 
-0.188199 0.122805 0.524457 -2.27752 -0.178579 -4.94322 -0.147025 0.568121 0.664198 -0.0835088 -2.00134 -3.93148 
-0.188199 0.122805 0.524457 -2.27752 -0.178579 -4.97811 -0.147025 0.568121 0.664198 -0.0835088 -2.00134 -3.96637 
-0.188199 0.122805 0.524457 -2.27752 -0.178579 -5.013 -0.147025 0.568121 0.664198 -0.0835088 -2.00134 -4.00126 
-0.188199 0.122805 0.524457 -2.27752 -0.178579 -5.04789 -0.147025 0.568121 0.664198 -0.0835088 -2.00134 -4.03615 
-0.188199 0.122805 0.524457 -2.27752 -0.178579 -5.08277 -0.147025 0.568121 0.664198 -0.0835088 -2.00134 -4.07103 
-0.188199 0.122805 0.524457 -2.27752 -0.178579 -5.11766 -0.147025 0.568121 0.664198 -0.0835088 -2.00134 -4.10592 
-0.188199 0.122805 0.524457 -2.27752 -0.178579 -5.15255 -0.147025 0.568121 0.664198 -0.0835088 -2.00134 -4.14081 
-0.188199 0.122805 0.524457 -2.27752 -0.178579 -5.18744 -0.147025 0.568121 0.664198 -0.0835088 -2.00134 -4.1757 
-0.188199 0.122805 0.524457 -2.27752 -0.178579 -5.22233 -0.147025 0.568121 0.664198 -0.0835088 -2.00134 -4.21059 
-0.188199 0.122805 0.524457 -2.27752 -0.178579 -5.25722 -0.147025 0.568121 0.664198 -0.0835088 -2.00134 -4.24548 
-0.188199 0.122805 0.524457 -2.27752 -0.178579 -5.29211 -0.147025 0.568121 0.664198 -0.0835088 -2.00134 -4.28037 
-0.188199 0.122805 0.524457 -2.27752 -0.178579 -5.327 -0.147025 0.568121 0.664198 -0.0835088 -2.00134 -4.31526 
-0.188199 0.122805 0.524457 -2.27752 -0.178579 -5.36189 -0.147025 0.568121 0.664198 -0.0835088 -2.00134 -4.35015 
-0.188199 0.122805 0.524457 -2.27752 -0.178579 -5.39677 -0.147025 0.568121 0.664198 -0.0835088 -2.00134 -4.38503 
-0.188199 0.122805 0.524457 -2.27752 -0.178579 -5.43166 -0.147025 0.568121 0.664198 -0.0835088 -2.00134 -4.41992 
-0.188199 0.122805 0.524457 -2.27752 -0.178579 -5.46655 -0.147025 0.568121 0.664198 -0.0835088 -2.00134 -4.45481 
-0.188199 0.122805 0.524457 -2.27752 -0.178579 -5.50144 -0.147025 0.568121 0.664198 -0.0835088 -2.00134 -4.4897 
-0.188199 0.122805 0.524457 -2.27752 -0.178579 -5.53633 -0.147025 0.568121 0.664198 -0.0835088 -2.00134 -4.52459 
-0.188199 0.122805 0.524457 -2.27752 -0.178579 -5.57122 -0.147025 0.568121 0.664198 -0.0835088 -2.00134 -4.55948 
-0.188199 0.122805 0.524457 -2.27752 -0.178579 -5.60611 -0.147025 0.568121 0.664198 -0.0835088 -2.00134 -4.59437 
-0.188199 0.122805 0.524457 -2.27752 -0.178579 -5.641 -0.147025 0.568121 0.664198 -0.0835088 -2.00134 -4.62926 
-0.188199 0.122805 0.524457 -2.27752 -0.178579 -5.67589 -0.147025 0.568121 0.664198 -0.0835088 -2.00134 -4.66415 
-0.188199 0.122805 0.524457 -2.27752 -0.178579 -5.71077 -0.147025 0.568121 0.664198 -0.0835088 -2.00134 -4.69903 
-0.188199 0.122805 0.524457 -2.27752 -0.178579 -5.74566 -0.147025 0.568121 0.664198 -0.0835088 -2.00134 -4.73392 
-0.188199 0.122805 0.524457 -2.27752 -0.178579 -5.78055 -0.147025 0.568121 0.664198 -0.0835088 -2.00134 -4.76881 
-0.188199 0.122805 0.524457 -2.27752 -0.178579 -5.81544 -0.147025 0.568121 0.664198 -0.0835088 -2.00134 -4.8037 
-0.188199 0.122805 0.524457 -2.27752 -0.178579 -5.85033 -0.147025 0.568121 0.664198 -0.0835088 -2.00134 -4.83859 
-0.188199 0.122805 0.524457 -2.27752 -0.178579 -5.88522 -0.147025 0.568121 0.664198 -0.0835088 -2.00134 -4.87348 
-0.188199 0.122805 0.524457 -2.27752 -0.178579 -5.92011 -0.147025 0.568121 0.664198 -0.0835088 -2.00134 -4.90837 
-0.188199 0.122805 0.524457 -2.27752 -0.178579 -5.955 -0.147025 0.568121 0.664198 -0.0835088 -2.00134 -4.94326 
-0.188199 0.122805 0.524457 -2.27752 -0.178579 -5.98989 -0.147025 0.568121 0.664198 -0.0835088 -2.00134 -4.97815 
-0.188199 0.122805 0.524457 -2.27752 -0.178579 -6.02477 -0.147025 0.568121 0.664198 -0.0835088 -2.00134 -5.01303 
-0.188199 0.122805 0.524457 -2.27752 -0.178579 -6.05966 -0.147025 0.568121 0.664198 -0.0835088 -2.00134 -5.04792 
-0.188199 0.122805 0.524457 -2.27752 -0.178579 -6.09455 -0.147025 0.568121 0.664198 -0.0835088 -2.00134 -5.08281 
-0.188199 0.122805 0.524457 -2.27752 -0.178579 -6.12944 -0.147025 0.568121 0.664198 -0.0835088 -2.00134 -5.1177 
-0.188199 0.122805 0.524457 -2.27752 -0.178579 -6.16433 -0.147025 0.568121 0.664198 -0.0835088 -2.00134 -5.15259 
-0.188199 0.122805 0.524457 -2.27752 -0.178579 -6.19922 -0.147025 0.568121 0.664198 -0.0835088 -2.00134 -5.18748 
-0.188199 0.122805 0.524457 -2.27752 -0.178579 -6.23411 -0.147025 0.568121 0.664198 -0.0835088 -2.00134 -5.22237 
-0.188199 0.122805 0.524457 -2.27752 -0.178579 -6.269 -0.147025 0.568121 0.664198 -0.0835088 -2.00134 -5.25726 
-0.188199 0.122805 0.524457 -2.27752 -0.178579 -6.30389 -0.147025 0.568121 0.664198 -0.0835088 -2.00134 -5.29215 
-0.188199 0.122805 0.524457 -2.27752 -0.178579 -6.33877 -0.147025 0.568121 0.664198 -0.0835088 -2.00134 -5.32703 
-0.188199 0.122805 0.524457 -2.27752 -0.178579 -6.37366 -0.147025 0.568121 0.664198 -0.0835088 -2.00134 -5.36192 
-0.188199 0.122805 0.524457 -2.27752 -0.178579 -6.40855 -0.147025 0.568121 0.664198 -0.0835088 -2.00134 -5.39681 
-0.188199 0.122805 0.524457 -2.27752 -0.178579 -6.44344 -0.147025 0.568121 0.664198 -0.0835088 -2.00134 -5.4317 
-0.188199 0.122805 0.524457 -2.27752 -0.178579 -6.47833 -0.147025 0.568121 0.664198 -0.0835088 -2.00134 -5.46659 
-0.188199 0.122805 0.524457 -2.27752 -0.178579 -6.51322 -0.147025 0.568121 0.664198 -0.0835088 -2.00134 -5.50148 
-0.188199 0.122805 0.524457 -2.27752 -0.178579 -6.54811 -0.147025 0.568121 0.664198 -0.0835088 -2.00134 -5.53637 
-0.188199 0.122805 0.524457 -2.27752 -0.178579 -6.583 -0.147025 0.568121 0.664198 -0.0835088 -2.00134 -5.57126 
-0.188199 0.122805 0.524457 -2.27752 -0.178579 -6.61789 -0.147025 0.568121 0.664198 -0.0835088 -2.00134 -5.60615 
-0.188199 0.122805 0.524457 -2.27752 -0.178579 -6.65277 -0.147025 0.568121 0.664198 -0.0835088 -2.00134 -5.64103 
-0.188199 0.122805 0.524457 -2.27752 -0.178579 -6.68766 -0.147025 0.568121 0.664198 -0.0835088 -2.00134 -5.67592 
-0.188199 0.122805 0.524457 -2.27752 -0.178579 -6.72255 -0.147025 0.568121 0.664198 -0.0835088 -2.00134 -5.71081 
-0.188199 0.122805 0.524457 -2.27752 -0.178579 -6.75744 -0.147025 0.568121 0.664198 -0.0835088 -2.00134 -5.7457 
-0.188199 0.122805 0.524457 -2.27752 -0.178579 -6.79233 -0.147025 0.568121 0.664198 -0.0835088 -2.00134 -5.78059 
-0.188199 0.122805 0.524457 -2.27752 -0.178579 -6.82722 -0.147025 0.568121 0.664198 -0.0835088 -2.00134 -5.81548 
-0.188199 0.122805 0.524457 -2.27752 -0.178579 -6.86211 -0.147025 0.568121 0.664198 -0.0835088 -2.00134 -5.85037 
-0.188199 0.122805 0.524457 -2.27752 -0.178579 -6.897 -0.147025 0.568121 0.664198 -0.0835088 -2.00134 -5.88526 
-0.188199 0.122805 0.524457 -2.27752 -0.178579 -6.93189 -0.147025 0.568121 0.664198 -0.0835088 -2.00134 -5.92015 
-0.188199 0.122805 0.524457 -2.27752 -0.178579 -6.897 -0.147025 0.568121 0.664198 -0.0835088 -2.00134 -5.95503 
-0.188199 0.122805 0.524457 -2.27752 -0.178579 -6.897 -0.147025 0.568121 0.664198 -0.0835088 -2.00134 -5.98992 
-0.188199 0.122805 0.524457 -2.27752 -0.178579 -6.897 -0.147025 0.568121 0.664198 -0.0835088 -2.00134 -6.02481 
-0.188199 0.122805 0.524457 -2.27752 -0.178579 -6.897 -0.147025 0.568121 0.664198 -0.0835088 -2.00134 -6.0597 
-0.188199 0.122805 0.524457 -2.27752 -0.178579 -6.897 -0.147025 0.568121 0.664198 -0.0835088 -2.00134 -6.09459 
-0.188199 0.122805 0.524457 -2.27752 -0.178579 -6.897 -0.147025 0.568121 0.664198 -0.0835088 -2.00134 -6.12948 
-0.188199 0.122805 0.524457 -2.27752 -0.178579 -6.897 -0.147025 0.568121 0.664198 -0.0835088 -2.00134 -6.16437 
-0.188199 0.122805 0.524457 -2.27752 -0.178579 -6.897 -0.147025 0.568121 0.664198 -0.0835088 -2.00134 -6.19926 
-0.188199 0.122805 0.524457 -2.27752 -0.178579 -6.897 -0.147025 0.568121 0.664198 -0.0835088 -2.00134 -6.23415 
-0.188199 0.122805 0.524457 -2.27752 -0.178579 -6.897 -0.147025 0.568121 0.664198 -0.0835088 -2.00134 -6.26903 
-0.188199 0.122805 0.524457 -2.27752 -0.178579 -6.897 -0.147025 0.568121 0.664198 -0.0835088 -2.00134 -6.30392 
-0.188199 0.122805 0.524457 -2.27752 -0.178579 -6.897 -0.147025 0.568121 0.664198 -0.0835088 -2.00134 -6.33881 
-0.188199 0.122805 0.524457 -2.27752 -0.178579 -6.897 -0.147025 0.568121 0.664198 -0.0835088 -2.00134 -6.3737 
-0.188199 0.122805 0.524457 -2.27752 -0.178579 -6.897 -0.147025 0.568121 0.664198 -0.0835088 -2.00134 -6.40859 
-0.188199 0.122805 0.524457 -2.27752 -0.178579 -6.897 -0.147025 0.568121 0.664198 -0.0835088 -2.00134 -6.44348 
-0.188199 0.122805 0.524457 -2.27752 -0.178579 -6.897 -0.147025 0.568121 0.664198 -0.0835088 -2.00134 -6.47837 
-0.188199 0.122805 0.524457 -2.27752 -0.178579 -6.897 -0.147025 0.568121 0.664198 -0.0835088 -2.00134 -6.51326 
-0.188199 0.122805 0.524457 -2.27752 -0.178579 -6.897 -0.147025 0.568121 0.664198 -0.0835088 -2.00134 -6.54815 
-0.188199 0.122805 0.524457 -2.27752 -0.178579 -6.897 -0.147025 0.568121 0.664198 -0.0835088 -2.00134 -6.58303 
-0.188199 0.122805 0.524457 -2.27752 -0.178579 -6.897 -0.147025 0.568121 0.664198 -0.0835088 -2.00134 -6.61792 
-0.188199 0.122805 0.524457 -2.27752 -0.178579 -6.897 -0.147025 0.568121 0.664198 -0.0835088 -2.00134 -6.65281 
-0.188199 0.122805 0.524457 -2.27752 -0.178579 -6.897 -0.147025 0.568121 0.664198 -0.0835088 -2.00134 -6.6877 
-0.188199 0.122805 0.524457 -2.27752 -0.178579 -6.897 -0.147025 0.568121 0.664198 -0.0835088 -2.00134 -6.72259 
-0.188199 0.122805 0.524457 -2.27752 -0.178579 -6.897 -0.147025 0.568121 0.664198 -0.0835088 -2.00134 -6.75748 
-0.188199 0.122805 0.524457 -2.27752 -0.178579 -6.897 -0.147025 0.568121 0.664198 -0.0835088 -2.00134 -6.79237 
-0.188199 0.122805 0.524457 -2.27752 -0.178579 -6.897 -0.147025 0.568121 0.664198 -0.0835088 -2.00134 -6.82726 
-0.188199 0.122805 0.524457 -2.27752 -0.178579 -6.897 -0.147025 0.568121 0.664198 -0.0835088 -2.00134 -6.86215 
-0.188199 0.122805 0.524457 -2.27752 -0.178579 -6.897 -0.147025 0.568121 0.664198 -0.0835088 -2.00134 -6.89703 
-0.188199 0.122805 0.524457 -2.27752 -0.178579 -6.897 -0.147025 0.568121 0.664198 -0.0835088 -2.00134 -6.93192 

