75
0,0.264091,-0.140898,-0,-1.69399,2.98452,0.0318262,0.256964,-0.125467,-0.00299456,-1.71539,2.89749,
0.022042,0.263748,-0.137324,0.0307292,-1.69464,2.94409,0.0283322,0.200048,-0.0677896,-0.0271412,-1.66502,2.88609,
0.0440841,0.263405,-0.13375,0.0614584,-1.69529,2.90366,0.0265711,0.145228,-0.0145255,-0.0495966,-1.61307,2.87292,
0.0661261,0.263062,-0.130177,0.0921876,-1.69594,2.86323,0.0268146,0.0923193,0.0350725,-0.0699947,-1.56003,2.8577,
0.0881681,0.262719,-0.126603,0.122917,-1.69659,2.8228,0.0293467,0.0412069,0.0816322,-0.087924,-1.50634,2.84006,
0.11021,0.262375,-0.123029,0.153646,-1.69724,2.78237,0.0344612,-0.00816924,0.125701,-0.10291,-1.45241,2.81952,
0.132252,0.262032,-0.119455,0.184375,-1.69789,2.74194,0.0424568,-0.0558222,0.167759,-0.114395,-1.39866,2.79554,
0.154294,0.261689,-0.115881,0.215104,-1.69854,2.7015,0.0536295,-0.10172,0.208227,-0.121732,-1.34555,2.76747,
0.176336,0.261346,-0.112307,0.245834,-1.69919,2.66107,0.0682618,-0.145785,0.247469,-0.124171,-1.29358,2.73459,
0.198378,0.261003,-0.108734,0.276563,-1.69984,2.62064,0.0866068,-0.187892,0.285793,-0.120875,-1.24337,2.69615,
0.22042,0.26066,-0.10516,0.307292,-1.70049,2.58021,0.108867,-0.227864,0.323452,-0.110944,-1.19565,2.65136,
0.242462,0.260317,-0.101586,0.338021,-1.70114,2.53978,0.135169,-0.265472,0.360643,-0.0934788,-1.15134,2.59955,
0.264504,0.259974,-0.0980121,0.368751,-1.70179,2.49935,0.165526,-0.300434,0.397507,-0.067693,-1.11157,2.54022,
0.286546,0.259631,-0.0944383,0.39948,-1.70244,2.45892,0.199809,-0.332416,0.434124,-0.0330747,-1.07766,2.47328,
0.308588,0.259288,-0.0908645,0.430209,-1.70309,2.41849,0.237712,-0.361039,0.470522,0.0104058,-1.05108,2.3992,
0.33063,0.258944,-0.0872906,0.460938,-1.70374,2.37806,0.278726,-0.385888,0.506667,0.0620918,-1.03333,2.31931,
0.352672,0.258601,-0.0837168,0.491667,-1.70439,2.33763,0.322139,-0.406529,0.542472,0.120524,-1.02575,2.23582,
0.374714,0.258258,-0.080143,0.522397,-1.70504,2.2972,0.367048,-0.422521,0.577796,0.183511,-1.02929,2.15177,
0.396756,0.257915,-0.0765692,0.553126,-1.70569,2.25677,0.412418,-0.433442,0.612444,0.248434,-1.0443,2.07071,
0.418799,0.257572,-0.0729954,0.583855,-1.70634,2.21633,0.457144,-0.438904,0.646173,0.312709,-1.07044,1.99617,
0.440841,0.257229,-0.0694215,0.614584,-1.70699,2.1759,0.500142,-0.438569,0.678695,0.37424,-1.10669,1.93118,
0.462883,0.256886,-0.0658477,0.645313,-1.70764,2.13547,0.54043,-0.432166,0.709684,0.431694,-1.15153,1.87793,
0.484925,0.256543,-0.0622739,0.676043,-1.70829,2.09504,0.577192,-0.419499,0.738783,0.484545,-1.20316,1.83773,
0.506967,0.2562,-0.0587001,0.706772,-1.70894,2.05461,0.609817,-0.40046,0.765611,0.532933,-1.25965,1.81106,
0.529009,0.255856,-0.0551262,0.737501,-1.70959,2.01418,0.637906,-0.375043,0.789779,0.577436,-1.31915,1.79784,
0.551051,0.255513,-0.0515524,0.76823,-1.71024,1.97375,0.661261,-0.343357,0.810905,0.618854,-1.37991,1.79756,
0.573093,0.25517,-0.0479786,0.798959,-1.71089,1.93332,0.679855,-0.305637,0.828628,0.658022,-1.44034,1.80944,
0.595135,0.254827,-0.0444048,0.829689,-1.71154,1.89289,0.693797,-0.262263,0.842629,0.695681,-1.49898,1.83255,
0.617177,0.254484,-0.0408309,0.860418,-1.71219,1.85246,0.703296,-0.213757,0.852651,0.732388,-1.55456,1.86582,
0.639219,0.254141,-0.0372571,0.891147,-1.71284,1.81203,0.708626,-0.16078,0.858515,0.768464,-1.60595,1.90807,
0.661261,0.253798,-0.0336833,0.921876,-1.71349,1.7716,0.710103,-0.104108,0.860131,0.803963,-1.6522,1.958,
0.683303,0.253455,-0.0301095,0.952606,-1.71414,1.73117,0.70806,-0.0445965,0.857507,0.838681,-1.69258,2.01425,
0.705345,0.253112,-0.0265357,0.983335,-1.71479,1.69073,0.702833,0.0168645,0.850744,0.872185,-1.72658,2.07536,
0.727387,0.252769,-0.0229618,1.01406,-1.71544,1.6503,0.694751,0.0793996,0.840032,0.90387,-1.75395,2.13989,
0.749429,0.252425,-0.019388,1.04479,-1.71609,1.60987,0.684125,0.142194,0.825632,0.933034,-1.77468,2.20644,
0.771471,0.252082,-0.0158142,1.07552,-1.71674,1.56944,0.671245,0.20453,0.807857,0.958963,-1.78897,2.27373,
0.793513,0.251739,-0.0122404,1.10625,-1.71739,1.52901,0.656374,0.265809,0.787054,0.981003,-1.79721,2.34069,
0.815555,0.251396,-0.00866653,1.13698,-1.71804,1.48858,0.639751,0.325562,0.763586,0.998607,-1.79992,2.40643,
0.837597,0.251053,-0.00509271,1.16771,-1.71869,1.44815,0.621588,0.383451,0.737807,1.01137,-1.79768,2.47034,
0.830633,0.261238,-0.0481743,1.19254,-1.7122,1.42729,0.696667,0.29114,0.717277,1.10922,-1.69888,2.38174,
0.823669,0.271424,-0.0912558,1.21738,-1.70571,1.40642,0.759347,0.219834,0.677997,1.20417,-1.6233,2.29183,
0.816705,0.281609,-0.134337,1.24221,-1.69922,1.38556,0.810894,0.167294,0.625914,1.29439,-1.56848,2.20574,
0.80974,0.291795,-0.177419,1.26704,-1.69273,1.36469,0.852978,0.130046,0.565875,1.37829,-1.53051,2.1263,
0.802776,0.30198,-0.2205,1.29188,-1.68624,1.34383,0.887297,0.104481,0.501562,1.45497,-1.50543,2.05466,
0.795812,0.312165,-0.263582,1.31671,-1.67975,1.32296,0.915391,0.0874042,0.435649,1.52421,-1.48985,1.99089,
0.788848,0.322351,-0.306664,1.34154,-1.67326,1.3021,0.93857,0.0762019,0.370015,1.58623,-1.48103,1.93447,
0.781884,0.332536,-0.349745,1.36638,-1.66677,1.28123,0.957907,0.068828,0.305943,1.64155,-1.4769,1.88463,
0.77492,0.342721,-0.392827,1.39121,-1.66028,1.26037,0.974256,0.0637198,0.24427,1.69081,-1.47591,1.84051,
0.767956,0.352907,-0.435908,1.41604,-1.65379,1.23951,0.988286,0.0597068,0.1855,1.7347,-1.47691,1.80124,
0.760992,0.363092,-0.47899,1.44088,-1.6473,1.21864,1.0005,0.0559315,0.129878,1.77391,-1.47905,1.76601,
0.754028,0.373278,-0.522071,1.46571,-1.64081,1.19778,1.01129,0.0517883,0.0774423,1.80913,-1.48171,1.73406,
0.747063,0.383463,-0.565153,1.49054,-1.63433,1.17691,1.02091,0.0468777,0.0280527,1.84098,-1.48445,1.70468,
0.740099,0.393648,-0.608234,1.51538,-1.62784,1.15605,1.02953,0.0409743,-0.0185831,1.87009,-1.48697,1.67722,
0.733135,0.403834,-0.651316,1.54021,-1.62135,1.13518,1.03724,0.0340033,-0.0628978,1.89706,-1.48907,1.65108,
0.726171,0.414019,-0.694398,1.56504,-1.61486,1.11432,1.04406,0.0260258,-0.105455,1.92244,-1.49065,1.62569,
0.719207,0.424204,-0.737479,1.58988,-1.60837,1.09345,1.04992,0.0172282,-0.146943,1.94683,-1.49167,1.6005,
0.712243,0.43439,-0.780561,1.61471,-1.60188,1.07259,1.0547,0.00791668,-0.188173,1.97078,-1.49216,1.57496,
0.705279,0.444575,-0.823642,1.63954,-1.59539,1.05173,1.05819,-0.00148372,-0.230084,1.99489,-1.49221,1.54858,
0.698314,0.454761,-0.866724,1.66438,-1.5889,1.03086,1.06009,-0.0104249,-0.273748,2.01978,-1.49197,1.52081,
0.69135,0.464946,-0.909805,1.68921,-1.58241,1.01,1.06001,-0.0182232,-0.320401,2.04616,-1.49166,1.49112,
0.684386,0.475131,-0.952887,1.71404,-1.57592,0.989132,1.05741,-0.0240342,-0.371485,2.07477,-1.49159,1.45893,
0.677422,0.485317,-0.995968,1.73888,-1.56943,0.968267,1.05162,-0.0268031,-0.428743,2.10653,-1.49224,1.42359,
0.670458,0.495502,-1.03905,1.76371,-1.56294,0.947403,1.04175,-0.0251682,-0.4944,2.14248,-1.49429,1.3843,
0.681609,0.504703,-1.04054,1.78628,-1.58035,0.952368,1.02854,0.03226,-0.565368,2.14975,-1.51761,1.35412,
0.692761,0.513905,-1.04204,1.80885,-1.59776,0.957333,1.01268,0.0861007,-0.630294,2.15571,-1.53366,1.32516,
0.703912,0.523107,-1.04353,1.83142,-1.61517,0.962297,0.994802,0.136458,-0.689355,2.16053,-1.54321,1.29758,
0.715063,0.532308,-1.04503,1.85399,-1.63258,0.967262,0.97534,0.183502,-0.742857,2.16441,-1.54692,1.27145,
0.726215,0.541509,-1.04652,1.87656,-1.64999,0.972227,0.954583,0.227488,-0.791276,2.16755,-1.54539,1.24675,
0.737366,0.550711,-1.04801,1.89914,-1.6674,0.977191,0.932727,0.268778,-0.835308,2.17012,-1.53922,1.22337,
0.748517,0.559913,-1.04951,1.92171,-1.68481,0.982156,0.909906,0.307875,-0.87592,2.17232,-1.52905,1.20104,
0.759669,0.569114,-1.051,1.94428,-1.70222,0.987121,0.886214,0.345451,-0.914418,2.17434,-1.5156,1.17939,
0.77082,0.578315,-1.0525,1.96685,-1.71963,0.992086,0.861713,0.382402,-0.95254,2.17639,-1.49968,1.15783,
0.781971,0.587517,-1.05399,1.98942,-1.73704,0.99705,0.836448,0.419951,-0.992657,2.17877,-1.48226,1.13552,
0.793123,0.596719,-1.05549,2.01199,-1.75445,1.00202,0.810454,0.459909,-1.03826,2.18189,-1.46464,1.11116,
0.804274,0.60592,-1.05698,2.03456,-1.77186,1.00698,0.783754,0.505476,-1.09545,2.18637,-1.44884,1.08244,

