0 0.264091 -0.140898 -0 -1.69399 2.98452 0.0318262 0.256964 -0.125467 -0.00299456 -1.71539 2.89749 
0.0680673 0.22231 -0.0931062 0.0563285 -1.70409 2.91135 -0.0167782 0.194206 -0.107264 -0.0572062 -1.56636 2.93145 
0.136135 0.180529 -0.0453143 0.112657 -1.71418 2.83819 -0.0559191 0.146066 -0.105299 -0.115449 -1.42452 2.95949 
0.204202 0.138747 0.00247754 0.168985 -1.72428 2.76502 -0.0825942 0.108413 -0.110487 -0.173679 -1.29299 2.97798 
0.272269 0.0969662 0.0502694 0.225314 -1.73437 2.69185 -0.0945349 0.0772948 -0.114852 -0.226366 -1.17294 2.98182 
0.340337 0.055185 0.0980612 0.281642 -1.74447 2.61869 -0.0902654 0.0496333 -0.112156 -0.26607 -1.06439 2.96467 
0.408404 0.0134038 0.145853 0.337971 -1.75457 2.54552 -0.069133 0.0238522 -0.0985381 -0.283299 -0.967322 2.91913 
0.476471 -0.0283773 0.193645 0.394299 -1.76466 2.47235 -0.0314191 0.000232635 -0.0729329 -0.266986 -0.883193 2.83754 
0.544538 -0.0701585 0.241437 0.450628 -1.77476 2.39918 0.021449 -0.0191159 -0.0370461 -0.206689 -0.816633 2.71411 
0.612606 -0.11194 0.289229 0.506956 -1.78486 2.32602 0.0866985 -0.0307039 0.00511751 -0.0981285 -0.776026 2.55018 
0.680673 -0.153721 0.33702 0.563285 -1.79495 2.25285 0.160254 -0.0304614 0.0480187 0.0491245 -0.77088 2.36135 
0.74874 -0.195502 0.384812 0.619613 -1.80505 2.17968 0.23722 -0.0147499 0.0854567 0.211336 -0.805579 2.17699 
0.816808 -0.237283 0.432604 0.675942 -1.81514 2.10652 0.312746 0.0186052 0.111463 0.364678 -0.874698 2.02546 
0.884875 -0.279064 0.480396 0.73227 -1.82524 2.03335 0.382913 0.0695209 0.121197 0.498714 -0.9651 1.91985 
0.952942 -0.320846 0.528188 0.788598 -1.83534 1.96018 0.445245 0.135371 0.111782 0.615229 -1.06175 1.85869 
1.02101 -0.362627 0.57598 0.844927 -1.84543 1.88702 0.498698 0.211339 0.0829253 0.720309 -1.15198 1.83378 
1.08908 -0.404408 0.623772 0.901255 -1.85553 1.81385 0.543289 0.291251 0.0371946 0.81915 -1.22707 1.83589 
1.15714 -0.446189 0.671563 0.957584 -1.86562 1.74068 0.579611 0.368463 -0.0200887 0.914603 -1.28232 1.85723 
1.22521 -0.48797 0.719355 1.01391 -1.87572 1.66752 0.608409 0.436447 -0.0811976 1.00751 -1.31609 1.89242 
1.29328 -0.529752 0.767147 1.07024 -1.88582 1.59435 0.630252 0.489016 -0.136534 1.09741 -1.32846 1.93862 
1.36135 -0.571533 0.814939 1.12657 -1.89591 1.52118 0.645321 0.520469 -0.175527 1.18293 -1.31987 1.99524 
1.42941 -0.613314 0.862731 1.1829 -1.90601 1.44801 0.653225 0.526076 -0.188255 1.26177 -1.28996 2.06294 
1.49748 -0.655095 0.910523 1.23923 -1.91611 1.37485 0.65282 0.503015 -0.167784 1.33061 -1.23704 2.14237 
1.56555 -0.696876 0.958314 1.29555 -1.9262 1.30168 0.641973 0.451316 -0.112219 1.38496 -1.15832 2.23321 
1.63362 -0.738658 1.00611 1.35188 -1.9363 1.22851 0.617203 0.374104 -0.0251039 1.41908 -1.05044 2.33464 
1.70168 -0.780439 1.0539 1.40821 -1.94639 1.15535 0.5732 0.277248 0.085862 1.42496 -0.909866 2.44793 
1.76975 -0.82222 1.10169 1.46454 -1.95649 1.08218 0.502329 0.169336 0.210408 1.38702 -0.732883 2.58327 
1.69587 -0.733716 0.996583 1.53834 -1.92644 1.08538 0.518385 0.198743 0.0606878 1.6631 -0.711006 2.33869 
1.62199 -0.645211 0.891477 1.61214 -1.89639 1.08858 0.521464 0.238732 -0.0795023 1.89613 -0.721968 2.13732 
1.54811 -0.556707 0.78637 1.68593 -1.86633 1.09179 0.516059 0.281295 -0.203858 2.08236 -0.749077 1.98291 
1.47423 -0.468202 0.681263 1.75973 -1.83628 1.09499 0.505526 0.321086 -0.308035 2.22765 -0.78101 1.86954 
1.40035 -0.379698 0.576156 1.83353 -1.80623 1.09819 0.492337 0.354507 -0.389082 2.34005 -0.810879 1.7891 
1.32647 -0.291194 0.47105 1.90733 -1.77618 1.10139 0.478326 0.379366 -0.445529 2.42671 -0.834957 1.73445 
1.25259 -0.202689 0.365943 1.98112 -1.74613 1.10459 0.464878 0.394857 -0.477744 2.49322 -0.851824 1.70005 
1.17871 -0.114185 0.260836 2.05492 -1.71608 1.10779 0.453063 0.401525 -0.488107 2.54384 -0.861796 1.68178 
1.10483 -0.0256803 0.15573 2.12872 -1.68602 1.111 0.443716 0.401018 -0.480655 2.5819 -0.866378 1.67671 
1.03095 0.0628241 0.0506229 2.20252 -1.65597 1.1142 0.437481 0.395623 -0.460279 2.61004 -0.86764 1.68282 
0.957075 0.151329 -0.0544838 2.27631 -1.62592 1.1174 0.434819 0.387807 -0.431911 2.63052 -0.867647 1.69881 
0.883196 0.239833 -0.15959 2.35011 -1.59587 1.1206 0.436 0.379919 -0.399988 2.64538 -0.86807 1.72383 
0.809316 0.328337 -0.264697 2.42391 -1.56582 1.1238 0.441074 0.374049 -0.368244 2.65653 -0.86998 1.7572 
0.735437 0.416842 -0.369804 2.49771 -1.53577 1.127 0.449846 0.371995 -0.339704 2.66585 -0.873781 1.7983 
0.661557 0.505346 -0.474911 2.5715 -1.50571 1.13021 0.461861 0.375243 -0.316744 2.67505 -0.879233 1.84641 
0.587678 0.593851 -0.580017 2.6453 -1.47566 1.13341 0.476429 0.384944 -0.301153 2.68563 -0.885528 1.90079 
0.513798 0.682355 -0.685124 2.7191 -1.44561 1.13661 0.492679 0.401879 -0.29416 2.69864 -0.891415 1.9607 
0.513798 0.682355 -0.685124 2.7191 -1.44561 1.10172 0.492679 0.401879 -0.29416 2.69864 -0.891415 1.92581 
0.513798 0.682355 -0.685124 2.7191 -1.44561 1.06683 0.492679 0.401879 -0.29416 2.69864 -0.891415 1.89092 
0.513798 0.682355 -0.685124 2.7191 -1.44561 1.03194 0.492679 0.401879 -0.29416 2.69864 -0.891415 1.85603 
0.513798 0.682355 -0.685124 2.7191 -1.44561 0.997054 0.492679 0.401879 -0.29416 2.69864 -0.891415 1.82114 
0.513798 0.682355 -0.685124 2.7191 -1.44561 0.962166 0.492679 0.401879 -0.29416 2.69864 -0.891415 1.78626 
0.513798 0.682355 -0.685124 2.7191 -1.44561 0.927277 0.492679 0.401879 -0.29416 2.69864 -0.891415 1.75137 
0.513798 0.682355 -0.685124 2.7191 -1.44561 0.892388 0.492679 0.401879 -0.29416 2.69864 -0.891415 1.71648 
0.513798 0.682355 -0.685124 2.7191 -1.44561 0.857499 0.492679 0.401879 -0.29416 2.69864 -0.891415 1.68159 
0.513798 0.682355 -0.685124 2.7191 -1.44561 0.82261 0.492679 0.401879 -0.29416 2.69864 -0.891415 1.6467 
0.513798 0.682355 -0.685124 2.7191 -1.44561 0.787721 0.492679 0.401879 -0.29416 2.69864 -0.891415 1.61181 
0.513798 0.682355 -0.685124 2.7191 -1.44561 0.752832 0.492679 0.401879 -0.29416 2.69864 -0.891415 1.57692 
0.513798 0.682355 -0.685124 2.7191 -1.44561 0.717943 0.492679 0.401879 -0.29416 2.69864 -0.891415 1.54203 
0.513798 0.682355 -0.685124 2.7191 -1.44561 0.683054 0.492679 0.401879 -0.29416 2.69864 -0.891415 1.50714 
0.513798 0.682355 -0.685124 2.7191 -1.44561 0.648166 0.492679 0.401879 -0.29416 2.69864 -0.891415 1.47226 
0.513798 0.682355 -0.685124 2.7191 -1.44561 0.613277 0.492679 0.401879 -0.29416 2.69864 -0.891415 1.43737 
0.513798 0.682355 -0.685124 2.7191 -1.44561 0.578388 0.492679 0.401879 -0.29416 2.69864 -0.891415 1.40248 
0.513798 0.682355 -0.685124 2.7191 -1.44561 0.543499 0.492679 0.401879 -0.29416 2.69864 -0.891415 1.36759 
0.513798 0.682355 -0.685124 2.7191 -1.44561 0.50861 0.492679 0.401879 -0.29416 2.69864 -0.891415 1.3327 
0.513798 0.682355 -0.685124 2.7191 -1.44561 0.473721 0.492679 0.401879 -0.29416 2.69864 -0.891415 1.29781 
0.513798 0.682355 -0.685124 2.7191 -1.44561 0.438832 0.492679 0.401879 -0.29416 2.69864 -0.891415 1.26292 
0.513798 0.682355 -0.685124 2.7191 -1.44561 0.403943 0.492679 0.401879 -0.29416 2.69864 -0.891415 1.22803 
0.513798 0.682355 -0.685124 2.7191 -1.44561 0.369054 0.492679 0.401879 -0.29416 2.69864 -0.891415 1.19314 
0.513798 0.682355 -0.685124 2.7191 -1.44561 0.334166 0.492679 0.401879 -0.29416 2.69864 -0.891415 1.15826 
0.513798 0.682355 -0.685124 2.7191 -1.44561 0.299277 0.492679 0.401879 -0.29416 2.69864 -0.891415 1.12337 
0.513798 0.682355 -0.685124 2.7191 -1.44561 0.264388 0.492679 0.401879 -0.29416 2.69864 -0.891415 1.08848 
0.513798 0.682355 -0.685124 2.7191 -1.44561 0.229499 0.492679 0.401879 -0.29416 2.69864 -0.891415 1.05359 
0.513798 0.682355 -0.685124 2.7191 -1.44561 0.19461 0.492679 0.401879 -0.29416 2.69864 -0.891415 1.0187 
0.513798 0.682355 -0.685124 2.7191 -1.44561 0.159721 0.492679 0.401879 -0.29416 2.69864 -0.891415 0.983811 
0.513798 0.682355 -0.685124 2.7191 -1.44561 0.124832 0.492679 0.401879 -0.29416 2.69864 -0.891415 0.948922 
0.513798 0.682355 -0.685124 2.7191 -1.44561 0.0899433 0.492679 0.401879 -0.29416 2.69864 -0.891415 0.914033 
0.513798 0.682355 -0.685124 2.7191 -1.44561 0.0550544 0.492679 0.401879 -0.29416 2.69864 -0.891415 0.879144 
0.513798 0.682355 -0.685124 2.7191 -1.44561 0.0201656 0.492679 0.401879 -0.29416 2.69864 -0.891415 0.844256 
0.513798 0.682355 -0.685124 2.7191 -1.44561 -0.0147233 0.492679 0.401879 -0.29416 2.69864 -0.891415 0.809367 
0.513798 0.682355 -0.685124 2.7191 -1.44561 -0.0496122 0.492679 0.401879 -0.29416 2.69864 -0.891415 0.774478 
0.513798 0.682355 -0.685124 2.7191 -1.44561 -0.0845011 0.492679 0.401879 -0.29416 2.69864 -0.891415 0.739589 
0.513798 0.682355 -0.685124 2.7191 -1.44561 -0.11939 0.492679 0.401879 -0.29416 2.69864 -0.891415 0.7047 
0.513798 0.682355 -0.685124 2.7191 -1.44561 -0.154279 0.492679 0.401879 -0.29416 2.69864 -0.891415 0.669811 
0.513798 0.682355 -0.685124 2.7191 -1.44561 -0.189168 0.492679 0.401879 -0.29416 2.69864 -0.891415 0.634922 
0.513798 0.682355 -0.685124 2.7191 -1.44561 -0.224057 0.492679 0.401879 -0.29416 2.69864 -0.891415 0.600033 
0.513798 0.682355 -0.685124 2.7191 -1.44561 -0.258946 0.492679 0.401879 -0.29416 2.69864 -0.891415 0.565144 
0.513798 0.682355 -0.685124 2.7191 -1.44561 -0.293834 0.492679 0.401879 -0.29416 2.69864 -0.891415 0.530256 
0.513798 0.682355 -0.685124 2.7191 -1.44561 -0.328723 0.492679 0.401879 -0.29416 2.69864 -0.891415 0.495367 
0.513798 0.682355 -0.685124 2.7191 -1.44561 -0.363612 0.492679 0.401879 -0.29416 2.69864 -0.891415 0.460478 
0.513798 0.682355 -0.685124 2.7191 -1.44561 -0.398501 0.492679 0.401879 -0.29416 2.69864 -0.891415 0.425589 
0.513798 0.682355 -0.685124 2.7191 -1.44561 -0.43339 0.492679 0.401879 -0.29416 2.69864 -0.891415 0.3907 
0.513798 0.682355 -0.685124 2.7191 -1.44561 -0.468279 0.492679 0.401879 -0.29416 2.69864 -0.891415 0.355811 
0.513798 0.682355 -0.685124 2.7191 -1.44561 -0.503168 0.492679 0.401879 -0.29416 2.69864 -0.891415 0.320922 
0.513798 0.682355 -0.685124 2.7191 -1.44561 -0.538057 0.492679 0.401879 -0.29416 2.69864 -0.891415 0.286033 
0.513798 0.682355 -0.685124 2.7191 -1.44561 -0.572946 0.492679 0.401879 -0.29416 2.69864 -0.891415 0.251144 
0.513798 0.682355 -0.685124 2.7191 -1.44561 -0.607834 0.492679 0.401879 -0.29416 2.69864 -0.891415 0.216256 
0.513798 0.682355 -0.685124 2.7191 -1.44561 -0.642723 0.492679 0.401879 -0.29416 2.69864 -0.891415 0.181367 
0.513798 0.682355 -0.685124 2.7191 -1.44561 -0.677612 0.492679 0.401879 -0.29416 2.69864 -0.891415 0.146478 
0.513798 0.682355 -0.685124 2.7191 -1.44561 -0.712501 0.492679 0.401879 -0.29416 2.69864 -0.891415 0.111589 
0.513798 0.682355 -0.685124 2.7191 -1.44561 -0.74739 0.492679 0.401879 -0.29416 2.69864 -0.891415 0.0767 
0.513798 0.682355 -0.685124 2.7191 -1.44561 -0.782279 0.492679 0.401879 -0.29416 2.69864 -0.891415 0.0418111 
0.513798 0.682355 -0.685124 2.7191 -1.44561 -0.817168 0.492679 0.401879 -0.29416 2.69864 -0.891415 0.00692222 
0.513798 0.682355 -0.685124 2.7191 -1.44561 -0.852057 0.492679 0.401879 -0.29416 2.69864 -0.891415 -0.0279667 
0.513798 0.682355 -0.685124 2.7191 -1.44561 -0.886946 0.492679 0.401879 -0.29416 2.69864 -0.891415 -0.0628556 
0.513798 0.682355 -0.685124 2.7191 -1.44561 -0.921834 0.492679 0.401879 -0.29416 2.69864 -0.891415 -0.0977444 
0.513798 0.682355 -0.685124 2.7191 -1.44561 -0.956723 0.492679 0.401879 -0.29416 2.69864 -0.891415 -0.132633 
0.513798 0.682355 -0.685124 2.7191 -1.44561 -0.991612 0.492679 0.401879 -0.29416 2.69864 -0.891415 -0.167522 
0.513798 0.682355 -0.685124 2.7191 -1.44561 -1.0265 0.492679 0.401879 -0.29416 2.69864 -0.891415 -0.202411 
0.513798 0.682355 -0.685124 2.7191 -1.44561 -1.06139 0.492679 0.401879 -0.29416 2.69864 -0.891415 -0.2373 
0.513798 0.682355 -0.685124 2.7191 -1.44561 -1.09628 0.492679 0.401879 -0.29416 2.69864 -0.891415 -0.272189 
0.513798 0.682355 -0.685124 2.7191 -1.44561 -1.13117 0.492679 0.401879 -0.29416 2.69864 -0.891415 -0.307078 
0.513798 0.682355 -0.685124 2.7191 -1.44561 -1.16606 0.492679 0.401879 -0.29416 2.69864 -0.891415 -0.341967 
0.513798 0.682355 -0.685124 2.7191 -1.44561 -1.20095 0.492679 0.401879 -0.29416 2.69864 -0.891415 -0.376856 
0.513798 0.682355 -0.685124 2.7191 -1.44561 -1.23583 0.492679 0.401879 -0.29416 2.69864 -0.891415 -0.411744 
0.513798 0.682355 -0.685124 2.7191 -1.44561 -1.27072 0.492679 0.401879 -0.29416 2.69864 -0.891415 -0.446633 
0.513798 0.682355 -0.685124 2.7191 -1.44561 -1.30561 0.492679 0.401879 -0.29416 2.69864 -0.891415 -0.481522 
0.513798 0.682355 -0.685124 2.7191 -1.44561 -1.3405 0.492679 0.401879 -0.29416 2.69864 -0.891415 -0.516411 
0.513798 0.682355 -0.685124 2.7191 -1.44561 -1.37539 0.492679 0.401879 -0.29416 2.69864 -0.891415 -0.5513 
0.513798 0.682355 -0.685124 2.7191 -1.44561 -1.41028 0.492679 0.401879 -0.29416 2.69864 -0.891415 -0.586189 
0.513798 0.682355 -0.685124 2.7191 -1.44561 -1.44517 0.492679 0.401879 -0.29416 2.69864 -0.891415 -0.621078 
0.513798 0.682355 -0.685124 2.7191 -1.44561 -1.48006 0.492679 0.401879 -0.29416 2.69864 -0.891415 -0.655967 
0.513798 0.682355 -0.685124 2.7191 -1.44561 -1.51495 0.492679 0.401879 -0.29416 2.69864 -0.891415 -0.690856 
0.513798 0.682355 -0.685124 2.7191 -1.44561 -1.54983 0.492679 0.401879 -0.29416 2.69864 -0.891415 -0.725744 
0.513798 0.682355 -0.685124 2.7191 -1.44561 -1.58472 0.492679 0.401879 -0.29416 2.69864 -0.891415 -0.760633 
0.513798 0.682355 -0.685124 2.7191 -1.44561 -1.61961 0.492679 0.401879 -0.29416 2.69864 -0.891415 -0.795522 
0.513798 0.682355 -0.685124 2.7191 -1.44561 -1.6545 0.492679 0.401879 -0.29416 2.69864 -0.891415 -0.830411 
0.513798 0.682355 -0.685124 2.7191 -1.44561 -1.68939 0.492679 0.401879 -0.29416 2.69864 -0.891415 -0.8653 
0.513798 0.682355 -0.685124 2.7191 -1.44561 -1.72428 0.492679 0.401879 -0.29416 2.69864 -0.891415 -0.900189 
0.513798 0.682355 -0.685124 2.7191 -1.44561 -1.75917 0.492679 0.401879 -0.29416 2.69864 -0.891415 -0.935078 
0.513798 0.682355 -0.685124 2.7191 -1.44561 -1.79406 0.492679 0.401879 -0.29416 2.69864 -0.891415 -0.969967 
0.513798 0.682355 -0.685124 2.7191 -1.44561 -1.82895 0.492679 0.401879 -0.29416 2.69864 -0.891415 -1.00486 
0.513798 0.682355 -0.685124 2.7191 -1.44561 -1.86383 0.492679 0.401879 -0.29416 2.69864 -0.891415 -1.03974 
0.513798 0.682355 -0.685124 2.7191 -1.44561 -1.89872 0.492679 0.401879 -0.29416 2.69864 -0.891415 -1.07463 
0.513798 0.682355 -0.685124 2.7191 -1.44561 -1.93361 0.492679 0.401879 -0.29416 2.69864 -0.891415 -1.10952 
0.513798 0.682355 -0.685124 2.7191 -1.44561 -1.9685 0.492679 0.401879 -0.29416 2.69864 -0.891415 -1.14441 
0.513798 0.682355 -0.685124 2.7191 -1.44561 -2.00339 0.492679 0.401879 -0.29416 2.69864 -0.891415 -1.1793 
0.513798 0.682355 -0.685124 2.7191 -1.44561 -2.03828 0.492679 0.401879 -0.29416 2.69864 -0.891415 -1.21419 
0.513798 0.682355 -0.685124 2.7191 -1.44561 -2.07317 0.492679 0.401879 -0.29416 2.69864 -0.891415 -1.24908 
0.513798 0.682355 -0.685124 2.7191 -1.44561 -2.10806 0.492679 0.401879 -0.29416 2.69864 -0.891415 -1.28397 
0.513798 0.682355 -0.685124 2.7191 -1.44561 -2.14295 0.492679 0.401879 -0.29416 2.69864 -0.891415 -1.31886 
0.513798 0.682355 -0.685124 2.7191 -1.44561 -2.17783 0.492679 0.401879 -0.29416 2.69864 -0.891415 -1.35374 
0.513798 0.682355 -0.685124 2.7191 -1.44561 -2.21272 0.492679 0.401879 -0.29416 2.69864 -0.891415 -1.38863 
0.513798 0.682355 -0.685124 2.7191 -1.44561 -2.24761 0.492679 0.401879 -0.29416 2.69864 -0.891415 -1.42352 
0.513798 0.682355 -0.685124 2.7191 -1.44561 -2.2825 0.492679 0.401879 -0.29416 2.69864 -0.891415 -1.45841 
0.513798 0.682355 -0.685124 2.7191 -1.44561 -2.31739 0.492679 0.401879 -0.29416 2.69864 -0.891415 -1.4933 
0.513798 0.682355 -0.685124 2.7191 -1.44561 -2.35228 0.492679 0.401879 -0.29416 2.69864 -0.891415 -1.52819 
0.513798 0.682355 -0.685124 2.7191 -1.44561 -2.38717 0.492679 0.401879 -0.29416 2.69864 -0.891415 -1.56308 
0.513798 0.682355 -0.685124 2.7191 -1.44561 -2.42206 0.492679 0.401879 -0.29416 2.69864 -0.891415 -1.59797 
0.513798 0.682355 -0.685124 2.7191 -1.44561 -2.45695 0.492679 0.401879 -0.29416 2.69864 -0.891415 -1.63286 
0.513798 0.682355 -0.685124 2.7191 -1.44561 -2.49183 0.492679 0.401879 -0.29416 2.69864 -0.891415 -1.66774 
0.513798 0.682355 -0.685124 2.7191 -1.44561 -2.52672 0.492679 0.401879 -0.29416 2.69864 -0.891415 -1.70263 
0.513798 0.682355 -0.685124 2.7191 -1.44561 -2.56161 0.492679 0.401879 -0.29416 2.69864 -0.891415 -1.73752 
0.513798 0.682355 -0.685124 2.7191 -1.44561 -2.5965 0.492679 0.401879 -0.29416 2.69864 -0.891415 -1.77241 
0.513798 0.682355 -0.685124 2.7191 -1.44561 -2.63139 0.492679 0.401879 -0.29416 2.69864 -0.891415 -1.8073 
0.513798 0.682355 -0.685124 2.7191 -1.44561 -2.66628 0.492679 0.401879 -0.29416 2.69864 -0.891415 -1.84219 
0.513798 0.682355 -0.685124 2.7191 -1.44561 -2.70117 0.492679 0.401879 -0.29416 2.69864 -0.891415 -1.87708 
0.513798 0.682355 -0.685124 2.7191 -1.44561 -2.73606 0.492679 0.401879 -0.29416 2.69864 -0.891415 -1.91197 
0.513798 0.682355 -0.685124 2.7191 -1.44561 -2.77095 0.492679 0.401879 -0.29416 2.69864 -0.891415 -1.94686 
0.513798 0.682355 -0.685124 2.7191 -1.44561 -2.80583 0.492679 0.401879 -0.29416 2.69864 -0.891415 -1.98174 
0.513798 0.682355 -0.685124 2.7191 -1.44561 -2.84072 0.492679 0.401879 -0.29416 2.69864 -0.891415 -2.01663 
0.513798 0.682355 -0.685124 2.7191 -1.44561 -2.87561 0.492679 0.401879 -0.29416 2.69864 -0.891415 -2.05152 
0.513798 0.682355 -0.685124 2.7191 -1.44561 -2.9105 0.492679 0.401879 -0.29416 2.69864 -0.891415 -2.08641 
0.513798 0.682355 -0.685124 2.7191 -1.44561 -2.94539 0.492679 0.401879 -0.29416 2.69864 -0.891415 -2.1213 
0.513798 0.682355 -0.685124 2.7191 -1.44561 -2.98028 0.492679 0.401879 -0.29416 2.69864 -0.891415 -2.15619 
0.513798 0.682355 -0.685124 2.7191 -1.44561 -3.01517 0.492679 0.401879 -0.29416 2.69864 -0.891415 -2.19108 
0.513798 0.682355 -0.685124 2.7191 -1.44561 -3.05006 0.492679 0.401879 -0.29416 2.69864 -0.891415 -2.22597 
0.513798 0.682355 -0.685124 2.7191 -1.44561 -3.08495 0.492679 0.401879 -0.29416 2.69864 -0.891415 -2.26086 
0.513798 0.682355 -0.685124 2.7191 -1.44561 -3.11983 0.492679 0.401879 -0.29416 2.69864 -0.891415 -2.29574 
0.513798 0.682355 -0.685124 2.7191 -1.44561 -3.15472 0.492679 0.401879 -0.29416 2.69864 -0.891415 -2.33063 
0.513798 0.682355 -0.685124 2.7191 -1.44561 -3.18961 0.492679 0.401879 -0.29416 2.69864 -0.891415 -2.36552 
0.513798 0.682355 -0.685124 2.7191 -1.44561 -3.2245 0.492679 0.401879 -0.29416 2.69864 -0.891415 -2.40041 
0.513798 0.682355 -0.685124 2.7191 -1.44561 -3.25939 0.492679 0.401879 -0.29416 2.69864 -0.891415 -2.4353 
0.513798 0.682355 -0.685124 2.7191 -1.44561 -3.29428 0.492679 0.401879 -0.29416 2.69864 -0.891415 -2.47019 
0.513798 0.682355 -0.685124 2.7191 -1.44561 -3.32917 0.492679 0.401879 -0.29416 2.69864 -0.891415 -2.50508 
0.513798 0.682355 -0.685124 2.7191 -1.44561 -3.36406 0.492679 0.401879 -0.29416 2.69864 -0.891415 -2.53997 
0.513798 0.682355 -0.685124 2.7191 -1.44561 -3.39895 0.492679 0.401879 -0.29416 2.69864 -0.891415 -2.57486 
0.513798 0.682355 -0.685124 2.7191 -1.44561 -3.43383 0.492679 0.401879 -0.29416 2.69864 -0.891415 -2.60974 
0.513798 0.682355 -0.685124 2.7191 -1.44561 -3.46872 0.492679 0.401879 -0.29416 2.69864 -0.891415 -2.64463 
0.513798 0.682355 -0.685124 2.7191 -1.44561 -3.50361 0.492679 0.401879 -0.29416 2.69864 -0.891415 -2.67952 
0.513798 0.682355 -0.685124 2.7191 -1.44561 -3.5385 0.492679 0.401879 -0.29416 2.69864 -0.891415 -2.71441 
0.513798 0.682355 -0.685124 2.7191 -1.44561 -3.57339 0.492679 0.401879 -0.29416 2.69864 -0.891415 -2.7493 
0.513798 0.682355 -0.685124 2.7191 -1.44561 -3.60828 0.492679 0.401879 -0.29416 2.69864 -0.891415 -2.78419 
0.513798 0.682355 -0.685124 2.7191 -1.44561 -3.64317 0.492679 0.401879 -0.29416 2.69864 -0.891415 -2.81908 
0.513798 0.682355 -0.685124 2.7191 -1.44561 -3.67806 0.492679 0.401879 -0.29416 2.69864 -0.891415 -2.85397 
0.513798 0.682355 -0.685124 2.7191 -1.44561 -3.71295 0.492679 0.401879 -0.29416 2.69864 -0.891415 -2.88886 
0.513798 0.682355 -0.685124 2.7191 -1.44561 -3.74783 0.492679 0.401879 -0.29416 2.69864 -0.891415 -2.92374 
0.513798 0.682355 -0.685124 2.7191 -1.44561 -3.78272 0.492679 0.401879 -0.29416 2.69864 -0.891415 -2.95863 
0.513798 0.682355 -0.685124 2.7191 -1.44561 -3.81761 0.492679 0.401879 -0.29416 2.69864 -0.891415 -2.99352 
0.513798 0.682355 -0.685124 2.7191 -1.44561 -3.8525 0.492679 0.401879 -0.29416 2.69864 -0.891415 -3.02841 
0.513798 0.682355 -0.685124 2.7191 -1.44561 -3.88739 0.492679 0.401879 -0.29416 2.69864 -0.891415 -3.0633 
0.513798 0.682355 -0.685124 2.7191 -1.44561 -3.92228 0.492679 0.401879 -0.29416 2.69864 -0.891415 -3.09819 
0.513798 0.682355 -0.685124 2.7191 -1.44561 -3.95717 0.492679 0.401879 -0.29416 2.69864 -0.891415 -3.13308 
0.513798 0.682355 -0.685124 2.7191 -1.44561 -3.99206 0.492679 0.401879 -0.29416 2.69864 -0.891415 -3.16797 
0.513798 0.682355 -0.685124 2.7191 -1.44561 -4.02695 0.492679 0.401879 -0.29416 2.69864 -0.891415 -3.20286 
0.513798 0.682355 -0.685124 2.7191 -1.44561 -4.06183 0.492679 0.401879 -0.29416 2.69864 -0.891415 -3.23774 
0.513798 0.682355 -0.685124 2.7191 -1.44561 -4.09672 0.492679 0.401879 -0.29416 2.69864 -0.891415 -3.27263 
0.513798 0.682355 -0.685124 2.7191 -1.44561 -4.13161 0.492679 0.401879 -0.29416 2.69864 -0.891415 -3.30752 
0.513798 0.682355 -0.685124 2.7191 -1.44561 -4.1665 0.492679 0.401879 -0.29416 2.69864 -0.891415 -3.34241 
0.513798 0.682355 -0.685124 2.7191 -1.44561 -4.20139 0.492679 0.401879 -0.29416 2.69864 -0.891415 -3.3773 
0.513798 0.682355 -0.685124 2.7191 -1.44561 -4.23628 0.492679 0.401879 -0.29416 2.69864 -0.891415 -3.41219 
0.513798 0.682355 -0.685124 2.7191 -1.44561 -4.27117 0.492679 0.401879 -0.29416 2.69864 -0.891415 -3.44708 
0.513798 0.682355 -0.685124 2.7191 -1.44561 -4.30606 0.492679 0.401879 -0.29416 2.69864 -0.891415 -3.48197 
0.513798 0.682355 -0.685124 2.7191 -1.44561 -4.34095 0.492679 0.401879 -0.29416 2.69864 -0.891415 -3.51686 
0.513798 0.682355 -0.685124 2.7191 -1.44561 -4.37583 0.492679 0.401879 -0.29416 2.69864 -0.891415 -3.55174 
0.513798 0.682355 -0.685124 2.7191 -1.44561 -4.41072 0.492679 0.401879 -0.29416 2.69864 -0.891415 -3.58663 
0.513798 0.682355 -0.685124 2.7191 -1.44561 -4.44561 0.492679 0.401879 -0.29416 2.69864 -0.891415 -3.62152 
0.513798 0.682355 -0.685124 2.7191 -1.44561 -4.4805 0.492679 0.401879 -0.29416 2.69864 -0.891415 -3.65641 
0.513798 0.682355 -0.685124 2.7191 -1.44561 -4.51539 0.492679 0.401879 -0.29416 2.69864 -0.891415 -3.6913 
0.513798 0.682355 -0.685124 2.7191 -1.44561 -4.55028 0.492679 0.401879 -0.29416 2.69864 -0.891415 -3.72619 
0.513798 0.682355 -0.685124 2.7191 -1.44561 -4.58517 0.492679 0.401879 -0.29416 2.69864 -0.891415 -3.76108 
0.513798 0.682355 -0.685124 2.7191 -1.44561 -4.62006 0.492679 0.401879 -0.29416 2.69864 -0.891415 -3.79597 
0.513798 0.682355 -0.685124 2.7191 -1.44561 -4.65495 0.492679 0.401879 -0.29416 2.69864 -0.891415 -3.83086 
0.513798 0.682355 -0.685124 2.7191 -1.44561 -4.68983 0.492679 0.401879 -0.29416 2.69864 -0.891415 -3.86574 
0.513798 0.682355 -0.685124 2.7191 -1.44561 -4.72472 0.492679 0.401879 -0.29416 2.69864 -0.891415 -3.90063 
0.513798 0.682355 -0.685124 2.7191 -1.44561 -4.75961 0.492679 0.401879 -0.29416 2.69864 -0.891415 -3.93552 
0.513798 0.682355 -0.685124 2.7191 -1.44561 -4.7945 0.492679 0.401879 -0.29416 2.69864 -0.891415 -3.97041 
0.513798 0.682355 -0.685124 2.7191 -1.44561 -4.82939 0.492679 0.401879 -0.29416 2.69864 -0.891415 -4.0053 
0.513798 0.682355 -0.685124 2.7191 -1.44561 -4.86428 0.492679 0.401879 -0.29416 2.69864 -0.891415 -4.04019 
0.513798 0.682355 -0.685124 2.7191 -1.44561 -4.89917 0.492679 0.401879 -0.29416 2.69864 -0.891415 -4.07508 
0.513798 0.682355 -0.685124 2.7191 -1.44561 -4.93406 0.492679 0.401879 -0.29416 2.69864 -0.891415 -4.10997 
0.513798 0.682355 -0.685124 2.7191 -1.44561 -4.96895 0.492679 0.401879 -0.29416 2.69864 -0.891415 -4.14486 
0.513798 0.682355 -0.685124 2.7191 -1.44561 -5.00383 0.492679 0.401879 -0.29416 2.69864 -0.891415 -4.17974 
0.513798 0.682355 -0.685124 2.7191 -1.44561 -5.03872 0.492679 0.401879 -0.29416 2.69864 -0.891415 -4.21463 
0.513798 0.682355 -0.685124 2.7191 -1.44561 -5.07361 0.492679 0.401879 -0.29416 2.69864 -0.891415 -4.24952 
0.513798 0.682355 -0.685124 2.7191 -1.44561 -5.1085 0.492679 0.401879 -0.29416 2.69864 -0.891415 -4.28441 
0.513798 0.682355 -0.685124 2.7191 -1.44561 -5.14339 0.492679 0.401879 -0.29416 2.69864 -0.891415 -4.3193 
0.513798 0.682355 -0.685124 2.7191 -1.44561 -5.17828 0.492679 0.401879 -0.29416 2.69864 -0.891415 -4.35419 
0.513798 0.682355 -0.685124 2.7191 -1.44561 -5.21317 0.492679 0.401879 -0.29416 2.69864 -0.891415 -4.38908 
0.513798 0.682355 -0.685124 2.7191 -1.44561 -5.24806 0.492679 0.401879 -0.29416 2.69864 -0.891415 -4.42397 
0.513798 0.682355 -0.685124 2.7191 -1.44561 -5.28295 0.492679 0.401879 -0.29416 2.69864 -0.891415 -4.45886 
0.513798 0.682355 -0.685124 2.7191 -1.44561 -5.31783 0.492679 0.401879 -0.29416 2.69864 -0.891415 -4.49374 
0.513798 0.682355 -0.685124 2.7191 -1.44561 -5.35272 0.492679 0.401879 -0.29416 2.69864 -0.891415 -4.52863 
0.513798 0.682355 -0.685124 2.7191 -1.44561 -5.38761 0.492679 0.401879 -0.29416 2.69864 -0.891415 -4.56352 
0.513798 0.682355 -0.685124 2.7191 -1.44561 -5.4225 0.492679 0.401879 -0.29416 2.69864 -0.891415 -4.59841 
0.513798 0.682355 -0.685124 2.7191 -1.44561 -5.45739 0.492679 0.401879 -0.29416 2.69864 -0.891415 -4.6333 
0.513798 0.682355 -0.685124 2.7191 -1.44561 -5.49228 0.492679 0.401879 -0.29416 2.69864 -0.891415 -4.66819 
0.513798 0.682355 -0.685124 2.7191 -1.44561 -5.52717 0.492679 0.401879 -0.29416 2.69864 -0.891415 -4.70308 
0.513798 0.682355 -0.685124 2.7191 -1.44561 -5.56206 0.492679 0.401879 -0.29416 2.69864 -0.891415 -4.73797 
0.513798 0.682355 -0.685124 2.7191 -1.44561 -5.59695 0.492679 0.401879 -0.29416 2.69864 -0.891415 -4.77286 
0.513798 0.682355 -0.685124 2.7191 -1.44561 -5.63183 0.492679 0.401879 -0.29416 2.69864 -0.891415 -4.80774 
0.513798 0.682355 -0.685124 2.7191 -1.44561 -5.66672 0.492679 0.401879 -0.29416 2.69864 -0.891415 -4.84263 
0.513798 0.682355 -0.685124 2.7191 -1.44561 -5.70161 0.492679 0.401879 -0.29416 2.69864 -0.891415 -4.87752 
0.513798 0.682355 -0.685124 2.7191 -1.44561 -5.7365 0.492679 0.401879 -0.29416 2.69864 -0.891415 -4.91241 
0.513798 0.682355 -0.685124 2.7191 -1.44561 -5.77139 0.492679 0.401879 -0.29416 2.69864 -0.891415 -4.9473 
0.513798 0.682355 -0.685124 2.7191 -1.44561 -5.80628 0.492679 0.401879 -0.29416 2.69864 -0.891415 -4.98219 
0.513798 0.682355 -0.685124 2.7191 -1.44561 -5.84117 0.492679 0.401879 -0.29416 2.69864 -0.891415 -5.01708 
0.513798 0.682355 -0.685124 2.7191 -1.44561 -5.87606 0.492679 0.401879 -0.29416 2.69864 -0.891415 -5.05197 
0.513798 0.682355 -0.685124 2.7191 -1.44561 -5.91095 0.492679 0.401879 -0.29416 2.69864 -0.891415 -5.08686 
0.513798 0.682355 -0.685124 2.7191 -1.44561 -5.94583 0.492679 0.401879 -0.29416 2.69864 -0.891415 -5.12174 
0.513798 0.682355 -0.685124 2.7191 -1.44561 -5.98072 0.492679 0.401879 -0.29416 2.69864 -0.891415 -5.15663 
0.513798 0.682355 -0.685124 2.7191 -1.44561 -6.01561 0.492679 0.401879 -0.29416 2.69864 -0.891415 -5.19152 
0.513798 0.682355 -0.685124 2.7191 -1.44561 -6.0505 0.492679 0.401879 -0.29416 2.69864 -0.891415 -5.22641 
0.513798 0.682355 -0.685124 2.7191 -1.44561 -6.08539 0.492679 0.401879 -0.29416 2.69864 -0.891415 -5.2613 
0.513798 0.682355 -0.685124 2.7191 -1.44561 -6.12028 0.492679 0.401879 -0.29416 2.69864 -0.891415 -5.29619 
0.513798 0.682355 -0.685124 2.7191 -1.44561 -6.15517 0.492679 0.401879 -0.29416 2.69864 -0.891415 -5.33108 
0.513798 0.682355 -0.685124 2.7191 -1.44561 -6.19006 0.492679 0.401879 -0.29416 2.69864 -0.891415 -5.36597 
0.513798 0.682355 -0.685124 2.7191 -1.44561 -6.22495 0.492679 0.401879 -0.29416 2.69864 -0.891415 -5.40086 
0.513798 0.682355 -0.685124 2.7191 -1.44561 -6.25983 0.492679 0.401879 -0.29416 2.69864 -0.891415 -5.43574 
0.513798 0.682355 -0.685124 2.7191 -1.44561 -6.29472 0.492679 0.401879 -0.29416 2.69864 -0.891415 -5.47063 
0.513798 0.682355 -0.685124 2.7191 -1.44561 -6.32961 0.492679 0.401879 -0.29416 2.69864 -0.891415 -5.50552 
0.513798 0.682355 -0.685124 2.7191 -1.44561 -6.3645 0.492679 0.401879 -0.29416 2.69864 -0.891415 -5.54041 
0.513798 0.682355 -0.685124 2.7191 -1.44561 -6.39939 0.492679 0.401879 -0.29416 2.69864 -0.891415 -5.5753 
0.513798 0.682355 -0.685124 2.7191 -1.44561 -6.43428 0.492679 0.401879 -0.29416 2.69864 -0.891415 -5.61019 
0.513798 0.682355 -0.685124 2.7191 -1.44561 -6.46917 0.492679 0.401879 -0.29416 2.69864 -0.891415 -5.64508 
0.513798 0.682355 -0.685124 2.7191 -1.44561 -6.50406 0.492679 0.401879 -0.29416 2.69864 -0.891415 -5.67997 
0.513798 0.682355 -0.685124 2.7191 -1.44561 -6.53895 0.492679 0.401879 -0.29416 2.69864 -0.891415 -5.71486 
0.513798 0.682355 -0.685124 2.7191 -1.44561 -6.57383 0.492679 0.401879 -0.29416 2.69864 -0.891415 -5.74974 
0.513798 0.682355 -0.685124 2.7191 -1.44561 -6.60872 0.492679 0.401879 -0.29416 2.69864 -0.891415 -5.78463 
0.513798 0.682355 -0.685124 2.7191 -1.44561 -6.64361 0.492679 0.401879 -0.29416 2.69864 -0.891415 -5.81952 
0.513798 0.682355 -0.685124 2.7191 -1.44561 -6.6785 0.492679 0.401879 -0.29416 2.69864 -0.891415 -5.85441 
0.513798 0.682355 -0.685124 2.7191 -1.44561 -6.71339 0.492679 0.401879 -0.29416 2.69864 -0.891415 -5.8893 
0.513798 0.682355 -0.685124 2.7191 -1.44561 -6.74828 0.492679 0.401879 -0.29416 2.69864 -0.891415 -5.92419 
0.513798 0.682355 -0.685124 2.7191 -1.44561 -6.78317 0.492679 0.401879 -0.29416 2.69864 -0.891415 -5.95908 
0.513798 0.682355 -0.685124 2.7191 -1.44561 -6.81806 0.492679 0.401879 -0.29416 2.69864 -0.891415 -5.99397 
0.513798 0.682355 -0.685124 2.7191 -1.44561 -6.85295 0.492679 0.401879 -0.29416 2.69864 -0.891415 -6.02886 
0.513798 0.682355 -0.685124 2.7191 -1.44561 -6.88783 0.492679 0.401879 -0.29416 2.69864 -0.891415 -6.06374 
0.513798 0.682355 -0.685124 2.7191 -1.44561 -6.92272 0.492679 0.401879 -0.29416 2.69864 -0.891415 -6.09863 
0.513798 0.682355 -0.685124 2.7191 -1.44561 -6.88783 0.492679 0.401879 -0.29416 2.69864 -0.891415 -6.13352 
0.513798 0.682355 -0.685124 2.7191 -1.44561 -6.88783 0.492679 0.401879 -0.29416 2.69864 -0.891415 -6.16841 
0.513798 0.682355 -0.685124 2.7191 -1.44561 -6.88783 0.492679 0.401879 -0.29416 2.69864 -0.891415 -6.2033 
0.513798 0.682355 -0.685124 2.7191 -1.44561 -6.88783 0.492679 0.401879 -0.29416 2.69864 -0.891415 -6.23819 
0.513798 0.682355 -0.685124 2.7191 -1.44561 -6.88783 0.492679 0.401879 -0.29416 2.69864 -0.891415 -6.27308 
0.513798 0.682355 -0.685124 2.7191 -1.44561 -6.88783 0.492679 0.401879 -0.29416 2.69864 -0.891415 -6.30797 
0.513798 0.682355 -0.685124 2.7191 -1.44561 -6.88783 0.492679 0.401879 -0.29416 2.69864 -0.891415 -6.34286 
0.513798 0.682355 -0.685124 2.7191 -1.44561 -6.88783 0.492679 0.401879 -0.29416 2.69864 -0.891415 -6.37774 
0.513798 0.682355 -0.685124 2.7191 -1.44561 -6.88783 0.492679 0.401879 -0.29416 2.69864 -0.891415 -6.41263 
0.513798 0.682355 -0.685124 2.7191 -1.44561 -6.88783 0.492679 0.401879 -0.29416 2.69864 -0.891415 -6.44752 
0.513798 0.682355 -0.685124 2.7191 -1.44561 -6.88783 0.492679 0.401879 -0.29416 2.69864 -0.891415 -6.48241 
0.513798 0.682355 -0.685124 2.7191 -1.44561 -6.88783 0.492679 0.401879 -0.29416 2.69864 -0.891415 -6.5173 
0.513798 0.682355 -0.685124 2.7191 -1.44561 -6.88783 0.492679 0.401879 -0.29416 2.69864 -0.891415 -6.55219 
0.513798 0.682355 -0.685124 2.7191 -1.44561 -6.88783 0.492679 0.401879 -0.29416 2.69864 -0.891415 -6.58708 
0.513798 0.682355 -0.685124 2.7191 -1.44561 -6.88783 0.492679 0.401879 -0.29416 2.69864 -0.891415 -6.62197 
0.513798 0.682355 -0.685124 2.7191 -1.44561 -6.88783 0.492679 0.401879 -0.29416 2.69864 -0.891415 -6.65686 
0.513798 0.682355 -0.685124 2.7191 -1.44561 -6.88783 0.492679 0.401879 -0.29416 2.69864 -0.891415 -6.69174 
0.513798 0.682355 -0.685124 2.7191 -1.44561 -6.88783 0.492679 0.401879 -0.29416 2.69864 -0.891415 -6.72663 
0.513798 0.682355 -0.685124 2.7191 -1.44561 -6.88783 0.492679 0.401879 -0.29416 2.69864 -0.891415 -6.76152 
0.513798 0.682355 -0.685124 2.7191 -1.44561 -6.88783 0.492679 0.401879 -0.29416 2.69864 -0.891415 -6.79641 
0.513798 0.682355 -0.685124 2.7191 -1.44561 -6.88783 0.492679 0.401879 -0.29416 2.69864 -0.891415 -6.8313 
0.513798 0.682355 -0.685124 2.7191 -1.44561 -6.88783 0.492679 0.401879 -0.29416 2.69864 -0.891415 -6.86619 
0.513798 0.682355 -0.685124 2.7191 -1.44561 -6.88783 0.492679 0.401879 -0.29416 2.69864 -0.891415 -6.90108 
0.513798 0.682355 -0.685124 2.7191 -1.44561 -6.88783 0.492679 0.401879 -0.29416 2.69864 -0.891415 -6.93597 

