0 5.712 0 0 0 0 
0 5.39257 0.256776 -0.977806 0.846811 -1.46669 
0 5.07313 0.513553 -1.95561 1.69362 -2.93339 
0 4.7537 0.770329 -2.93342 2.54043 -4.40008 
0 4.43416 1.02719 -3.91155 3.38752 -5.86726 
1.14655 4.97838 0.521567 -4.55754 2.43617 -6.75169 
2.30381 5.69382 1.49638 -5.20705 1.57558 -6.86478 
3.46341 6.41072 2.47317 -5.85788 0.713236 -6.9781 
4.62067 7.12616 3.44799 -6.5074 -0.147362 -7.09119 
4.54331 7.03082 3.8059 -7.03282 0.685702 -8.10758 
4.43788 6.9009 4.29365 -7.74886 1.82099 -9.4927 
4.33246 6.77097 4.78139 -8.4649 2.95628 -10.8778 
4.22704 6.64104 5.26914 -9.18094 4.09157 -12.2629 
4.12162 6.51112 5.75689 -9.89697 5.22686 -13.6481 
4.01619 6.38119 6.24464 -10.613 6.36215 -15.0332 
3.91077 6.25127 6.73239 -11.3291 7.49744 -16.4183 
3.80535 6.12134 7.22014 -12.0451 8.63273 -17.8034 
3.69992 5.99142 7.70789 -12.7611 9.76802 -19.1886 
3.5945 5.86149 8.19564 -13.4772 10.9033 -20.5737 
3.4894 5.73197 8.68187 -14.191 12.0351 -21.9545 
3.38431 5.60244 9.16811 -14.9048 13.1668 -23.3353 
3.27921 5.47292 9.65434 -15.6186 14.2986 -24.7161 
3.17373 5.34292 10.1424 -16.335 15.4345 -26.102 
3.06825 5.21293 10.6304 -17.0515 16.5704 -27.4879 
2.96277 5.08293 11.1184 -17.7679 17.7064 -28.8738 
2.85729 4.95293 11.6064 -18.4844 18.8423 -30.2597 
2.91581 4.94894 12.1657 -19.3768 19.7134 -31.7145 
2.87951 3.80218 12.4559 -20.3201 19.6631 -33.0207 
2.8432 2.65541 12.746 -21.2634 19.6129 -34.3268 
2.8069 1.50893 13.036 -22.2064 19.5626 -35.6326 
2.77061 0.36245 13.3261 -23.1494 19.5124 -36.9385 
2.25046 1.1598 12.6551 -23.0065 18.7478 -38.3634 
1.73031 1.95715 11.9841 -22.8636 17.9832 -39.7883 
1.81287 1.89948 12.4975 -23.6815 18.7747 -41.3423 
1.95842 1.77766 13.0425 -24.5895 19.3401 -42.9249 
2.10397 1.65584 13.5874 -25.4975 19.9056 -44.5076 
1.75331 0.661913 12.6652 -26.3598 21.015 -44.7573 
1.40265 -0.332009 11.7431 -27.222 22.1244 -45.007 
1.05199 -1.32593 10.8209 -28.0842 23.2338 -45.2568 
0.701324 -2.31985 9.8987 -28.9465 24.3432 -45.5065 
0.350662 -3.31378 8.97652 -29.8087 25.4526 -45.7562 
0 -4.3077 8.05434 -30.671 26.562 -46.006 
0 -4.6272 8.31117 -31.649 27.409 -47.473 
0 -4.9467 8.568 -32.627 28.256 -48.94 

