0 2.856 0 -24.47 -14.128 -0
0 -1.428 2.4734 -24.47 7.0639 -12.235
0 -1.428 -2.4734 -24.47 7.0639 12.235
0 4.9467 0 -8.1567 -14.128 -0
0 -2.4734 4.284 -8.1567 7.0639 -12.235
0 -2.4734 -4.284 -8.1567 7.0639 12.235
0 4.9467 0 -8.1567 14.128 0
0 -2.4734 4.284 -8.1567 -7.0639 12.235
0 -2.4734 -4.284 -8.1567 -7.0639 -12.235
0 2.856 0 -24.47 14.128 0
0 -1.428 2.4734 -24.47 -7.0639 12.235
0 -1.428 -2.4734 -24.47 -7.0639 -12.235
0 5.712 0 -97.88 -56.511 -0
0 -2.856 4.9467 -97.88 28.256 -48.94
0 -2.856 -4.9467 -97.88 28.256 48.94
0 9.8935 0 -32.627 -56.511 -0
0 -4.9467 8.568 -32.627 28.256 -48.94
0 -4.9467 -8.568 -32.627 28.256 48.94
0 9.8935 0 -32.627 56.511 0
0 -4.9467 8.568 -32.627 -28.256 48.94
0 -4.9467 -8.568 -32.627 -28.256 -48.94
0 5.712 0 -97.88 56.511 0
0 -2.856 4.9467 -97.88 -28.256 48.94
0 -2.856 -4.9467 -97.88 -28.256 -48.94
