2505
1.1022 0 -0.00346961
2.20435 0 -0.0138783
3.30642 0 -0.0312257
4.40835 0 -0.0555111
5.51011 0 -0.0867335
6.61165 0 -0.124892
7.71293 0 -0.169984
8.81391 0 -0.222009
9.91453 0 -0.280964
11.0148 0 -0.346848
12.1146 0 -0.419657
13.2139 0 -0.499388
14.3127 0 -0.586039
15.4109 0 -0.679606
16.5085 0 -0.780086
17.6055 0 -0.887473
18.7017 0 -1.00176
19.7972 0 -1.12296
20.892 0 -1.25104
21.9859 0 -1.38602
23.0789 0 -1.52788
24.171 0 -1.67662
25.2622 0 -1.83223
26.3524 0 -1.9947
27.4415 0 -2.16404
28.5295 0 -2.34023
29.6164 0 -2.52327
30.7021 0 -2.71315
31.7866 0 -2.90986
32.8699 0 -3.11339
33.9518 0 -3.32374
35.0324 0 -3.54089
36.1116 0 -3.76485
37.1894 0 -3.99559
38.2657 0 -4.23312
39.3405 0 -4.47742
40.4137 0 -4.72848
41.4854 0 -4.98629
42.5553 0 -5.25084
43.6236 0 -5.52212
44.6902 0 -5.80013
45.755 0 -6.08484
46.818 0 -6.37625
47.8791 0 -6.67435
48.9383 0 -6.97912
49.9956 0 -7.29056
51.0509 0 -7.60864
52.1042 0 -7.93336
53.1554 0 -8.26471
54.2046 0 -8.60267
55.2515 0 -8.94723
56.2963 0 -9.29837
57.3388 0 -9.65608
58.3791 0 -10.0204
59.4171 0 -10.3912
60.4527 0 -10.7685
61.4859 0 -11.1524
62.5166 0 -11.5427
63.5449 0 -11.9395
64.5707 0 -12.3428
65.5939 0 -12.7526
66.6145 0 -13.1688
67.6325 0 -13.5913
68.6478 0 -14.0203
69.6603 0 -14.4557
70.6701 0 -14.8975
71.6771 0 -15.3456
72.6813 0 -15.8
73.6826 0 -16.2607
74.6809 0 -16.7278
75.6764 0 -17.2011
76.6688 0 -17.6806
77.6581 0 -18.1665
78.6444 0 -18.6585
79.6276 0 -19.1567
80.6076 0 -19.6611
81.5844 0 -20.1717
82.558 0 -20.6884
83.5283 0 -21.2112
84.4953 0 -21.7401
85.459 0 -22.2751
86.4192 0 -22.8162
87.3761 0 -23.3633
88.3294 0 -23.9164
89.2793 0 -24.4755
90.2256 0 -25.0405
91.1684 0 -25.6116
92.1076 0 -26.1885
93.0431 0 -26.7713
93.9749 0 -27.36
94.9029 0 -27.9546
95.8273 0 -28.555
96.7478 0 -29.1612
97.6645 0 -29.7732
98.5773 0 -30.391
99.4862 0 -31.0144
100.391 0 -31.6436
101.292 0 -32.2785
102.189 0 -32.9191
103.082 0 -33.5652
103.971 0 -34.217
104.856 0 -34.8744
105.736 0 -35.5373
106.613 0 -36.2058
107.485 0 -36.8797
108.353 0 -37.5592
109.216 0 -38.244
110.075 0 -38.9344
110.93 0 -39.6301
111.781 0 -40.3311
112.627 0 -41.0375
113.468 0 -41.7493
114.306 0 -42.4663
115.138 0 -43.1885
115.966 0 -43.916
116.79 0 -44.6487
117.608 0 -45.3866
118.422 0 -46.1296
119.232 0 -46.8777
120.037 0 -47.6309
120.837 0 -48.3892
121.632 0 -49.1524
122.422 0 -49.9207
123.208 0 -50.6939
123.988 0 -51.472
124.764 0 -52.2551
125.535 0 -53.043
126.3 0 -53.8358
127.061 0 -54.6333
127.817 0 -55.4357
128.567 0 -56.2427
129.313 0 -57.0545
130.053 0 -57.871
130.789 0 -58.6921
131.519 0 -59.5178
132.244 0 -60.3481
132.963 0 -61.1829
133.678 0 -62.0223
134.387 0 -62.8661
135.091 0 -63.7144
135.789 0 -64.5671
136.482 0 -65.4242
137.17 0 -66.2857
137.852 0 -67.1514
138.528 0 -68.0214
139.2 0 -68.8957
139.865 0 -69.7741
140.525 0 -70.6568
141.18 0 -71.5436
141.829 0 -72.4345
142.472 0 -73.3294
143.11 0 -74.2284
143.742 0 -75.1314
144.368 0 -76.0383
144.989 0 -76.9492
145.604 0 -77.864
146.213 0 -78.7826
146.816 0 -79.705
147.414 0 -80.6312
148.005 0 -81.5612
148.591 0 -82.4948
149.171 0 -83.4321
149.745 0 -84.3731
150.313 0 -85.3177
150.875 0 -86.2658
151.431 0 -87.2174
151.981 0 -88.1725
152.525 0 -89.1311
153.063 0 -90.093
153.595 0 -91.0584
154.121 0 -92.027
154.641 0 -92.999
155.155 0 -93.9742
155.662 0 -94.9526
156.163 0 -95.9342
156.659 0 -96.919
157.148 0 -97.9068
157.63 0 -98.8977
158.107 0 -99.8916
158.577 0 -100.888
159.041 0 -101.888
159.498 0 -102.891
159.95 0 -103.897
160.394 0 -104.905
160.833 0 -105.916
161.265 0 -106.93
161.691 0 -107.947
162.11 0 -108.966
162.523 0 -109.988
162.93 0 -111.013
163.33 0 -112.04
163.724 0 -113.069
164.111 0 -114.101
164.491 0 -115.135
164.865 0 -116.172
165.233 0 -117.211
165.594 0 -118.253
165.948 0 -119.296
166.296 0 -120.342
166.637 0 -121.39
166.972 0 -122.441
167.3 0 -123.493
167.621 0 -124.547
167.936 0 -125.603
168.244 0 -126.662
168.546 0 -127.722
168.84 0 -128.784
169.129 0 -129.848
169.41 0 -130.914
169.685 0 -131.981
169.952 0 -133.05
170.214 0 -134.121
170.468 0 -135.193
170.716 0 -136.267
170.957 0 -137.343
171.191 0 -138.42
171.418 0 -139.498
171.639 0 -140.578
171.852 0 -141.66
172.059 0 -142.742
172.259 0 -143.826
172.453 0 -144.911
172.639 0 -145.998
172.819 0 -147.085
172.992 0 -148.174
173.158 0 -149.263
173.317 0 -150.354
173.469 0 -151.446
173.614 0 -152.538
173.752 0 -153.632
173.884 0 -154.726
174.009 0 -155.821
174.126 0 -156.917
174.237 0 -158.014
174.341 0 -159.111
174.438 0 -160.209
174.528 0 -161.307
174.611 0 -162.406
174.688 0 -163.506
174.757 0 -164.606
174.819 0 -165.706
174.875 0 -166.807
174.923 0 -167.908
174.965 0 -169.01
175 0 -170.111
175.028 0 -171.213
175.048 0 -172.315
175.062 0 -173.417
175.069 0 -174.52
175.069 0 -175.622
175.062 0 -176.724
175.048 0 -177.826
175.028 0 -178.928
175 0 -180.03
174.965 0 -181.132
174.923 0 -182.233
174.875 0 -183.334
174.819 0 -184.435
174.757 0 -185.535
174.688 0 -186.635
174.611 0 -187.735
174.528 0 -188.834
174.438 0 -189.933
174.341 0 -191.03
174.237 0 -192.128
174.126 0 -193.224
174.008 0 -194.32
173.884 0 -195.415
173.752 0 -196.51
173.614 0 -197.603
173.469 0 -198.696
173.316 0 -199.787
173.157 0 -200.878
172.991 0 -201.968
172.819 0 -203.056
172.639 0 -204.144
172.453 0 -205.23
172.259 0 -206.315
172.059 0 -207.399
171.852 0 -208.482
171.638 0 -209.563
171.418 0 -210.643
171.191 0 -211.721
170.956 0 -212.798
170.715 0 -213.874
170.468 0 -214.948
170.213 0 -216.02
169.952 0 -217.091
169.684 0 -218.16
169.41 0 -219.228
169.128 0 -220.293
168.84 0 -221.357
168.545 0 -222.419
168.244 0 -223.48
167.936 0 -224.538
167.621 0 -225.594
167.3 0 -226.648
166.972 0 -227.701
166.637 0 -228.751
166.296 0 -229.799
165.948 0 -230.845
165.593 0 -231.888
165.232 0 -232.93
164.865 0 -233.969
164.491 0 -235.006
164.11 0 -236.04
163.723 0 -237.072
163.329 0 -238.102
162.929 0 -239.129
162.523 0 -240.153
162.11 0 -241.175
161.691 0 -242.194
161.265 0 -243.211
160.833 0 -244.225
160.394 0 -245.236
159.949 0 -246.245
159.498 0 -247.25
159.04 0 -248.253
158.576 0 -249.253
158.106 0 -250.25
157.63 0 -251.244
157.147 0 -252.234
156.658 0 -253.222
156.163 0 -254.207
155.662 0 -255.189
155.154 0 -256.167
154.64 0 -257.142
154.121 0 -258.114
153.595 0 -259.083
153.063 0 -260.048
152.525 0 -261.01
151.981 0 -261.969
151.431 0 -262.924
150.875 0 -263.875
150.312 0 -264.824
149.744 0 -265.768
149.17 0 -266.709
148.591 0 -267.646
148.005 0 -268.58
147.413 0 -269.51
146.816 0 -270.436
146.212 0 -271.359
145.603 0 -272.277
144.988 0 -273.192
144.368 0 -274.103
143.741 0 -275.01
143.109 0 -275.913
142.472 0 -276.812
141.828 0 -277.707
141.179 0 -278.598
140.525 0 -279.484
139.864 0 -280.367
139.199 0 -281.245
138.528 0 -282.12
137.851 0 -282.99
137.169 0 -283.855
136.481 0 -284.717
135.788 0 -285.574
135.09 0 -286.427
134.386 0 -287.275
133.677 0 -288.119
132.962 0 -288.958
132.243 0 -289.793
131.518 0 -290.623
130.788 0 -291.449
130.053 0 -292.27
129.312 0 -293.086
128.567 0 -293.898
127.816 0 -294.705
127.06 0 -295.508
126.299 0 -296.305
125.534 0 -297.098
124.763 0 -297.886
123.987 0 -298.669
123.207 0 -299.447
122.421 0 -300.22
121.631 0 -300.989
120.836 0 -301.752
120.036 0 -302.51
119.231 0 -303.263
118.422 0 -304.011
117.607 0 -304.754
116.789 0 -305.492
115.965 0 -306.225
115.137 0 -306.952
114.305 0 -307.675
113.467 0 -308.392
112.626 0 -309.103
111.78 0 -309.81
110.929 0 -310.511
110.074 0 -311.207
109.215 0 -311.897
108.352 0 -312.582
107.484 0 -313.261
106.612 0 -313.935
105.735 0 -314.604
104.855 0 -315.266
103.97 0 -315.924
103.081 0 -316.576
102.188 0 -317.222
101.291 0 -317.862
100.39 0 -318.497
99.4851 0 -319.126
98.5762 0 -319.75
97.6634 0 -320.368
96.7467 0 -320.98
95.8262 0 -321.586
94.9019 0 -322.186
93.9738 0 -322.781
93.042 0 -323.369
92.1065 0 -323.952
91.1673 0 -324.529
90.2245 0 -325.1
89.2782 0 -325.665
88.3283 0 -326.224
87.3749 0 -326.777
86.4181 0 -327.325
85.4578 0 -327.866
84.4942 0 -328.401
83.5272 0 -328.929
82.5569 0 -329.452
81.5833 0 -329.969
80.6064 0 -330.48
79.6264 0 -330.984
78.6433 0 -331.482
77.657 0 -331.974
76.6676 0 -332.46
75.6752 0 -332.94
74.6798 0 -333.413
73.6814 0 -333.88
72.6801 0 -334.341
71.676 0 -334.795
70.669 0 -335.243
69.6591 0 -335.685
68.6466 0 -336.12
67.6313 0 -336.549
66.6133 0 -336.972
65.5927 0 -337.388
64.5695 0 -337.798
63.5437 0 -338.201
62.5154 0 -338.598
61.4846 0 -338.988
60.4514 0 -339.372
59.4158 0 -339.749
58.3779 0 -340.12
57.3376 0 -340.484
56.2951 0 -340.842
55.2503 0 -341.193
54.2033 0 -341.538
53.1542 0 -341.876
52.103 0 -342.207
51.0497 0 -342.532
49.9944 0 -342.85
48.9371 0 -343.161
47.8779 0 -343.466
46.8168 0 -343.764
45.7538 0 -344.056
44.689 0 -344.34
43.6224 0 -344.618
42.5541 0 -344.89
41.4841 0 -345.154
40.4125 0 -345.412
39.3393 0 -345.663
38.2645 0 -345.907
37.1882 0 -346.145
36.1104 0 -346.375
35.0312 0 -346.599
33.9506 0 -346.817
32.8686 0 -347.027
31.7854 0 -347.23
30.7009 0 -347.427
29.6151 0 -347.617
28.5282 0 -347.8
27.4402 0 -347.976
26.3511 0 -348.146
25.2609 0 -348.308
24.1698 0 -348.464
23.0776 0 -348.612
21.9846 0 -348.754
20.8907 0 -348.889
19.796 0 -349.017
18.7004 0 -349.138
17.6042 0 -349.253
16.5072 0 -349.36
15.4096 0 -349.461
14.3114 0 -349.554
13.2126 0 -349.641
12.1133 0 -349.72
11.0135 0 -349.793
9.91325 0 -349.859
8.81262 0 -349.918
7.71165 0 -349.97
6.61037 0 -350.015
5.50883 0 -350.053
4.40707 0 -350.085
3.30513 0 -350.109
2.20306 0 -350.126
1.10091 0 -350.137
-0.00128614 0 -350.14
-1.10348 0 -350.137

1.10219 0.00379742 -0.00386712
2.20427 0.0152063 -0.0154322
3.30613 0.034251 -0.0346401
4.40769 0.0609544 -0.0614347
5.50881 0.0953388 -0.095759
6.60942 0.137425 -0.137555
7.70939 0.187233 -0.186765
8.80863 0.244783 -0.243327
9.90704 0.310091 -0.307183
11.0045 0.383174 -0.37827
12.101 0.464049 -0.456527
13.1963 0.552731 -0.54189
14.2903 0.649233 -0.634296
15.3831 0.753568 -0.73368
16.4744 0.865747 -0.839977
17.5642 0.985783 -0.953121
18.6523 1.11368 -1.07305
19.7388 1.24946 -1.19968
20.8234 1.39312 -1.33296
21.9062 1.54467 -1.47282
22.9869 1.70411 -1.61919
24.0656 1.87145 -1.77199
25.142 2.0467 -1.93115
26.2162 2.22986 -2.09661
27.2881 2.42093 -2.26829
28.3575 2.6199 -2.44612
29.4244 2.8268 -2.63003
30.4886 3.0416 -2.81994
31.5502 3.26431 -3.01578
32.6089 3.49493 -3.21748
33.6648 3.73346 -3.42495
34.7178 3.97989 -3.63813
35.7677 4.23421 -3.85693
36.8145 4.49643 -4.08128
37.858 4.76653 -4.31111
38.8984 5.04451 -4.54633
39.9353 5.33036 -4.78687
40.9688 5.62407 -5.03265
41.9988 5.92563 -5.28359
43.0253 6.23503 -5.53962
44.0481 6.55226 -5.80064
45.0671 6.87731 -6.06659
46.0824 7.21016 -6.33738
47.0937 7.5508 -6.61293
48.1012 7.89923 -6.89317
49.1046 8.25541 -7.178
50.1039 8.61934 -7.46736
51.0991 8.991 -7.76115
52.0901 9.37037 -8.0593
53.0768 9.75744 -8.36172
54.0591 10.1522 -8.66833
55.0371 10.5546 -8.97906
56.0105 10.9646 -9.29381
56.9795 11.3823 -9.6125
57.9438 11.8076 -9.93505
58.9035 12.2404 -10.2614
59.8585 12.6808 -10.5914
60.8087 13.1287 -10.925
61.7541 13.5841 -11.2622
62.6946 14.047 -11.6028
63.6302 14.5174 -11.9468
64.5608 14.9951 -12.294
65.4863 15.4803 -12.6445
66.4068 15.9729 -12.998
67.3221 16.4728 -13.3546
68.2322 16.9801 -13.7141
69.137 17.4946 -14.0764
70.0366 18.0165 -14.4416
70.9309 18.5455 -14.8094
71.8197 19.0818 -15.1798
72.7031 19.6252 -15.5527
73.5811 20.1758 -15.9281
74.4535 20.7335 -16.3058
75.3204 21.2983 -16.6858
76.1817 21.8701 -17.068
77.0373 22.449 -17.4522
77.8873 23.0348 -17.8385
78.7315 23.6276 -18.2267
79.57 24.2274 -18.6167
80.4027 24.834 -19.0085
81.2295 25.4474 -19.402
82.0505 26.0677 -19.7971
82.8656 26.6947 -20.1937
83.6748 27.3285 -20.5917
84.478 27.969 -20.991
85.2752 28.6162 -21.3916
86.0664 29.27 -21.7934
86.8515 29.9304 -22.1963
87.6305 30.5973 -22.6002
88.4035 31.2708 -23.005
89.1703 31.9507 -23.4106
89.9309 32.6371 -23.817
90.6854 33.3299 -24.2241
91.4336 34.029 -24.6318
92.1756 34.7345 -25.04
92.9113 35.4462 -25.4486
93.6407 36.1642 -25.8576
94.3639 36.8884 -26.2668
95.0807 37.6187 -26.6763
95.7912 38.3552 -27.0858
96.4953 39.0977 -27.4954
97.193 39.8462 -27.9049
97.8844 40.6007 -28.3143
98.5693 41.3612 -28.7234
99.2478 42.1276 -29.1323
99.9199 42.8998 -29.5408
100.585 43.6779 -29.9488
101.245 44.4617 -30.3563
101.897 45.2512 -30.7632
102.543 46.0464 -31.1693
103.183 46.8472 -31.5747
103.816 47.6537 -31.9793
104.443 48.4656 -32.3829
105.063 49.2831 -32.7856
105.676 50.106 -33.1871
106.283 50.9344 -33.5875
106.884 51.7681 -33.9866
107.478 52.6071 -34.3844
108.065 53.4513 -34.7809
108.646 54.3008 -35.1758
109.22 55.1555 -35.5693
109.787 56.0152 -35.9611
110.348 56.8801 -36.3512
110.903 57.7499 -36.7395
111.45 58.6248 -37.126
111.992 59.5046 -37.5106
112.526 60.3892 -37.8932
113.054 61.2787 -38.2737
113.576 62.173 -38.652
114.091 63.072 -39.0282
114.599 63.9757 -39.4021
115.101 64.8841 -39.7736
115.596 65.797 -40.1426
116.085 66.7144 -40.5092
116.567 67.6363 -40.8732
117.042 68.5627 -41.2345
117.511 69.4935 -41.5932
117.974 70.4285 -41.949
118.43 71.3679 -42.302
118.879 72.3115 -42.652
119.322 73.2593 -42.9991
119.758 74.2112 -43.343
120.188 75.1671 -43.6839
120.612 76.1271 -44.0215
121.029 77.0911 -44.3559
121.439 78.0589 -44.6869
121.843 79.0307 -45.0145
122.241 80.0062 -45.3386
122.632 80.9856 -45.6592
123.017 81.9686 -45.9761
123.395 82.9552 -46.2894
123.767 83.9455 -46.5989
124.133 84.9393 -46.9047
124.492 85.9366 -47.2065
124.845 86.9374 -47.5044
125.192 87.9415 -47.7983
125.532 88.949 -48.0882
125.866 89.9597 -48.3739
126.194 90.9737 -48.6554
126.516 91.9908 -48.9326
126.831 93.011 -49.2056
127.141 94.0343 -49.4741
127.444 95.0606 -49.7382
127.741 96.0898 -49.9978
128.031 97.1219 -50.2528
128.316 98.1568 -50.5032
128.595 99.1946 -50.7489
128.867 100.235 -50.9898
129.134 101.278 -51.226
129.394 102.324 -51.4572
129.649 103.372 -51.6836
129.897 104.423 -51.9049
130.14 105.476 -52.1212
130.377 106.532 -52.3325
130.607 107.589 -52.5385
130.832 108.65 -52.7393
131.052 109.712 -52.9349
131.265 110.776 -53.1251
131.473 111.843 -53.31
131.674 112.912 -53.4894
131.871 113.982 -53.6633
132.061 115.055 -53.8317
132.246 116.129 -53.9944
132.425 117.205 -54.1515
132.599 118.283 -54.3029
132.767 119.362 -54.4486
132.929 120.444 -54.5884
133.087 121.526 -54.7224
133.238 122.61 -54.8504
133.384 123.696 -54.9725
133.525 124.783 -55.0886
133.661 125.871 -55.1986
133.791 126.961 -55.3025
133.916 128.052 -55.4002
134.035 129.144 -55.4917
134.15 130.236 -55.5769
134.259 131.33 -55.6559
134.363 132.425 -55.7284
134.462 133.521 -55.7946
134.556 134.618 -55.8544
134.645 135.715 -55.9076
134.729 136.813 -55.9543
134.808 137.912 -55.9944
134.882 139.011 -56.0279
134.951 140.11 -56.0547
135.015 141.211 -56.0748
135.075 142.311 -56.0882
135.13 143.412 -56.0947
135.18 144.513 -56.0944
135.226 145.614 -56.0873
135.266 146.716 -56.0732
135.303 147.817 -56.0521
135.335 148.918 -56.0241
135.362 150.02 -55.989
135.385 151.121 -55.9468
135.403 152.222 -55.8975
135.417 153.322 -55.8411
135.427 154.423 -55.7775
135.433 155.523 -55.7067
135.434 156.622 -55.6286
135.431 157.721 -55.5432
135.424 158.819 -55.4505
135.413 159.917 -55.3504
135.398 161.014 -55.2429
135.379 162.11 -55.128
135.356 163.205 -55.0057
135.329 164.299 -54.8758
135.298 165.392 -54.7385
135.264 166.484 -54.5936
135.226 167.575 -54.4411
135.184 168.665 -54.281
135.138 169.753 -54.1133
135.089 170.84 -53.938
135.037 171.926 -53.7549
134.98 173.01 -53.5641
134.921 174.093 -53.3656
134.858 175.174 -53.1594
134.792 176.253 -52.9453
134.722 177.33 -52.7235
134.649 178.406 -52.4938
134.574 179.479 -52.2563
134.495 180.551 -52.0109
134.413 181.621 -51.7576
134.327 182.688 -51.4964
134.239 183.753 -51.2273
134.149 184.816 -50.9502
134.055 185.877 -50.6652
133.958 186.935 -50.3722
133.859 187.991 -50.0712
133.757 189.044 -49.7622
133.653 190.094 -49.4451
133.546 191.142 -49.1201
133.436 192.187 -48.787
133.325 193.229 -48.4458
133.21 194.268 -48.0966
133.094 195.304 -47.7393
132.975 196.337 -47.3739
132.854 197.367 -47.0004
132.731 198.394 -46.6189
132.605 199.417 -46.2292
132.478 200.437 -45.8314
132.349 201.454 -45.4255
132.218 202.467 -45.0115
132.085 203.476 -44.5893
131.951 204.482 -44.1591
131.814 205.484 -43.7207
131.676 206.482 -43.2742
131.537 207.477 -42.8196
131.396 208.467 -42.3568
131.253 209.453 -41.886
131.109 210.436 -41.407
130.964 211.414 -40.92
130.818 212.387 -40.4248
130.67 213.357 -39.9215
130.521 214.322 -39.4102
130.371 215.282 -38.8908
130.22 216.238 -38.3633
130.069 217.19 -37.8278
129.916 218.136 -37.2842
129.763 219.078 -36.7326
129.609 220.015 -36.173
129.454 220.947 -35.6054
129.298 221.874 -35.0299
129.142 222.796 -34.4463
128.986 223.713 -33.8548
128.829 224.624 -33.2554
128.672 225.531 -32.6481
128.515 226.432 -32.0329
128.357 227.327 -31.4099
128.2 228.217 -30.779
128.042 229.101 -30.1403
127.884 229.98 -29.4938
127.726 230.853 -28.8396
127.569 231.72 -28.1777
127.412 232.581 -27.508
127.255 233.437 -26.8307
127.098 234.286 -26.1458
126.942 235.129 -25.4533
126.786 235.966 -24.7532
126.631 236.797 -24.0455
126.477 237.621 -23.3304
126.323 238.439 -22.6078
126.17 239.25 -21.8779
126.018 240.055 -21.1405
125.867 240.854 -20.3958
125.717 241.646 -19.6438
125.568 242.431 -18.8846
125.42 243.209 -18.1182
125.273 243.98 -17.3446
125.127 244.744 -16.564
124.983 245.502 -15.7762
124.84 246.252 -14.9815
124.699 246.995 -14.1798
124.559 247.731 -13.3712
124.421 248.459 -12.5558
124.285 249.181 -11.7335
124.15 249.895 -10.9046
124.018 250.601 -10.0689
123.887 251.3 -9.22667
123.758 251.991 -8.37785
123.631 252.674 -7.52253
123.507 253.35 -6.66078
123.384 254.018 -5.79266
123.264 254.678 -4.91824
123.146 255.331 -4.03758
123.031 255.975 -3.15074
122.918 256.611 -2.25781
122.807 257.239 -1.35884
122.699 257.859 -0.453915
122.594 258.471 0.456899
122.492 259.074 1.37353
122.392 259.669 2.29589
122.295 260.256 3.22392
122.202 260.834 4.15753
122.111 261.404 5.09665
122.023 261.965 6.04119
121.939 262.518 6.99108
121.858 263.062 7.94622
121.78 263.597 8.90655
121.705 264.124 9.87196
121.634 264.642 10.8424
121.567 265.151 11.8177
121.503 265.651 12.7979
121.442 266.142 13.7828
121.385 266.624 14.7724
121.332 267.097 15.7665
121.283 267.561 16.7651
121.238 268.015 17.7681
121.197 268.461 18.7753
121.159 268.898 19.7867
121.126 269.325 20.8022
121.097 269.743 21.8217
121.072 270.151 22.845
121.052 270.551 23.8722
121.036 270.941 24.903
121.024 271.321 25.9374
121.016 271.692 26.9752
121.013 272.053 28.0165
121.015 272.405 29.061
121.021 272.748 30.1086
121.032 273.081 31.1593
121.048 273.404 32.2129
121.069 273.717 33.2694
121.094 274.021 34.3286
121.124 274.316 35.3903
121.16 274.6 36.4546
121.2 274.875 37.5212
121.245 275.14 38.5901
121.296 275.395 39.6612
121.351 275.641 40.7342
121.412 275.876 41.8092
121.478 276.102 42.886
121.55 276.318 43.9644
121.627 276.524 45.0445
121.709 276.721 46.1259
121.797 276.907 47.2087
121.89 277.084 48.2926
121.989 277.251 49.3776
122.093 277.407 50.4636
122.204 277.554 51.5504
122.32 277.691 52.6379
122.441 277.818 53.7259
122.569 277.936 54.8145
122.702 278.043 55.9033
122.841 278.141 56.9923
122.986 278.228 58.0814
123.137 278.306 59.1705
123.294 278.374 60.2593
123.457 278.432 61.3478
123.626 278.48 62.4359
123.801 278.518 63.5235
123.982 278.547 64.6103
124.17 278.565 65.6963
124.364 278.574 66.7813
124.563 278.574 67.8652
124.77 278.563 68.9479
124.982 278.543 70.0292
125.201 278.512 71.1091
125.426 278.473 72.1873
125.657 278.423 73.2638
125.895 278.364 74.3384
126.139 278.296 75.411
126.39 278.217 76.4815
126.647 278.13 77.5496
126.911 278.032 78.6154
127.181 277.926 79.6786
127.458 277.809 80.7392
127.741 277.684 81.7969
128.031 277.549 82.8518
128.327 277.405 83.9035
128.63 277.251 84.9521
128.94 277.088 85.9973
129.256 276.917 87.0391
129.579 276.735 88.0773
129.908 276.545 89.1117
130.245 276.346 90.1424
130.587 276.138 91.169
130.937 275.921 92.1916
131.293 275.695 93.2099
131.656 275.46 94.2238
132.025 275.217 95.2333
132.401 274.964 96.2381
132.784 274.703 97.2382
133.174 274.434 98.2335
133.57 274.156 99.2237
133.973 273.869 100.209
134.382 273.575 101.189
134.799 273.271 102.163
135.221 272.96 103.132
135.651 272.64 104.096
136.087 272.313 105.053
136.53 271.977 106.005
136.98 271.633 106.951
137.436 271.282 107.891
137.898 270.922 108.825
138.368 270.555 109.752
138.844 270.181 110.673
139.326 269.798 111.587
139.815 269.408 112.494
140.311 269.011 113.395
140.813 268.607 114.289
141.321 268.195 115.176
141.837 267.776 116.056
142.358 267.35 116.929
142.886 266.917 117.794
143.42 266.478 118.652
143.961 266.031 119.502
144.508 265.578 120.345
145.062 265.118 121.18
145.622 264.652 122.007
146.188 264.179 122.826
146.76 263.7 123.637
147.338 263.215 124.44
147.923 262.724 125.235
148.514 262.226 126.021
149.111 261.723 126.799
149.714 261.214 127.569
150.323 260.699 128.329
150.938 260.179 129.082
151.559 259.653 129.825
152.186 259.122 130.559
152.819 258.585 131.285
153.458 258.044 132.002
154.102 257.497 132.709
154.753 256.945 133.407
155.409 256.389 134.096
156.071 255.828 134.776
156.738 255.262 135.446
157.411 254.691 136.107
158.089 254.116 136.758
158.774 253.537 137.399
159.463 252.954 138.031
160.158 252.367 138.653
160.858 251.775 139.266
161.564 251.18 139.868
162.275 250.581 140.46
162.991 249.979 141.043
163.712 249.373 141.615
164.438 248.764 142.177
165.17 248.151 142.729
165.906 247.535 143.271
166.647 246.916 143.802
167.393 246.295 144.323
168.144 245.67 144.834
168.9 245.043 145.334
169.661 244.413 145.824
170.426 243.781 146.303
171.196 243.146 146.772
171.97 242.51 147.23
172.749 241.871 147.678
173.532 241.23 148.115
174.319 240.588 148.541
175.111 239.943 148.956
175.907 239.297 149.361
176.708 238.65 149.755
177.512 238.001 150.138
178.321 237.351 150.51
179.133 236.7 150.871
179.95 236.047 151.222
180.77 235.394 151.561

1.10219 0.00409317 -0.00378761
2.20426 0.0163872 -0.0151118
3.30611 0.036903 -0.0339139
4.40762 0.0656604 -0.0601342
5.50869 0.102678 -0.0937122
6.6092 0.147973 -0.134586
7.70904 0.201561 -0.182695
8.80811 0.263458 -0.237973
9.9063 0.333678 -0.300358
11.0035 0.412233 -0.369785
12.0996 0.499135 -0.446188
13.1945 0.594395 -0.5295
14.2881 0.698022 -0.619653
15.3803 0.810024 -0.716581
16.471 0.930408 -0.820213
17.5601 1.05918 -0.930481
18.6475 1.19635 -1.04731
19.733 1.34191 -1.17064
20.8167 1.49588 -1.30039
21.8983 1.65825 -1.43649
22.9779 1.82902 -1.57886
24.0552 2.00819 -1.72744
25.1303 2.19577 -1.88215
26.2029 2.39174 -2.04291
27.2731 2.59612 -2.20966
28.3407 2.80888 -2.3823
29.4056 3.03004 -2.56077
30.4678 3.25957 -2.74499
31.5272 3.49748 -2.93488
32.5836 3.74375 -3.13037
33.6369 3.99838 -3.33137
34.6872 4.26136 -3.5378
35.7343 4.53268 -3.7496
36.7781 4.81232 -3.96666
37.8185 5.10027 -4.18893
38.8555 5.39653 -4.41631
39.889 5.70106 -4.64873
40.9189 6.01387 -4.8861
41.9451 6.33493 -5.12834
42.9675 6.66423 -5.37537
43.9861 7.00175 -5.62711
45.0008 7.34747 -5.88348
46.0115 7.70137 -6.14438
47.0182 8.06343 -6.40974
48.0207 8.43364 -6.67948
49.019 8.81196 -6.95351
50.0131 9.19839 -7.23174
51.0028 9.59288 -7.51409
51.988 9.99543 -7.80049
52.9688 10.406 -8.09083
53.9451 10.8246 -8.38505
54.9167 11.2511 -8.68305
55.8837 11.6856 -8.98474
56.846 12.128 -9.29005
57.8034 12.5784 -9.59888
58.756 13.0365 -9.91116
59.7036 13.5025 -10.2268
60.6463 13.9764 -10.5457
61.5839 14.458 -10.8678
62.5165 14.9473 -11.193
63.4439 15.4444 -11.5212
64.3661 15.9491 -11.8523
65.283 16.4615 -12.1862
66.1947 16.9815 -12.523
67.1009 17.5091 -12.8623
68.0018 18.0442 -13.2043
68.8972 18.5868 -13.5488
69.7871 19.1369 -13.8956
70.6714 19.6945 -14.2448
71.5501 20.2595 -14.5962
72.4232 20.8318 -14.9498
73.2906 21.4114 -15.3055
74.1523 21.9984 -15.6631
75.0082 22.5926 -16.0226
75.8582 23.194 -16.3839
76.7024 23.8026 -16.7469
77.5407 24.4183 -17.1116
78.3731 25.0411 -17.4778
79.1995 25.671 -17.8455
80.0199 26.3078 -18.2146
80.8342 26.9517 -18.585
81.6425 27.6025 -18.9565
82.4446 28.2601 -19.3292
83.2406 28.9246 -19.703
84.0304 29.5959 -20.0776
84.814 30.274 -20.4532
85.5914 30.9588 -20.8295
86.3625 31.6502 -21.2066
87.1273 32.3483 -21.5842
87.8858 33.0529 -21.9624
88.6379 33.7641 -22.3411
89.3837 34.4817 -22.7201
90.123 35.2058 -23.0994
90.856 35.9364 -23.4788
91.5825 36.6732 -23.8584
92.3025 37.4164 -24.2381
93.0161 38.1658 -24.6177
93.7231 38.9214 -24.9971
94.4236 39.6831 -25.3764
95.1176 40.451 -25.7553
95.805 41.225 -26.1339
96.4858 42.0049 -26.512
97.1601 42.7909 -26.8896
97.8277 43.5827 -27.2666
98.4887 44.3804 -27.6429
99.1431 45.1839 -28.0184
99.7908 45.9932 -28.393
100.432 46.8082 -28.7667
101.066 47.6289 -29.1394
101.694 48.4552 -29.5109
102.315 49.2871 -29.8813
102.929 50.1244 -30.2505
103.537 50.9673 -30.6183
104.138 51.8155 -30.9847
104.732 52.6691 -31.3496
105.319 53.528 -31.713
105.9 54.3922 -32.0747
106.474 55.2615 -32.4347
107.041 56.1361 -32.7929
107.602 57.0157 -33.1492
108.156 57.9003 -33.5036
108.703 58.79 -33.8559
109.243 59.6845 -34.2062
109.776 60.584 -34.5543
110.303 61.4883 -34.9001
110.823 62.3974 -35.2436
111.337 63.3111 -35.5847
111.843 64.2296 -35.9234
112.343 65.1527 -36.2595
112.836 66.0803 -36.593
113.323 67.0124 -36.9238
113.802 67.949 -37.2518
114.275 68.8899 -37.577
114.741 69.8352 -37.8993
115.201 70.7848 -38.2187
115.654 71.7386 -38.5349
116.1 72.6966 -38.8481
116.539 73.6587 -39.1581
116.972 74.6248 -39.4648
117.398 75.5949 -39.7682
117.818 76.569 -40.0682
118.231 77.547 -40.3647
118.637 78.5288 -40.6577
119.037 79.5143 -40.9471
119.43 80.5036 -41.2329
119.817 81.4965 -41.5149
120.197 82.4931 -41.7931
120.57 83.4932 -42.0674
120.937 84.4967 -42.3378
121.297 85.5037 -42.6042
121.651 86.514 -42.8665
121.999 87.5277 -43.1247
122.339 88.5446 -43.3787
122.674 89.5647 -43.6284
123.002 90.5879 -43.8738
123.324 91.6142 -44.1148
123.639 92.6435 -44.3514
123.948 93.6758 -44.5835
124.25 94.711 -44.8109
124.547 95.749 -45.0338
124.837 96.7897 -45.2519
125.12 97.8332 -45.4653
125.398 98.8793 -45.6738
125.669 99.928 -45.8775
125.934 100.979 -46.0762
126.193 102.033 -46.27
126.445 103.089 -46.4586
126.692 104.148 -46.6422
126.932 105.208 -46.8206
127.167 106.271 -46.9937
127.395 107.337 -47.1615
127.617 108.404 -47.324
127.834 109.473 -47.4811
128.044 110.544 -47.6327
128.248 111.618 -47.7788
128.447 112.693 -47.9193
128.639 113.769 -48.0542
128.826 114.848 -48.1834
129.007 115.928 -48.3069
129.182 117.01 -48.4246
129.352 118.093 -48.5364
129.516 119.178 -48.6423
129.674 120.264 -48.7423
129.826 121.352 -48.8363
129.973 122.441 -48.9242
130.114 123.531 -49.006
130.25 124.622 -49.0817
130.38 125.714 -49.1511
130.504 126.808 -49.2144
130.624 127.902 -49.2713
130.737 128.997 -49.3218
130.846 130.093 -49.366
130.949 131.19 -49.4037
131.047 132.287 -49.4349
131.139 133.385 -49.4596
131.227 134.484 -49.4777
131.309 135.583 -49.4891
131.386 136.682 -49.4939
131.458 137.782 -49.492
131.525 138.882 -49.4833
131.587 139.983 -49.4678
131.644 141.083 -49.4454
131.696 142.184 -49.4162
131.743 143.284 -49.38
131.785 144.385 -49.3368
131.822 145.485 -49.2866
131.855 146.586 -49.2294
131.883 147.686 -49.1651
131.906 148.785 -49.0936
131.925 149.884 -49.015
131.939 150.983 -48.9292
131.949 152.081 -48.8361
131.954 153.179 -48.7357
131.954 154.276 -48.628
131.951 155.372 -48.513
131.942 156.467 -48.3905
131.93 157.562 -48.2607
131.913 158.655 -48.1234
131.892 159.748 -47.9786
131.867 160.839 -47.8263
131.838 161.929 -47.6664
131.805 163.018 -47.499
131.768 164.106 -47.3239
131.727 165.192 -47.1412
131.682 166.277 -46.9509
131.633 167.36 -46.7528
131.58 168.441 -46.547
131.524 169.521 -46.3335
131.464 170.599 -46.1121
131.4 171.676 -45.883
131.332 172.75 -45.6461
131.262 173.822 -45.4013
131.187 174.892 -45.1486
131.109 175.961 -44.8881
131.028 177.026 -44.6196
130.944 178.09 -44.3432
130.856 179.151 -44.0588
130.765 180.21 -43.7664
130.671 181.267 -43.4661
130.574 182.32 -43.1578
130.473 183.371 -42.8414
130.37 184.42 -42.517
130.264 185.465 -42.1845
130.155 186.508 -41.8439
130.043 187.547 -41.4953
129.929 188.584 -41.1386
129.812 189.617 -40.7737
129.692 190.648 -40.4008
129.57 191.675 -40.0197
129.445 192.698 -39.6305
129.317 193.718 -39.2331
129.188 194.735 -38.8276
129.056 195.748 -38.4139
128.921 196.757 -37.9921
128.785 197.763 -37.5621
128.646 198.765 -37.1239
128.506 199.763 -36.6776
128.363 200.757 -36.2231
128.219 201.747 -35.7604
128.072 202.732 -35.2895
127.924 203.714 -34.8105
127.774 204.691 -34.3233
127.622 205.664 -33.8279
127.469 206.632 -33.3244
127.314 207.596 -32.8127
127.158 208.556 -32.2929
127 209.51 -31.7649
126.841 210.46 -31.2288
126.681 211.405 -30.6846
126.52 212.345 -30.1323
126.357 213.28 -29.5719
126.193 214.21 -29.0034
126.028 215.135 -28.4268
125.863 216.054 -27.8422
125.696 216.969 -27.2496
125.529 217.878 -26.6489
125.361 218.781 -26.0403
125.192 219.679 -25.4236
125.023 220.571 -24.799
124.853 221.458 -24.1665
124.683 222.338 -23.5261
124.512 223.213 -22.8777
124.341 224.082 -22.2215
124.17 224.945 -21.5575
123.999 225.802 -20.8857
123.827 226.653 -20.2061
123.656 227.497 -19.5188
123.484 228.335 -18.8238
123.313 229.167 -18.121
123.142 229.992 -17.4107
122.971 230.811 -16.6927
122.801 231.623 -15.9672
122.631 232.428 -15.2341
122.461 233.227 -14.4936
122.292 234.018 -13.7456
122.124 234.803 -12.9902
121.956 235.581 -12.2274
121.79 236.351 -11.4573
121.624 237.115 -10.68
121.458 237.871 -9.89538
121.294 238.62 -9.10363
121.131 239.362 -8.30475
120.97 240.096 -7.49879
120.809 240.823 -6.68582
120.65 241.542 -5.86588
120.492 242.254 -5.03904
120.335 242.957 -4.20533
120.181 243.653 -3.36484
120.027 244.342 -2.5176
119.876 245.022 -1.6637
119.726 245.694 -0.803177
119.578 246.358 0.0638921
119.431 247.014 0.937445
119.287 247.662 1.81742
119.145 248.302 2.70374
119.005 248.933 3.59634
118.867 249.556 4.49515
118.732 250.17 5.4001
118.599 250.776 6.31112
118.468 251.374 7.22813
118.339 251.962 8.15106
118.214 252.542 9.07982
118.091 253.114 10.0143
117.97 253.676 10.9546
117.853 254.23 11.9004
117.738 254.774 12.8517
117.626 255.31 13.8084
117.517 255.837 14.7705
117.411 256.354 15.7379
117.309 256.863 16.7105
117.209 257.362 17.6881
117.113 257.852 18.6707
117.021 258.332 19.6582
116.931 258.804 20.6506
116.845 259.266 21.6476
116.763 259.718 22.6493
116.685 260.161 23.6555
116.61 260.595 24.6661
116.539 261.018 25.6811
116.471 261.433 26.7003
116.408 261.837 27.7236
116.349 262.232 28.7509
116.293 262.617 29.7822
116.242 262.992 30.8172
116.195 263.358 31.856
116.153 263.714 32.8984
116.114 264.059 33.9442
116.08 264.395 34.9935
116.051 264.721 36.046
116.025 265.037 37.1017
116.005 265.343 38.1604
115.989 265.638 39.2221
115.978 265.924 40.2865
115.971 266.2 41.3537
115.97 266.465 42.4235
115.973 266.72 43.4957
115.981 266.966 44.5702
115.995 267.201 45.647
116.013 267.425 46.7259
116.036 267.64 47.8068
116.065 267.844 48.8895
116.099 268.038 49.974
116.138 268.222 51.0601
116.182 268.395 52.1476
116.232 268.558 53.2366
116.288 268.711 54.3267
116.348 268.853 55.418
116.415 268.986 56.5102
116.487 269.107 57.6033
116.564 269.219 58.6971
116.648 269.32 59.7914
116.737 269.411 60.8863
116.832 269.492 61.9814
116.932 269.562 63.0768
117.039 269.622 64.1722
117.151 269.671 65.2675
117.27 269.711 66.3626
117.395 269.74 67.4573
117.525 269.758 68.5516
117.662 269.767 69.6453
117.805 269.765 70.7382
117.954 269.753 71.8302
118.109 269.731 72.9212
118.271 269.698 74.011
118.438 269.656 75.0995
118.613 269.603 76.1866
118.793 269.54 77.2721
118.98 269.467 78.3558
119.173 269.384 79.4378
119.373 269.291 80.5177
119.579 269.188 81.5955
119.792 269.075 82.671
120.012 268.952 83.7442
120.237 268.819 84.8148
120.47 268.676 85.8827
120.709 268.524 86.9477
120.955 268.362 88.0099
121.207 268.19 89.0689
121.467 268.008 90.1246
121.732 267.816 91.1771
122.005 267.616 92.2259
122.284 267.405 93.2712
122.57 267.185 94.3126
122.863 266.956 95.3502
123.163 266.717 96.3837
123.469 266.469 97.4129
123.782 266.212 98.4379
124.102 265.945 99.4584
124.429 265.669 100.474
124.763 265.385 101.485
125.103 265.091 102.492
125.451 264.788 103.493
125.805 264.477 104.489
126.166 264.157 105.48
126.534 263.828 106.466
126.909 263.49 107.445
127.291 263.144 108.42
127.679 262.789 109.388
128.074 262.426 110.351
128.477 262.054 111.308
128.886 261.674 112.258
129.302 261.286 113.202
129.724 260.89 114.14
130.154 260.486 115.071
130.59 260.074 115.996
131.033 259.655 116.913
131.483 259.227 117.824
131.94 258.792 118.728
132.403 258.349 119.625
132.873 257.899 120.514
133.35 257.442 121.396
133.833 256.977 122.271
134.324 256.505 123.138
134.82 256.026 123.997
135.324 255.54 124.849
135.834 255.047 125.693
136.351 254.547 126.528
136.874 254.041 127.356
137.404 253.528 128.175
137.94 253.009 128.986
138.483 252.483 129.788
139.032 251.951 130.582
139.588 251.413 131.367
140.15 250.869 132.144
140.718 250.319 132.912
141.293 249.763 133.67
141.873 249.202 134.42
142.461 248.634 135.161
143.054 248.062 135.892
143.654 247.484 136.614
144.259 246.901 137.327
144.871 246.313 138.03
145.489 245.72 138.724
146.113 245.122 139.408
146.742 244.519 140.083
147.378 243.912 140.748
148.02 243.3 141.403
148.667 242.683 142.047
149.32 242.063 142.682
149.979 241.438 143.307
150.643 240.81 143.922
151.314 240.177 144.527
151.989 239.541 145.121
152.671 238.901 145.705
153.358 238.257 146.279
154.05 237.61 146.842
154.747 236.96 147.394
155.45 236.307 147.937
156.158 235.65 148.468
156.872 234.991 148.989
157.59 234.329 149.499
158.314 233.664 149.998
159.043 232.997 150.487
159.776 232.327 150.965
160.515 231.656 151.432
161.258 230.982 151.888
162.007 230.306 152.333
162.76 229.628 152.767
163.517 228.948 153.19
164.28 228.267 153.602
165.047 227.585 154.003
165.818 226.9 154.392
166.594 226.215 154.771
167.374 225.529 155.138
168.158 224.841 155.495
168.947 224.153 155.84
169.74 223.464 156.174
170.537 222.775 156.496
171.338 222.085 156.808
172.143 221.394 157.108
172.952 220.704 157.397
173.765 220.013 157.674
174.582 219.322 157.941
175.402 218.632 158.196
176.226 217.942 158.439
177.054 217.252 158.672
177.885 216.563 158.893
178.72 215.874 159.103
179.558 215.186 159.301
180.399 214.499 159.489

1.10218 0.00656731 0.000818033
2.2042 0.0262461 0.00332253
3.3059 0.0589996 0.00758882
4.40713 0.104789 0.0136919
5.50773 0.163573 0.0217064
6.60755 0.235308 0.0317066
7.70642 0.319948 0.0437664
8.80421 0.417444 0.0579592
9.90075 0.527746 0.0743581
10.9959 0.650803 0.0930359
12.0895 0.786557 0.114065
13.1814 0.934954 0.137516
14.2715 1.09593 0.163462
15.3596 1.26943 0.191974
16.4455 1.45539 0.22312
17.5292 1.65374 0.256973
18.6104 1.86442 0.293601
19.6891 2.08735 0.333073
20.7651 2.32246 0.375458
21.8383 2.56969 0.420824
22.9085 2.82896 0.469238
23.9755 3.10018 0.520768
25.0393 3.38328 0.57548
26.0998 3.67819 0.63344
27.1567 3.98481 0.694714
28.21 4.30306 0.759366
29.2595 4.63286 0.827461
30.305 4.97413 0.899063
31.3466 5.32676 0.974235
32.384 5.69067 1.05304
33.4171 6.06578 1.13554
34.4458 6.45197 1.2218
35.47 6.84917 1.31187
36.4896 7.25726 1.40582
37.5044 7.67616 1.50371
38.5143 8.10577 1.6056
39.5192 8.54597 1.71154
40.519 8.99668 1.82159
41.5135 9.45778 1.93582
42.5028 9.92917 2.05427
43.4866 10.4107 2.17701
44.4648 10.9024 2.30409
45.4374 11.404 2.43557
46.4043 11.9155 2.57149
47.3652 12.4367 2.71191
48.3202 12.9675 2.85689
49.2692 13.5079 3.00648
50.2119 14.0577 3.16073
51.1484 14.6167 3.31969
52.0786 15.1849 3.48342
53.0023 15.7622 3.65195
53.9194 16.3484 3.82535
54.8299 16.9434 4.00365
55.7337 17.5471 4.18691
56.6306 18.1594 4.37518
57.5207 18.7801 4.5685
58.4037 19.4091 4.76691
59.2797 20.0463 4.97047
60.1486 20.6916 5.17921
61.0102 21.3449 5.39319
61.8644 22.0059 5.61244
62.7113 22.6746 5.837
63.5507 23.3509 6.06693
64.3826 24.0346 6.30225
65.2068 24.7256 6.54302
66.0234 25.4238 6.78926
66.8322 26.129 7.04102
67.6332 26.8411 7.29834
68.4262 27.56 7.56126
69.2113 28.2855 7.8298
69.9884 29.0175 8.10402
70.7574 29.7558 8.38394
71.5182 30.5004 8.66959
72.2708 31.251 8.96102
73.0151 32.0077 9.25826
73.7511 32.7701 9.56133
74.4787 33.5382 9.87028
75.1979 34.3118 10.1851
75.9086 35.0908 10.5059
76.6107 35.8751 10.8326
77.3042 36.6645 11.1654
77.9891 37.4589 11.5041
78.6653 38.2581 11.8489
79.3327 39.062 12.1998
79.9914 39.8705 12.5568
80.6412 40.6833 12.9199
81.2822 41.5004 13.2891
81.9142 42.3217 13.6646
82.5373 43.1469 14.0462
83.1514 43.9759 14.434
83.7565 44.8086 14.8281
84.3525 45.6449 15.2284
84.9394 46.4846 15.6351
85.5172 47.3275 16.048
86.0858 48.1735 16.4672
86.6452 49.0225 16.8928
87.1954 49.8743 17.3247
87.7363 50.7288 17.763
88.268 51.5858 18.2077
88.7904 52.4451 18.6588
89.3035 53.3067 19.1162
89.8072 54.1704 19.5802
90.3015 55.0359 20.0505
90.7865 55.9033 20.5273
91.262 56.7723 21.0105
91.7282 57.6428 21.5002
92.1849 58.5146 21.9964
92.6321 59.3876 22.4991
93.0699 60.2617 23.0082
93.4982 61.1366 23.5239
93.917 62.0123 24.046
94.3263 62.8886 24.5747
94.7261 63.7653 25.1098
95.1164 64.6423 25.6515
95.4972 65.5194 26.1996
95.8685 66.3965 26.7543
96.2302 67.2735 27.3155
96.5824 68.1502 27.8831
96.9251 69.0264 28.4573
97.2582 69.902 29.038
97.5818 70.7768 29.6252
97.8959 71.6507 30.2189
98.2005 72.5236 30.819
98.4956 73.3952 31.4256
98.7811 74.2655 32.0387
99.0572 75.1343 32.6583
99.3238 76.0014 33.2843
99.5808 76.8668 33.9167
99.8285 77.7301 34.5556
100.067 78.5913 35.2009
100.295 79.4503 35.8526
100.515 80.3069 36.5106
100.725 81.1609 37.175
100.925 82.0122 37.8458
101.116 82.8607 38.5229
101.298 83.7061 39.2063
101.47 84.5484 39.896
101.634 85.3873 40.592
101.787 86.2228 41.2942
101.932 87.0547 42.0026
102.067 87.8829 42.7172
102.194 88.7072 43.438
102.311 89.5274 44.1649
102.419 90.3434 44.8979
102.517 91.155 45.637
102.607 91.9622 46.3822
102.688 92.7647 47.1334
102.759 93.5625 47.8906
102.822 94.3553 48.6537
102.876 95.143 49.4227
102.921 95.9255 50.1977
102.957 96.7027 50.9784
102.984 97.4743 51.765
103.002 98.2403 52.5573
103.012 99.0005 53.3554
103.013 99.7547 54.1591
103.005 100.503 54.9685
102.989 101.245 55.7834
102.964 101.98 56.6039
102.931 102.709 57.4299
102.889 103.432 58.2614
102.839 104.147 59.0982
102.781 104.856 59.9404
102.715 105.557 60.7878
102.64 106.252 61.6406
102.557 106.939 62.4984
102.466 107.618 63.3615
102.367 108.29 64.2296
102.26 108.954 65.1027
102.145 109.611 65.9807
102.022 110.259 66.8636
101.891 110.899 67.7514
101.753 111.531 68.6439
101.607 112.154 69.5411
101.454 112.769 70.443
101.293 113.375 71.3494
101.125 113.972 72.2603
100.949 114.561 73.1756
100.766 115.14 74.0953
100.576 115.71 75.0192
100.379 116.271 75.9474
100.175 116.822 76.8797
99.9633 117.364 77.816
99.7452 117.896 78.7563
99.5203 118.418 79.7004
99.2888 118.931 80.6484
99.0506 119.433 81.6001
98.8059 119.925 82.5555
98.5547 120.407 83.5144
98.2972 120.879 84.4768
98.0334 121.34 85.4425
97.7635 121.79 86.4116
97.4875 122.23 87.3839
97.2055 122.659 88.3592
96.9177 123.077 89.3376
96.6241 123.484 90.319
96.3247 123.88 91.3031
96.0198 124.264 92.29
95.7094 124.638 93.2796
95.3936 124.999 94.2716
95.0726 125.35 95.2662
94.7464 125.688 96.263
94.4151 126.015 97.2621
94.0788 126.33 98.2633
93.7377 126.634 99.2666
93.3918 126.925 100.272
93.0413 127.204 101.279
92.6863 127.471 102.288
92.3269 127.726 103.298
91.9632 127.968 104.31
91.5953 128.198 105.323
91.2233 128.416 106.337
90.8474 128.621 107.353
90.4677 128.813 108.37
90.0842 128.993 109.387
89.6972 129.16 110.406
89.3067 129.314 111.425
88.9128 129.456 112.444
88.5157 129.584 113.464
88.1155 129.699 114.485
87.7124 129.802 115.506
87.3064 129.891 116.526
86.8976 129.967 117.547
86.4863 130.03 118.568
86.0725 130.08 119.588
85.6563 130.116 120.608
85.238 130.139 121.628
84.8176 130.148 122.646
84.3952 130.145 123.665
83.971 130.128 124.682
83.5451 130.097 125.698
83.1177 130.053 126.713
82.6888 129.995 127.727
82.2587 129.924 128.739
81.8274 129.839 129.75
81.3952 129.741 130.759
80.962 129.629 131.766
80.5281 129.503 132.771
80.0936 129.364 133.775
79.6587 129.211 134.776
79.2234 129.045 135.775
78.788 128.865 136.771
78.3525 128.671 137.765
77.9171 128.464 138.756
77.4819 128.243 139.744
77.0471 128.008 140.73
76.6128 127.76 141.712
76.1791 127.499 142.691
75.7463 127.224 143.666
75.3144 126.935 144.639
74.8835 126.633 145.607
74.4539 126.318 146.572
74.0256 125.989 147.533
73.5989 125.646 148.489
73.1737 125.291 149.442
72.7503 124.922 150.39
72.3289 124.539 151.334
71.9095 124.144 152.274
71.4923 123.735 153.209
71.0774 123.314 154.139
70.665 122.879 155.064
70.2553 122.431 155.984
69.8482 121.971 156.899
69.4441 121.497 157.808
69.043 121.011 158.712
68.6451 120.512 159.611
68.2504 120 160.504
67.8592 119.476 161.391
67.4716 118.939 162.272
67.0877 118.39 163.148
66.7076 117.829 164.017
66.3315 117.255 164.879
65.9596 116.67 165.736
65.5918 116.072 166.586
65.2285 115.462 167.429
64.8696 114.841 168.266
64.5154 114.208 169.095
64.1659 113.563 169.918
63.8214 112.907 170.734
63.4818 112.239 171.542
63.1475 111.56 172.344
62.8183 110.87 173.137
62.4946 110.169 173.924
62.1764 109.457 174.703
61.8638 108.734 175.474
61.557 108 176.237
61.2561 107.256 176.992
60.9611 106.502 177.74
60.6723 105.737 178.479
60.3897 104.962 179.21
60.1135 104.177 179.933
59.8437 103.383 180.648
59.5804 102.578 181.354
59.3239 101.764 182.051
59.0741 100.941 182.74
58.8312 100.109 183.421
58.5953 99.267 184.092
58.3665 98.4165 184.755
58.1449 97.5572 185.409
57.9306 96.6892 186.053
57.7237 95.8129 186.689
57.5243 94.9282 187.315
57.3325 94.0355 187.933
57.1484 93.1347 188.541
56.972 92.2262 189.139
56.8036 91.3101 189.728
56.643 90.3866 190.308
56.4905 89.4558 190.878
56.3462 88.5179 191.439
56.21 87.5731 191.99
56.0822 86.6215 192.531
55.9627 85.6634 193.063
55.8517 84.699 193.585
55.7491 83.7283 194.097
55.6552 82.7517 194.599
55.57 81.7692 195.091
55.4934 80.7811 195.574
55.4257 79.7875 196.046
55.3669 78.7887 196.508
55.3169 77.7849 196.961
55.276 76.7761 197.403
55.2441 75.7627 197.835
55.2214 74.7447 198.257
55.2077 73.7225 198.669
55.2034 72.6962 199.071
55.2082 71.6659 199.462
55.2225 70.6319 199.844
55.246 69.5944 200.215
55.279 68.5535 200.576
55.3214 67.5095 200.927
55.3734 66.4625 201.268
55.4348 65.4128 201.598
55.5058 64.3606 201.918
55.5865 63.306 202.228
55.6768 62.2492 202.528
55.7767 61.1904 202.818
55.8863 60.1299 203.097
56.0057 59.0678 203.367
56.1348 58.0043 203.626
56.2737 56.9396 203.875
56.4223 55.8739 204.114
56.5808 54.8074 204.342
56.7491 53.7404 204.561
56.9273 52.6729 204.77
57.1153 51.6051 204.968
57.3131 50.5374 205.157
57.5208 49.4698 205.336
57.7384 48.4026 205.505
57.9659 47.3359 205.664
58.2033 46.2699 205.813
58.4505 45.2049 205.952
58.7076 44.1409 206.081
58.9746 43.0783 206.201
59.2515 42.0172 206.312
59.5383 40.9577 206.412
59.8349 39.9 206.503
60.1413 38.8444 206.585
60.4576 37.7911 206.657
60.7837 36.7401 206.719
61.1196 35.6917 206.773
61.4653 34.646 206.817
61.8207 33.6033 206.852
62.1859 32.5637 206.877
62.5608 31.5273 206.894
62.9454 30.4944 206.902
63.3397 29.4652 206.9
63.7436 28.4397 206.89
64.1571 27.4182 206.871
64.5803 26.4008 206.844
65.0129 25.3877 206.808
65.4551 24.3791 206.763
65.9067 23.3751 206.71
66.3678 22.3759 206.648
66.8382 21.3816 206.578
67.318 20.3924 206.5
67.8072 19.4084 206.414
68.3056 18.4299 206.319
68.8132 17.4569 206.217
69.33 16.4896 206.107
69.856 15.5282 205.989
70.391 14.5728 205.864
70.9351 13.6235 205.73
71.4881 12.6805 205.59
72.05 11.744 205.442
72.6209 10.814 205.287
73.2005 9.89069 205.124
73.7889 8.97424 204.955
74.386 8.06476 204.778
74.9918 7.16238 204.595
75.6061 6.26723 204.405
76.229 5.37944 204.208
76.8603 4.49913 204.005
77.5 3.62642 203.795
78.1481 2.76144 203.579
78.8044 1.90431 203.357
79.4689 1.05514 203.128
80.1416 0.214041 202.894
80.8223 -0.618867 202.654
81.511 -1.44348 202.407
82.2076 -2.25968 202.156
82.9121 -3.06737 201.899
83.6244 -3.86644 201.636
84.3443 -4.65679 201.368
85.072 -5.43832 201.095
85.8071 -6.21094 200.816
86.5498 -6.97454 200.533
87.2999 -7.72903 200.245
88.0573 -8.47432 199.952
88.822 -9.21033 199.655
89.5938 -9.93696 199.353
90.3728 -10.6541 199.047
91.1588 -11.3617 198.737
91.9517 -12.0597 198.422
92.7515 -12.748 198.104
93.5581 -13.4265 197.781
94.3713 -14.0952 197.455
95.1912 -14.7539 197.126
96.0177 -15.4026 196.792
96.8506 -16.0413 196.456
97.6898 -16.6698 196.116
98.5354 -17.2881 195.773
99.3871 -17.8962 195.427
100.245 -18.4939 195.079
101.109 -19.0813 194.727
101.979 -19.6582 194.373
102.854 -20.2246 194.016
103.736 -20.7804 193.658
104.623 -21.3257 193.296
105.516 -21.8603 192.933
106.414 -22.3843 192.568
107.318 -22.8975 192.201
108.227 -23.3999 191.832
109.141 -23.8915 191.462
110.061 -24.3722 191.09
110.985 -24.8421 190.716
111.915 -25.301 190.342
112.849 -25.7489 189.966
113.788 -26.1859 189.59
114.732 -26.6118 189.213
115.681 -27.0267 188.835
116.634 -27.4305 188.456
117.592 -27.8232 188.077
118.554 -28.2048 187.697
119.52 -28.5752 187.318
120.49 -28.9345 186.938
121.465 -29.2825 186.558
122.443 -29.6194 186.179
123.425 -29.9451 185.8
124.412 -30.2596 185.421
125.401 -30.5629 185.043
126.395 -30.8549 184.665
127.392 -31.1356 184.288
128.392 -31.4052 183.913
129.396 -31.6635 183.538
130.403 -31.9105 183.164
131.414 -32.1463 182.792
132.427 -32.3708 182.421
133.443 -32.5841 182.051
134.462 -32.7862 181.684
135.484 -32.9771 181.318
136.509 -33.1567 180.954
137.536 -33.3251 180.592
138.566 -33.4823 180.232
139.599 -33.6284 179.874
140.633 -33.7633 179.519
141.67 -33.887 179.166
142.709 -33.9996 178.816
143.75 -34.1011 178.468
144.793 -34.1915 178.124
145.838 -34.2709 177.782
146.885 -34.3392 177.444
147.933 -34.3965 177.108
148.983 -34.4428 176.776
150.035 -34.4782 176.448
151.088 -34.5026 176.123
152.142 -34.5161 175.801
153.197 -34.5188 175.484
154.254 -34.5107 175.17
155.311 -34.4918 174.86
156.37 -34.4621 174.555
157.429 -34.4218 174.254
158.49 -34.3707 173.956
159.55 -34.3091 173.664
160.612 -34.2368 173.376
161.674 -34.1541 173.092
162.736 -34.0608 172.814
163.799 -33.9571 172.54
164.862 -33.8431 172.271
165.925 -33.7186 172.008
166.988 -33.5839 171.749
168.05 -33.439 171.496
169.113 -33.2839 171.248
170.176 -33.1187 171.006
171.238 -32.9434 170.769
172.299 -32.7581 170.539
173.361 -32.5629 170.313
174.421 -32.3578 170.094
175.481 -32.1429 169.881
176.54 -31.9182 169.674
177.598 -31.6839 169.473

1.10218 0.00519806 0.00301564
2.20423 0.0207662 0.0121058
3.30602 0.0466641 0.0273345
4.40742 0.0828499 0.0487649
5.50829 0.12928 0.0764592
6.60851 0.185909 0.110478
7.70794 0.25269 0.150883
8.80646 0.329575 0.197731
9.90393 0.416514 0.251082
11.0002 0.513456 0.310993
12.0952 0.620346 0.377518
13.1887 0.73713 0.450714
14.2807 0.863752 0.530635
15.371 1.00015 0.617333
16.4595 1.14628 0.71086
17.546 1.30206 0.811266
18.6304 1.46744 0.918602
19.7126 1.64235 1.03292
20.7925 1.82673 1.15425
21.8699 2.02051 1.28266
22.9447 2.22362 1.41819
24.0168 2.43599 1.56088
25.086 2.65756 1.71077
26.1523 2.88824 1.86791
27.2155 3.12796 2.03233
28.2754 3.37665 2.20408
29.332 3.63423 2.38319
30.3852 3.90062 2.5697
31.4347 4.17574 2.76365
32.4805 4.45951 2.96508
33.5225 4.75185 3.174
34.5605 5.05267 3.39047
35.5945 5.36189 3.6145
36.6242 5.67941 3.84613
37.6496 6.00516 4.08539
38.6706 6.33904 4.33231
39.687 6.68097 4.5869
40.6988 7.03084 4.84921
41.7057 7.38857 5.11924
42.7078 7.75406 5.39703
43.7048 8.12722 5.68259
44.6967 8.50794 5.97595
45.6833 8.89614 6.27713
46.6646 9.29171 6.58613
47.6404 9.69455 6.90298
48.6106 10.1046 7.2277
49.5751 10.5216 7.5603
50.5338 10.9457 7.90078
51.4866 11.3766 8.24917
52.4333 11.8142 8.60547
53.374 12.2585 8.96969
54.3084 12.7093 9.34185
55.2364 13.1666 9.72193
56.1581 13.6301 10.11
57.0731 14.0999 10.5059
57.9816 14.5758 10.9099
58.8832 15.0576 11.3217
59.7781 15.5453 11.7416
60.666 16.0388 12.1693
61.5468 16.5379 12.605
62.4205 17.0425 13.0487
63.287 17.5525 13.5003
64.1462 18.0678 13.9598
64.9979 18.5882 14.4273
65.8422 19.1137 14.9026
66.6788 19.6441 15.3859
67.5077 20.1793 15.8771
68.3289 20.7192 16.3761
69.1422 21.2636 16.8831
69.9476 21.8125 17.3978
70.7449 22.3656 17.9205
71.5341 22.923 18.4509
72.3151 23.4844 18.9891
73.0879 24.0497 19.5352
73.8523 24.6188 20.0889
74.6082 25.1916 20.6505
75.3557 25.7679 21.2197
76.0945 26.3476 21.7966
76.8247 26.9306 22.3812
77.5462 27.5167 22.9735
78.2589 28.1059 23.5733
78.9627 28.698 24.1807
79.6576 29.2928 24.7957
80.3434 29.8902 25.4182
81.0202 30.4902 26.0482
81.6879 31.0925 26.6856
82.3464 31.697 27.3304
82.9956 32.3036 27.9826
83.6355 32.9121 28.6422
84.266 33.5225 29.309
84.8871 34.1346 29.9831
85.4988 34.7482 30.6645
86.1008 35.3633 31.353
86.6933 35.9796 32.0486
87.2762 36.5971 32.7514
87.8494 37.2156 33.4611
88.4128 37.835 34.1779
88.9665 38.4551 34.9016
89.5103 39.0758 35.6322
90.0443 39.697 36.3697
90.5683 40.3185 37.114
91.0825 40.9402 37.865
91.5866 41.562 38.6227
92.0807 42.1837 39.387
92.5648 42.8051 40.1579
93.0387 43.4263 40.9353
93.5026 44.0469 41.7192
93.9563 44.6669 42.5095
94.3998 45.2862 43.3062
94.8331 45.9045 44.1091
95.2562 46.5219 44.9183
95.669 47.138 45.7336
96.0716 47.7529 46.555
96.4638 48.3663 47.3825
96.8458 48.9782 48.2159
97.2174 49.5883 49.0552
97.5787 50.1966 49.9004
97.9296 50.803 50.7513
98.2701 51.4072 51.6079
98.6003 52.0091 52.4702
98.9201 52.6087 53.338
99.2295 53.2058 54.2112
99.5284 53.8003 55.0899
99.817 54.3919 55.974
100.095 54.9807 56.8632
100.363 55.5664 57.7577
100.62 56.149 58.6573
100.867 56.7282 59.5619
101.104 57.3041 60.4715
101.33 57.8763 61.3859
101.546 58.4449 62.3052
101.751 59.0097 63.2291
101.946 59.5705 64.1577
102.131 60.1273 65.0909
102.305 60.6799 66.0285
102.469 61.2281 66.9705
102.623 61.7719 67.9168
102.766 62.3112 68.8673
102.899 62.8457 69.822
103.022 63.3754 70.7807
103.135 63.9002 71.7433
103.237 64.42 72.7099
103.33 64.9345 73.6802
103.412 65.4438 74.6542
103.484 65.9477 75.6319
103.546 66.446 76.613
103.598 66.9386 77.5976
103.64 67.4255 78.5856
103.672 67.9066 79.5767
103.694 68.3816 80.5711
103.706 68.8505 81.5685
103.709 69.3132 82.5688
103.701 69.7696 83.5721
103.684 70.2195 84.5781
103.657 70.6629 85.5869
103.621 71.0996 86.5982
103.574 71.5295 87.612
103.519 71.9526 88.6283
103.453 72.3687 89.6468
103.379 72.7777 90.6676
103.295 73.1796 91.6905
103.201 73.5741 92.7154
103.098 73.9613 93.7422
102.986 74.341 94.7709
102.865 74.7131 95.8013
102.735 75.0775 96.8333
102.596 75.4342 97.8668
102.447 75.7829 98.9018
102.29 76.1237 99.9382
102.124 76.4565 100.976
101.95 76.7811 102.014
101.766 77.0975 103.054
101.574 77.4056 104.095
101.374 77.7052 105.136
101.164 77.9964 106.179
100.947 78.2789 107.222
100.721 78.5529 108.265
100.487 78.818 109.309
100.245 79.0744 110.353
99.9948 79.3218 111.398
99.7366 79.5603 112.443
99.4704 79.7897 113.487
99.1965 80.01 114.532
98.9148 80.2211 115.576
98.6255 80.4229 116.621
98.3286 80.6154 117.664
98.0242 80.7985 118.708
97.7125 80.9721 119.751
97.3935 81.1361 120.793
97.0673 81.2906 121.834
96.734 81.4354 122.875
96.3938 81.5704 123.914
96.0466 81.6957 124.953
95.6927 81.8111 125.99
95.332 81.9166 127.027
94.9647 82.0122 128.061
94.591 82.0977 129.095
94.2109 82.1732 130.127
93.8245 82.2386 131.157
93.4319 82.2938 132.185
93.0332 82.3388 133.212
92.6285 82.3736 134.236
92.218 82.3981 135.259
91.8018 82.4122 136.28
91.3799 82.416 137.298
90.9524 82.4093 138.314
90.5196 82.3922 139.327
90.0814 82.3646 140.338
89.6381 82.3265 141.347
89.1896 82.2778 142.352
88.7362 82.2186 143.355
88.278 82.1487 144.355
87.815 82.0682 145.352
87.3474 81.9771 146.346
86.8753 81.8753 147.337
86.3988 81.7627 148.324
85.9181 81.6394 149.308
85.4332 81.5054 150.289
84.9443 81.3607 151.266
84.4515 81.2051 152.24
83.9549 81.0388 153.21
83.4546 80.8616 154.176
82.9509 80.6737 155.138
82.4437 80.4749 156.096
81.9332 80.2653 157.05
81.4196 80.0449 158
80.9029 79.8136 158.946
80.3833 79.5715 159.887
79.861 79.3186 160.824
79.336 79.0548 161.757
78.8084 78.7802 162.685
78.2785 78.4948 163.608
77.7463 78.1986 164.527
77.2119 77.8916 165.441
76.6755 77.5738 166.349
76.1372 77.2452 167.253
75.5972 76.9058 168.152
75.0555 76.5557 169.046
74.5123 76.1948 169.935
73.9678 75.8233 170.818
73.422 75.441 171.696
72.8751 75.0481 172.569
72.3272 74.6445 173.436
71.7785 74.2303 174.297
71.2291 73.8055 175.153
70.679 73.3702 176.003
70.1285 72.9243 176.848
69.5777 72.4679 177.686
69.0267 72.0011 178.519
68.4756 71.5238 179.345
67.9246 71.0362 180.166
67.3737 70.5382 180.98
66.8232 70.0299 181.789
66.2732 69.5113 182.591
65.7237 68.9825 183.387
65.175 68.4435 184.176
64.6271 67.8944 184.959
64.0802 67.3352 185.736
63.5344 66.766 186.506
62.9899 66.1868 187.269
62.4467 65.5977 188.026
61.9051 64.9987 188.776
61.365 64.3899 189.52
60.8267 63.7714 190.256
60.2904 63.1431 190.986
59.756 62.5053 191.709
59.2238 61.8579 192.424
58.6938 61.2009 193.133
58.1663 60.5346 193.835
57.6413 59.8589 194.53
57.1189 59.1738 195.217
56.5993 58.4796 195.898
56.0827 57.7762 196.571
55.569 57.0637 197.237
55.0586 56.3422 197.895
54.5514 55.6118 198.546
54.0476 54.8726 199.19
53.5474 54.1245 199.827
53.0508 53.3678 200.456
52.558 52.6025 201.077
52.0691 51.8286 201.691
51.5842 51.0463 202.298
51.1034 50.2557 202.896
50.6269 49.4567 203.488
50.1548 48.6496 204.071
49.6872 47.8345 204.647
49.2242 47.0113 205.215
48.766 46.1802 205.776
48.3126 45.3413 206.329
47.8641 44.4947 206.874
47.4208 43.6405 207.411
46.9826 42.7787 207.94
46.5498 41.9096 208.462
46.1223 41.0331 208.975
45.7004 40.1494 209.481
45.2842 39.2586 209.979
44.8737 38.3607 210.469
44.469 37.456 210.952
44.0703 36.5444 211.426
43.6777 35.6262 211.892
43.2913 34.7013 212.351
42.9112 33.77 212.801
42.5374 32.8323 213.244
42.1702 31.8884 213.679
41.8095 30.9383 214.105
41.4556 29.9821 214.524
41.1084 29.0201 214.935
40.7681 28.0522 215.338
40.4349 27.0786 215.733
40.1087 26.0995 216.12
39.7897 25.1149 216.499
39.478 24.125 216.87
39.1736 23.1298 217.233
38.8767 22.1296 217.588
38.5874 21.1244 217.935
38.3057 20.1143 218.275
38.0317 19.0994 218.606
37.7656 18.08 218.93
37.5074 17.0561 219.246
37.2571 16.0278 219.554
37.0149 14.9952 219.854
36.7809 13.9586 220.146
36.5551 12.918 220.431
36.3377 11.8735 220.708
36.1286 10.8253 220.977
35.928 9.77343 221.238
35.736 8.71812 221.491
35.5525 7.65948 221.737
35.3778 6.59761 221.975
35.2118 5.53267 222.206
35.0547 4.46476 222.429
34.9064 3.39404 222.645
34.7671 2.32063 222.852
34.6369 1.24466 223.053
34.5158 0.166258 223.246
34.4038 -0.914431 223.431
34.3011 -1.99728 223.609
34.2076 -3.08215 223.78
34.1235 -4.16891 223.944
34.0488 -5.25743 224.1
33.9835 -6.34757 224.249
33.9278 -7.4392 224.39
33.8816 -8.53218 224.525
33.845 -9.62637 224.653
33.8181 -10.7216 224.773
33.8009 -11.8179 224.886
33.7934 -12.9149 224.993
33.7958 -14.0126 225.092
33.808 -15.1108 225.185
33.8301 -16.2095 225.271
33.8621 -17.3084 225.35
33.9041 -18.4074 225.422
33.9561 -19.5064 225.487
34.0181 -20.6053 225.546
34.0902 -21.7038 225.599
34.1724 -22.802 225.645
34.2647 -23.8996 225.684
34.3672 -24.9965 225.718
34.4799 -26.0926 225.744
34.6028 -27.1878 225.765
34.7359 -28.2818 225.779
34.8794 -29.3746 225.788
35.0331 -30.466 225.79
35.1971 -31.556 225.786
35.3714 -32.6442 225.776
35.556 -33.7307 225.761
35.7511 -34.8153 225.739
35.9564 -35.8979 225.712
36.1722 -36.9783 225.679
36.3983 -38.0563 225.641
36.6349 -39.132 225.597
36.8818 -40.205 225.548
37.1391 -41.2754 225.493
37.4069 -42.3429 225.433
37.685 -43.4074 225.368
37.9736 -44.4688 225.297
38.2726 -45.527 225.222
38.582 -46.5818 225.142
38.9017 -47.6331 225.056
39.2319 -48.6809 224.966
39.5724 -49.7248 224.871
39.9233 -50.7649 224.771
40.2846 -51.801 224.667
40.6562 -52.8329 224.558
41.0382 -53.8606 224.445
41.4304 -54.8839 224.328
41.833 -55.9027 224.206
42.2458 -56.9169 224.08
42.6689 -57.9263 223.95
43.1022 -58.9309 223.816
43.5457 -59.9304 223.678
43.9994 -60.9249 223.536
44.4633 -61.9141 223.391
44.9372 -62.8979 223.241
45.4213 -63.8763 223.089
45.9154 -64.849 222.932
46.4195 -65.8161 222.773
46.9337 -66.7773 222.61
47.4577 -67.7326 222.444
47.9917 -68.6819 222.274
48.5355 -69.625 222.102
49.0892 -70.5618 221.927
49.6526 -71.4922 221.749
50.2258 -72.4161 221.568
50.8086 -73.3335 221.385
51.4011 -74.2441 221.199
52.0032 -75.1479 221.01
52.6149 -76.0447 220.82
53.236 -76.9346 220.627
53.8665 -77.8173 220.431
54.5064 -78.6928 220.234
55.1556 -79.5609 220.035
55.8141 -80.4216 219.834
56.4818 -81.2748 219.631
57.1585 -82.1203 219.426
57.8444 -82.9581 219.22
58.5393 -83.7881 219.013
59.2431 -84.6102 218.804
59.9558 -85.4242 218.593
60.6772 -86.2302 218.382
61.4074 -87.028 218.169
62.1463 -87.8175 217.955
62.8938 -88.5986 217.741
63.6497 -89.3713 217.526
64.4141 -90.1354 217.31
65.1868 -90.8909 217.093
65.9678 -91.6378 216.876
66.7571 -92.3758 216.659
67.5544 -93.105 216.441
68.3597 -93.8252 216.223
69.173 -94.5364 216.005
69.9942 -95.2386 215.787
70.8232 -95.9315 215.569
71.6598 -96.6153 215.351
72.504 -97.2897 215.134
73.3558 -97.9547 214.917
74.2149 -98.6103 214.7
75.0814 -99.2564 214.484
75.9551 -99.893 214.269
76.836 -100.52 214.055
77.7239 -101.137 213.841
78.6187 -101.744 213.629
79.5204 -102.342 213.418
80.4288 -102.93 213.207
81.3439 -103.508 212.999
82.2655 -104.075 212.791
83.1936 -104.633 212.585
84.128 -105.181 212.381
85.0686 -105.719 212.178
86.0153 -106.246 211.977
86.9681 -106.763 211.778
87.9268 -107.27 211.581
88.8913 -107.767 211.386
89.8615 -108.253 211.194
90.8373 -108.729 211.003
91.8186 -109.194 210.815
92.8052 -109.649 210.63
93.7971 -110.093 210.446
94.7941 -110.527 210.266
95.7962 -110.95 210.088
96.8031 -111.363 209.914
97.8149 -111.765 209.742
98.8313 -112.157 209.573
99.8523 -112.538 209.407
100.878 -112.908 209.245
101.907 -113.267 209.086
102.941 -113.616 208.93
103.979 -113.953 208.777
105.021 -114.281 208.629
106.067 -114.597 208.484
107.117 -114.902 208.342
108.17 -115.197 208.205
109.226 -115.481 208.071
110.286 -115.754 207.942
111.35 -116.016 207.817
112.416 -116.268 207.695
113.485 -116.508 207.578
114.557 -116.738 207.466
115.632 -116.957 207.358
116.709 -117.165 207.254
117.789 -117.362 207.155
118.871 -117.549 207.061
119.956 -117.725 206.971
121.042 -117.889 206.886
122.131 -118.043 206.807
123.221 -118.187 206.732
124.313 -118.319 206.662
125.407 -118.441 206.598
126.502 -118.552 206.538
127.598 -118.652 206.484
128.695 -118.742 206.436
129.794 -118.821 206.392
130.893 -118.89 206.355
131.994 -118.947 206.323
133.094 -118.994 206.296
134.196 -119.031 206.276
135.298 -119.057 206.261
136.4 -119.073 206.252
137.502 -119.078 206.249
138.604 -119.073 206.252


