-6.29942 -1.74993 -2.84388 -6.3135 -12.3154 24.1 -1.47526 0.367902 0.528325 1.6429 0.801876 0.490622 0.160211 0.558676 -0.543704 0.337752 1.50554 2.75072 
3.68686 -3.9668 3.97361 -11.8951 -30.2049 22.5525 -2.66649 -1.50265 -1.28117 -1.77564 0.234672 -2.84194 -1.31425 1.15074 0.0040855 -2.23841 -1.76897 2.05237 
3.93494 4.88994 -4.31907 -3.78566 -11.3342 -15.4992 -1.26374 -0.110276 0.277204 1.21641 1.74475 -3.00158 0.159859 0.0440104 0.32016 2.58403 -0.482879 -1.93908 
1.48361 4.57022 -5.01058 -4.23103 -29.5086 -18.1611 -2.39606 -0.912443 -1.47832 -1.32055 -1.45964 1.67781 -1.04017 0.457888 -0.296975 -1.57411 -1.89556 -1.31846 
0.706593 -7.14997 3.07171 -17.2363 -9.54963 -2.36402 -1.09427 1.68967 -1.58822 -2.59802 -1.09199 2.29026 0.196646 0.556175 0.0996371 -0.070636 -1.69926 1.46462 
2.99414 4.62441 -3.65671 -22.3231 17.321 -30.6519 -2.09283 -0.78692 -0.834169 2.52417 2.01986 0.642211 -0.534723 0.121347 -0.388763 -1.33477 -0.773837 1.08538 
-2.84687 1.07803 -0.773505 -18.5136 16.2685 14.2576 -2.64137 0.78254 -0.100542 1.57446 1.87594 0.247338 0.346116 0.855876 -0.504664 2.77442 -0.544418 -2.19419 
7.98652 -7.77577 -0.452216 8.69379 -29.9204 1.07484 -1.27247 0.0197055 -0.769644 1.65723 1.85302 0.462668 0.567005 1.63409 -1.74923 -1.61704 1.56991 2.09243 
-3.78603 -4.02288 1.34061 26.5221 -6.90009 -21.8672 -0.70758 0.830895 -1.19597 -0.681567 -0.572125 0.473376 1.2056 0.692234 -0.251724 0.648456 -1.68833 1.22138 
-3.90381 -1.14953 3.00437 -12.555 -8.05011 14.521 0.929819 0.71445 -0.145414 2.56395 -0.735151 1.38122 -2.31661 1.45404 0.588341 -1.56428 -1.75129 1.5741 
-1.3964 -8.32225 -1.68573 -19.0061 4.45802 -10.2684 0.670007 -0.217857 -0.179887 -2.61209 -0.563633 -1.15548 0.486466 0.886268 -0.375311 -0.225796 -1.27189 0.395269 
8.65001 2.70675 -1.5127 22.6588 20.4903 8.2797 -2.1491 0.259705 -1.46444 -1.09606 -1.32841 1.64882 -0.23414 1.33701 -1.54839 1.7664 1.25641 1.01755 
-2.13446 -2.43067 4.56155 21.4954 29.7841 23.1268 -0.254494 -0.499508 1.1433 -1.03507 -1.20605 2.3173 0.120318 0.365435 0.239536 0.847431 -1.13506 -1.98393 
-0.812863 -5.21756 -0.0881587 -10.2112 20.6109 -17.0512 -0.784836 -0.145541 0.268294 -0.284145 -1.39408 -2.76941 -0.289803 0.14186 -0.171733 -0.164582 0.646998 1.99057 
2.50219 1.46275 0.992171 -11.667 -23.4106 -18.7949 1.00916 -1.09758 0.123823 0.234488 0.779415 2.29697 0.0824976 0.0972291 -0.314585 -0.18695 1.09179 0.808298 
-0.694025 -5.10743 0.240536 -13.9065 17.8961 -3.76093 -2.20716 -0.708153 -0.479952 0.861345 2.08467 2.94763 0.0277989 0.31975 0.222663 0.938676 -1.54622 0.0874979 
-3.01373 0.864657 -3.22748 18.9672 -8.3756 20.6982 2.60208 -1.50473 -1.42609 2.29409 0.379437 -0.359621 1.17278 1.23651 -0.520249 1.23702 -1.90005 2.98668 
-9.1233 -3.24331 4.18689 27.2193 13.4647 -19.7022 1.8895 -1.91811 -0.787344 -2.09136 1.88226 1.19237 1.16983 0.668586 0.580978 1.46477 -1.39526 -3.0892 
2.66964 -1.93949 -2.02514 16.9171 3.0374 5.07166 2.83212 -1.13929 -1.5273 2.40279 -0.0866429 -0.648406 1.23635 1.13686 -1.81808 -1.41269 1.36361 1.33076 
3.54457 -4.11725 -3.71054 -24.9725 -9.55816 -30.5592 -1.00797 -0.140042 -0.136535 1.51985 0.260509 2.63352 0.871516 1.03863 -0.918377 1.79363 -2.06072 -0.304862 
4.52935 4.61159 -0.740371 5.26655 -5.6418 -30.8273 -2.0657 -0.727847 -0.739799 0.880169 1.5057 2.791 -0.108927 0.623419 -0.555168 -0.913066 -0.966411 -2.83742 
4.36573 -4.63265 7.42627 -11.6221 -2.22869 14.4175 -0.638245 0.642741 -0.605401 1.04561 -0.00253223 -2.04856 0.778997 -0.615098 0.414676 -0.155397 -0.868996 -0.234734 
4.61841 -5.78124 1.81037 -11.84 8.62208 24.6025 -1.59579 -1.72371 -0.70939 0.891534 1.43567 0.270347 -0.955591 0.475596 -0.0807673 -0.66227 -0.967148 1.4644 
-6.54113 -1.82109 -1.79685 6.57023 -3.27491 7.85393 -0.982699 0.943981 0.402444 -1.65106 -1.57151 -1.38402 -1.4033 -0.0857604 0.77897 -2.74418 -0.999772 -2.72084 
-2.23019 -1.47779 2.44281 -3.97727 9.03222 -14.9932 -0.396588 1.7949 -1.87042 -2.31528 -0.262699 0.815534 -0.453493 0.947193 -0.927058 -0.223431 1.929 0.0584451 
-0.422976 2.5121 4.30648 -16.1256 26.0838 -2.92837 1.22401 1.70937 -1.12409 -1.80602 0.741344 1.95064 -1.10272 0.912515 -0.375654 -2.26233 -0.710919 -2.53831 
-6.98878 2.65668 -2.32302 18.8299 0.707669 19.0276 0.644744 -0.256437 0.269361 -0.365541 0.716776 1.14373 0.40929 -0.0689137 -0.0376952 2.47498 -0.593481 0.863804 
1.57769 2.19335 4.71909 -3.4401 -13.2381 -6.03217 -1.94778 -0.848448 -0.757603 2.0032 0.89212 -2.87959 -0.282558 0.209774 0.124542 0.76044 -0.36143 -2.31435 
-9.4013 -1.63832 2.27491 12.5579 7.90649 -10.0601 0.750877 -0.0444904 0.172773 2.14296 -2.0077 -0.716665 1.55731 1.62506 -1.85519 -1.50778 1.65315 -2.37021 
8.21387 -4.91979 3.1318 22.2597 -15.3562 -5.49779 2.37897 1.12177 0.835178 -1.88033 1.87029 -2.80974 -0.448035 1.53575 -1.65091 -1.16737 0.478338 1.92734 
2.22662 0.804414 -3.33574 6.47828 -10.4557 14.1997 -2.60122 -1.54443 -0.925451 2.57502 0.953877 2.36863 -1.1699 -0.185056 -0.245296 -2.47748 -1.06285 1.10146 
4.17634 1.46929 0.0780606 -3.40294 0.22707 17.116 -2.23766 0.126511 -1.66556 -2.65202 -1.31245 -2.71353 0.810828 0.981547 -1.55258 -1.8547 0.547268 2.66097 
-3.39576 7.0169 6.18663 -27.7721 -2.23505 -21.3877 0.215621 0.932175 -1.3009 0.450005 -1.0963 -2.03086 0.0240239 0.968267 -1.87783 2.38389 1.42872 -1.7452 
1.82692 -0.107512 -5.22281 2.61823 -2.11564 1.56782 2.26809 -0.983529 -1.75801 -0.965121 1.13738 -1.24952 0.38324 0.352678 -0.093996 -2.6751 -0.688728 2.5956 
-1.69906 3.32968 -6.58858 -12.6579 5.36957 -7.71125 0.581335 0.696123 -0.0329607 -2.78379 2.01504 -1.90244 -0.470823 -0.560017 0.37605 -1.81812 -1.12236 -0.982939 
-0.783417 4.3721 5.47538 -20.5818 -28.8799 -11.2667 -0.386496 1.16047 -1.86879 1.01725 0.975693 -2.64909 0.814629 0.722461 0.660706 1.71933 -1.68899 -0.0496705 
4.21828 6.18747 -0.362432 -1.21996 0.224116 2.83201 0.727765 -1.21735 1.13833 -0.615163 1.14799 2.47516 -0.607473 0.253504 0.406155 -1.4289 -1.63642 -1.62974 
-7.0716 1.25254 3.88294 2.88744 19.5462 -17.5532 -0.705963 0.168672 0.221444 -2.563 -0.984665 2.46937 -0.597955 -0.22402 0.638363 -2.50927 -1.21777 2.69992 
0.576955 4.55755 -6.19284 -9.05006 22.8895 28.421 0.505261 1.81118 -1.30018 0.819377 0.0217342 -2.73085 -0.430652 0.599482 0.042797 -2.07581 -1.89561 1.22905 
-1.52321 0.768423 -3.89679 3.09552 -2.20124 -25.0364 -1.09219 -0.27601 0.659548 -0.133834 -0.992188 -0.826824 0.497709 0.985932 -1.82739 -0.0542717 1.33512 -0.0626941 
2.66714 8.33529 2.84378 -25.3813 26.6014 -27.5744 -0.568549 0.949554 -0.662553 1.59247 0.880553 2.29659 0.00943556 1.70361 -1.90407 2.21608 1.9944 -0.163917 
-1.56818 1.8728 4.61986 -21.7329 -9.59342 -14.3453 -0.88241 -0.763886 1.14673 -0.696975 -1.49013 -1.25277 -0.652653 -0.0226196 0.271597 -2.51076 -1.55076 -2.49885 
-3.41162 0.339764 4.91244 -12.2313 -7.09875 -9.4489 0.149606 0.908007 -1.54689 1.7941 0.408176 1.84125 1.94873 0.918552 -1.72189 -2.12549 1.05898 -0.3271 
-7.58666 -1.96335 2.53367 1.02923 14.0916 -16.3555 -1.03681 -0.0918506 -0.03798 -2.21465 0.0437554 1.35161 0.0346623 0.00665203 0.464617 -1.39874 -1.97739 2.86466 
8.47535 2.75342 -5.40526 7.37247 -12.8299 -27.8428 -2.53277 -1.53293 -1.29795 0.0054755 0.92992 -2.74449 -1.9471 -0.0861076 0.0270404 -1.05581 -1.84413 3.01619 
10.4651 0.551682 -0.316373 17.7346 16.0028 -4.1105 0.857472 0.774109 -1.15983 1.54382 -1.60078 -1.41442 -1.90161 0.712845 0.588064 -2.6542 -2.02966 0.681297 
-3.50669 -5.79719 -0.913747 -0.500862 3.35485 20.2035 -0.424624 1.55825 -1.68316 2.3408 -0.392959 0.868698 1.52985 1.28265 -0.301234 -0.0628083 -0.96296 2.03646 
6.73541 2.589 2.42866 16.8665 -7.80946 14.5 0.694891 -0.524656 0.988549 -2.00573 -0.103658 3.1125 -0.41112 -0.225494 0.116592 -0.100042 0.425982 2.29692 
8.59667 1.2478 -1.65346 19.9387 -18.3695 -13.2155 0.354353 0.165832 0.794671 -1.69939 0.409166 1.37017 1.09546 0.184322 0.587506 2.50189 -1.5102 2.38771 
3.33812 0.931134 0.62768 26.4327 -2.8553 17.3605 -0.154778 0.810347 -0.669462 0.38444 0.874129 -0.892589 -0.668875 -0.366919 0.992897 -1.1545 -0.788382 -1.01691 
2.58879 0.814787 -2.96952 22.3696 -17.8635 18.5793 0.929633 0.723184 -1.27602 -1.74386 1.22917 -0.379754 -0.846846 0.794751 -0.48159 -0.419637 -1.7768 2.24598 
2.81229 5.07756 0.546124 -25.2004 26.567 7.22661 -1.7744 -0.971793 0.673417 -2.10583 -1.07593 -1.72552 0.38087 1.05542 -0.0550372 1.1852 -2.04993 2.86964 
-9.56877 -2.27817 -1.48038 10.9707 6.94075 13.3858 0.252548 -0.45555 0.547072 0.542081 -1.03736 2.15925 -1.01205 -1.34429 0.0693845 0.710157 0.597688 0.649445 
-7.26758 3.20317 -0.673004 25.4253 5.62207 25.8676 0.709345 0.606286 -0.647442 2.49687 0.66431 -1.60874 0.0108558 0.922414 -1.87721 -2.1037 1.76376 2.5146 
-6.68186 4.98372 -5.48621 2.38795 -20.2834 10.7004 1.9922 -0.699518 -0.968866 -2.47879 1.97241 2.79757 -0.0463245 0.514526 0.39673 -0.516921 -0.549833 -0.166395 
1.52978 -1.09443 8.03038 -19.6642 29.9178 15.5463 0.0101689 1.3739 -1.84702 1.92064 0.591688 0.505199 -0.386928 0.591576 -0.421352 0.10592 -1.63842 0.0283488 
-3.79759 -4.72737 2.92527 1.01151 17.1251 4.97712 0.949774 -0.831061 0.128406 -2.48229 0.409975 -1.20391 0.809692 0.395405 -0.16747 0.125725 -1.93968 -0.946736 
1.45977 4.38944 -0.0433265 -28.1574 9.07638 18.7406 -0.342855 -1.25098 1.11497 1.11231 0.301742 0.517993 -1.02382 0.931292 0.0395502 -0.520843 -1.33086 -1.9741 
1.1758 6.21055 -0.0991965 -15.2065 16.065 -1.13416 -2.4956 -0.267331 -1.60051 -0.120766 -1.15303 -2.93921 -0.257128 0.290229 -0.679291 -2.29287 -1.49498 -2.1751 
-1.33106 -0.736404 1.68327 -17.2098 26.994 -14.7554 2.06387 0.0383 -1.44592 -2.46688 1.63295 -3.06177 -0.825087 1.22411 -1.57716 1.29296 0.960192 2.37297 
-1.54029 -4.23195 9.28264 -21.713 24.7563 5.72455 0.00545955 0.142473 0.0615089 2.68729 -0.332792 -2.35822 -0.681011 0.414444 -0.447049 2.42416 -1.55579 1.18464 
-1.4114 4.00601 -0.660633 -3.59187 5.37543 -30.456 1.14821 0.717121 0.989515 -2.65884 2.07693 -1.02986 0.175577 1.16549 -0.671394 1.49379 -1.26393 -0.429957 
4.12575 4.5202 6.21914 -24.2871 12.1836 13.3698 0.159079 0.820616 -0.975034 -1.57309 -1.36256 1.16366 -0.689588 1.22522 -0.563223 2.04831 -0.0552966 1.83982 
7.16537 0.657592 5.81125 -3.47239 16.6031 8.48149 2.7852 -1.5423 -0.59223 0.0546401 -0.630158 -2.90396 0.280101 -1.12538 -0.281369 0.636618 1.38643 -2.42654 
4.88615 1.78707 -3.81823 12.57 1.72812 -28.7029 -2.66817 -1.12425 -1.57693 -0.753271 -0.837472 -0.961775 -0.923512 0.606174 -0.309497 -1.97855 -0.949451 2.09694 
-0.326606 -0.703829 -0.653747 15.3631 -7.34407 0.380441 -2.57028 -1.65647 -0.0740527 2.47602 1.72714 2.64738 -0.079062 0.476798 -0.144736 -1.74885 -1.83657 -1.86509 
-2.43559 6.69665 5.54666 -12.2992 19.2095 -30.5705 -0.441848 0.577928 -1.33644 -0.579964 0.948523 0.416984 0.368826 1.09635 -1.91793 0.985049 1.17959 -1.01311 
3.90842 -7.81814 -2.69224 -8.24436 3.21271 -18.715 -0.748995 0.542201 -0.177225 0.228198 0.307889 -2.4004 0.245407 0.381537 -0.764469 -1.60066 -1.92211 -2.67332 
-4.05354 -2.44038 1.16422 -1.20889 25.1034 -8.9916 2.55174 -1.7162 -0.723464 -2.35477 -0.798371 2.18673 0.703207 0.523095 0.398877 -0.793253 -0.93535 -0.488855 
-4.17377 4.71586 0.581099 -9.06422 -24.5914 -7.87859 0.265308 0.976744 -0.970061 2.60355 1.00888 0.658827 0.116525 -0.174822 0.2918 -0.602043 -1.06452 -2.28225 
-0.188957 3.06065 3.87075 -22.8952 -21.8919 -3.92156 -2.64353 -1.75875 -1.56151 1.78281 0.838209 -2.59314 1.66285 0.149361 0.737462 1.45432 -1.67383 2.21007 
-0.443016 0.112154 4.11851 -25.8981 -6.17975 -20.3501 -2.53457 -0.603029 -0.657732 1.57482 2.0717 -1.92359 0.446709 0.215716 1.10478 1.25132 -2.05258 0.423468 
4.31506 -3.4909 6.97142 -20.453 -4.92072 6.71052 1.3131 -0.976475 0.200737 1.12195 -0.908635 2.09508 0.213777 0.385628 -0.111033 0.920804 -2.01896 1.87339 
-4.01156 -3.3583 2.93172 -18.227 -4.47711 -20.7936 -1.6041 0.908798 -0.323539 1.19502 0.741798 -2.35291 0.853469 0.721088 -0.305375 2.4171 -1.58197 2.07234 
-6.02242 -0.159696 -2.52191 20.536 -19.6355 -7.72143 1.41701 0.395576 -1.34524 -2.03667 2.03089 1.84453 -0.496345 1.00894 -1.63074 1.81826 0.921976 -0.339948 
2.41682 -4.52724 4.4245 -6.70626 -8.32831 2.76892 -0.158689 0.866143 -1.83348 2.7805 1.22359 0.962371 2.79481 -1.74136 -0.329733 -0.225779 0.926047 -2.07768 
-0.954887 4.40455 -3.2539 -7.06023 27.0358 5.36807 0.922553 1.63599 -1.25509 -0.0619015 -0.796723 -0.275556 -0.791584 0.0744202 0.589546 -0.532151 -1.63577 -2.68792 
3.21295 1.40741 1.17572 4.22555 27.4807 16.1695 0.97925 1.16593 -0.904554 2.18742 0.665491 -2.55578 -0.55762 1.03953 -0.589142 -1.88421 -0.140717 1.35026 
-5.90332 1.31877 -1.82397 25.749 10.1935 16.7909 -2.54479 -1.19045 -0.568441 2.55999 1.38666 -2.35006 -0.725708 1.22889 -0.527807 -0.0908988 -1.7664 0.379794 
-3.56762 -2.99528 0.687995 -14.8866 -1.91649 12.4381 1.5622 -1.36153 1.18077 2.1276 -2.00972 2.17477 1.25719 0.771753 0.173996 1.508 -1.39705 -0.0874776 
-2.28094 -0.0936267 -1.85992 11.7359 -29.1441 27.3469 2.79539 -1.59569 -1.14194 1.11163 -1.57346 -1.31548 0.772622 0.738318 -0.691925 2.21591 -1.02571 1.45446 
0.0513163 -5.93194 -3.52838 -7.98863 16.7063 -19.2719 2.87262 -1.37128 -0.218697 1.40546 0.320757 -1.79927 -0.602109 0.195109 0.0506064 -2.29224 -0.55811 -2.03866 
12.0582 -3.64099 3.06566 28.752 -27.9635 18.5955 -1.02429 0.291562 -0.0670891 2.5291 1.17865 0.0932001 1.71098 0.302246 0.161198 1.78905 -1.1196 1.90929 
0.882867 -4.9133 -2.87772 5.94998 15.4508 -2.18856 0.721187 0.0602926 0.560352 -1.2678 1.71304 -1.3295 -0.140126 0.30768 0.354045 -0.110908 -1.32473 -1.96075 
6.36731 -1.62971 0.0734277 -7.46066 10.644 -13.3219 0.824963 -0.477254 0.304146 -0.0919082 -0.631243 1.11761 -1.54764 0.400667 -0.527261 -1.14266 -0.951763 -0.00289091 
-3.18986 5.67174 6.16857 -28.5256 6.13306 -22.6457 2.55873 -0.79072 -1.19808 0.113207 -1.82667 2.81596 0.360143 0.404216 -0.748338 -0.0208144 1.79764 -2.80278 
0.537285 5.64074 -5.33632 -13.8681 -2.41699 -14.2718 0.914294 0.997223 -1.54738 1.47064 -0.878837 -0.904211 -0.401742 0.515537 -0.409663 -2.44662 -1.47753 -1.80761 
7.53083 1.51802 -0.795492 -2.14979 2.83918 -16.4747 0.121785 -1.28495 0.348244 -2.16436 -1.30912 -2.90231 -0.509419 1.52583 -0.541016 0.144769 -1.65405 -1.3204 
-8.12598 -2.59003 -4.73996 5.49258 -6.1488 14.8527 1.46176 0.984363 -1.15054 1.66884 -1.91984 -1.50297 0.569797 0.664153 -0.793525 1.90052 -2.01227 1.55068 
-5.49285 -0.438322 -7.07256 -5.53759 -1.37374 13.2142 1.98957 -1.31565 -1.65306 -2.11779 1.65928 -2.11757 -1.76678 -1.51801 0.134615 0.935618 1.6006 1.138 
-7.29934 -8.35603 -0.999548 -0.486086 26.7182 -14.8329 -1.37538 0.898496 -1.71567 -0.39037 -1.24163 -0.140503 -2.65763 -1.91128 -0.430712 -0.0558713 1.25559 2.29213 
4.72148 2.93385 3.74 -13.3475 14.7713 26.6369 0.531897 1.40652 -1.0807 -0.154375 -0.911337 -0.795885 -0.297489 -0.254084 1.19402 2.74472 -0.488655 2.62863 
-2.50282 0.770267 -2.79963 -2.65776 0.120626 19.1349 -2.6331 -1.37095 0.157137 -1.35765 -0.793379 -2.66038 -0.212967 1.71711 -1.84005 1.56419 1.26782 -2.28568 
-2.08924 -3.35841 -2.14099 20.7986 -19.9417 -5.26631 -0.354469 0.31961 -0.301298 0.184625 0.547165 1.24933 0.504861 -0.710391 0.570296 2.67793 -0.818788 2.26151 
-2.70893 -1.21351 4.28505 -4.15488 22.966 15.9772 2.26285 -1.87041 0.218947 -2.49789 1.60994 -3.09982 -0.371533 0.430816 0.47034 -1.38099 -1.78793 1.76691 
-2.52407 5.83342 -1.74761 2.67511 0.0963594 -9.80898 0.280308 -1.21718 1.17191 1.64065 0.0252636 -2.24748 0.0233446 0.532908 -0.485301 0.132643 -0.486374 0.84559 
0.676394 -3.58269 -3.03321 -10.7501 3.74015 7.97457 1.60368 -0.542082 0.284201 2.46025 -1.44208 2.45289 -0.766644 0.542147 -0.165853 0.0725192 -1.39567 0.00951056 
6.67291 -1.39481 0.521977 3.68313 18.5915 3.03341 0.350933 0.699028 -1.49187 0.256444 1.46809 -0.980256 0.86277 1.07301 0.244018 2.11813 -1.93385 0.633382 
-3.81419 -1.81997 2.39206 1.18359 5.66899 -2.12945 1.65052 -1.07309 0.469917 -0.653444 2.01972 2.58623 -1.71262 -0.0154542 1.10242 -1.91926 -1.88738 2.9483 
2.09364 -4.09913 -6.42354 -11.3461 -10.5182 -14.4663 -0.0748945 1.55319 -1.50912 -0.407697 -0.477263 0.598943 0.197613 0.173672 -0.130525 1.80813 -0.378898 0.874587 
