-6.16881 3.15591 -4.26308 3.04019 8.00233 26.6475 -0.849686 1.07823 -0.310884 -1.73217 2.07331 0.131008 1.0716 1.2549 -0.714506 -0.222575 -0.967656 -2.369 
4.80688 -1.5207 2.24581 -13.6594 9.16963 10.8327 -1.84668 -0.00183782 0.499412 1.2522 1.18626 -0.446139 0.762798 0.724915 0.879318 0.0779408 -1.69396 -0.547009 
7.10819 2.7999 -8.00046 -0.683237 8.1825 -30.0558 -0.408619 0.0238887 -0.682688 -1.03287 0.448089 1.29628 0.733606 1.4276 -1.82766 1.07351 -2.01303 -0.167224 
-2.7179 0.580977 7.86858 -21.0189 -18.8303 -9.36266 0.556198 -0.269013 0.471995 1.2442 -1.84054 -1.8268 -0.347735 0.276535 0.0570569 2.75603 -1.42536 -0.484694 
1.38085 5.43366 -4.25837 -10.2489 14.3944 19.569 0.194169 1.02574 0.0930705 -1.45103 1.84668 -1.18594 2.25522 -1.8905 0.410473 0.185443 -1.44601 -0.992272 
-3.34399 -0.616315 -2.89712 -19.6436 15.5035 -10.0799 0.212124 0.0225089 0.777431 1.54587 -1.43709 2.79281 1.81555 0.901476 0.417728 2.16618 -1.0536 -0.261761 
6.9919 4.32647 0.0912609 15.7138 15.9621 11.0073 -1.43547 0.229801 0.4347 -0.835052 -0.54534 0.1463 -2.28483 -1.91279 -0.710335 -1.3177 -1.42173 0.755941 
4.03024 -7.32904 2.32596 -6.90982 -5.43437 -3.10151 1.5665 -0.443292 0.540129 2.48173 -1.23942 -1.87242 -0.392091 0.562963 -0.660331 0.740113 1.42946 -1.57343 
-3.79575 -5.82585 3.88676 -20.4674 1.81399 -20.4962 -0.455298 0.508086 -0.492564 1.44704 -0.301789 -2.85241 -0.381688 -0.45411 0.608028 -0.233044 1.47733 -2.42274 
4.16797 -5.17688 1.78787 20.8422 1.95992 25.3511 0.901703 0.320176 -0.711428 -1.08386 1.37398 0.925343 2.52812 -1.12197 -0.324125 -1.88123 1.9796 -1.94837 
0.412532 -2.35152 -2.28144 -5.13194 18.8615 -15.4022 0.638507 0.124214 1.15999 1.90853 -0.27188 -2.62344 2.311 -1.37815 -0.660165 -1.8145 1.33679 0.0339815 
-4.91021 -0.62253 -1.95032 -18.2381 -2.93642 7.31531 -1.855 1.09414 -0.536311 0.860302 2.06614 2.51543 1.33257 0.816016 0.508695 1.58882 -1.71798 -0.199022 
6.77808 2.12872 -3.39855 24.3922 -19.998 -9.62256 1.9027 -0.782607 -1.22146 2.11545 -2.00692 -2.14665 -0.160963 0.28853 0.366981 -0.299258 -1.3422 2.08958 
4.52868 0.791772 -0.331123 24.6094 11.8428 -19.192 -0.344339 1.54749 -1.55223 2.61687 -0.014949 -0.914674 0.0919172 -0.449691 0.618215 0.325975 1.13388 1.42999 
-4.53687 -3.26286 -4.40886 5.23216 23.4045 10.595 -0.549802 0.812784 -0.576912 -1.15671 0.467422 1.81438 -2.60472 -1.84614 -0.364221 -1.85192 -0.510545 1.25755 
1.82168 -9.5868 -1.60833 -27.5046 3.41858 -14.8663 -0.903251 -0.0478297 0.72548 0.362469 1.84976 -1.4875 -0.00509206 0.936406 -0.419553 0.137695 1.08865 0.199137 
0.250236 3.33344 4.27831 -28.7092 19.6978 5.89749 -0.124371 -0.178917 1.00909 -2.00482 0.299673 0.564224 1.38946 1.25275 -0.0532011 -1.69536 2.02455 -0.653761 
2.37939 0.0354602 1.56198 -2.68002 -3.66103 21.3202 -2.70384 -1.07521 -1.09928 -0.976282 0.958187 -2.48512 -1.1374 0.843126 -0.506317 -1.00605 -0.940352 1.11175 
0.643226 5.91195 -2.39038 1.45118 -1.78035 22.0956 -0.62735 0.959099 0.0189239 -2.75333 1.87223 -2.11509 -0.00135208 0.631573 -0.48513 2.47165 0.174325 -0.864498 
-5.79757 2.09448 3.84976 10.4598 -26.608 -17.2894 -0.513278 1.15231 -1.16281 -1.13457 0.598683 -1.55094 0.463857 0.678039 -0.269871 0.278865 -1.5 0.984708 
0.605038 8.77008 5.22772 -19.421 -7.22641 28.2635 2.73531 -1.77152 -0.158764 2.23308 -1.56441 1.7059 -2.85111 -1.87502 -0.227247 -0.775776 1.00899 2.65994 
2.34748 2.53276 -0.422838 1.94604 21.3357 22.7147 -0.435583 1.06721 -0.514905 1.03027 -1.09972 2.26168 2.87819 -1.56744 0.0524983 0.282296 -1.99515 0.235977 
7.77552 5.9948 -4.56548 11.709 10.4512 -19.2959 2.78504 -1.14777 -0.718594 0.952063 -0.560135 2.19877 2.58057 -0.616947 0.234459 -2.78086 1.93108 2.41535 
1.50077 -1.85412 -6.01869 -12.5469 11.251 1.52804 0.417506 -0.338812 0.270455 0.0848906 1.25777 -2.08104 2.0235 -1.45786 -0.47883 2.47053 -1.20383 1.09347 
9.16547 -0.676777 3.84333 21.6096 21.8287 17.5191 0.180089 -0.824325 0.805813 -1.10935 1.11267 1.12675 -0.116585 0.625643 0.772022 2.46013 1.20314 -1.92218 
-0.909541 -5.04023 -2.09335 -19.8844 -3.87761 7.86295 -1.01116 0.293584 -1.86425 -2.01275 -2.01988 0.780061 -0.132559 0.104372 0.0167159 -0.610145 1.02972 -1.73723 
3.12822 -0.416113 -7.52415 -7.67438 19.6584 -6.06362 -0.329977 0.225156 -0.997266 -1.36852 0.325346 2.52411 -0.205868 0.456261 0.176878 0.612058 -1.7625 -0.0438392 
-2.74559 8.31345 -6.49434 -28.4155 -10.6588 28.6329 0.305413 0.408626 0.038769 2.32901 0.0823008 -2.49918 0.140818 1.38938 -0.993635 1.82541 -1.09237 -2.36967 
3.32899 6.44603 -0.490507 -6.27259 18.6202 27.6206 0.154334 0.778976 0.322537 1.83015 1.52024 2.2894 0.159327 0.482292 0.358038 -1.60073 -0.976387 1.59361 
5.61139 -7.97129 -4.79741 -9.00991 -10.5532 -29.3971 -2.80031 -0.944797 -1.71687 1.1881 -1.02435 1.96898 1.80604 -0.298207 0.869325 2.55457 -1.95037 -1.85635 
-8.8501 7.10673 1.40197 1.35905 -30.669 -1.23248 -0.537431 1.56398 -1.43025 -1.64729 0.946254 -1.84075 1.96688 -0.549154 0.541091 0.568257 -0.409547 0.753979 
-5.23569 4.15303 -1.82051 27.1558 2.49404 10.5893 -2.23568 -1.76015 -1.05654 2.27819 1.32408 1.07337 -0.187298 0.447762 1.1755 0.992248 -1.49674 -3.0535 
-5.50459 3.62263 1.78493 -17.5384 -13.8441 -2.00154 -1.48274 -1.49907 -1.7739 -1.10914 -1.25709 1.36991 -0.963875 0.529152 0.01908 0.888035 -0.515077 1.31958 
7.27416 2.1777 -0.231121 28.5965 3.47418 27.1409 -0.113308 1.30065 -0.677709 0.498175 -0.871766 -1.58074 -0.903541 1.03648 0.0255382 -0.0769828 1.59257 0.502866 
6.21022 -2.07827 3.10021 12.3661 -17.0495 27.4209 -0.197674 1.43683 -1.41302 -0.692199 0.0335033 1.18499 -2.49571 -1.88767 -0.573364 -2.38677 -1.00681 -1.40369 
-8.99033 -4.59657 4.08382 5.24313 27.4922 0.159451 0.577983 0.841131 -1.57939 1.62467 -0.736805 1.00992 -2.04889 -1.4468 -0.684846 0.257925 1.54738 1.53466 
6.04384 2.9234 -2.31195 22.1402 19.9904 14.0309 -0.982098 -0.197736 -0.403389 2.44822 -1.52509 2.85521 0.197018 1.70445 -1.88824 -0.0300505 0.21475 2.59468 
6.19542 -1.49508 2.79726 23.2502 25.7808 8.34828 0.45256 0.140901 0.0648507 2.30003 0.223176 2.12909 -0.173449 -0.00444784 1.15254 -2.37993 1.93356 2.52401 
4.66149 -1.63713 1.35081 25.6865 -5.40529 -24.1738 1.0737 0.396167 -0.0393374 -2.60087 0.250245 2.10728 -0.160413 0.719423 -0.566082 1.58902 -1.49992 -2.69882 
0.269095 5.57434 4.77743 -18.6759 -17.635 6.40422 -0.525196 -1.2354 0.810245 1.55846 1.71124 2.46575 -0.132617 0.74359 -0.581335 -2.39224 -1.3753 2.42254 
5.67993 2.69384 -4.18426 7.12995 -16.3734 -10.7966 0.0247968 0.00831597 0.710778 -0.964829 -0.507006 -0.886837 -1.24998 1.12533 -0.535923 -2.12508 -1.67112 0.545852 
2.30693 5.49507 -3.20995 -10.653 2.2048 -1.76492 -1.80505 -0.0603354 0.214262 2.15588 1.07914 -1.54123 0.892603 1.10613 -0.40667 1.71814 -1.35753 1.20779 
3.39134 -3.75582 1.56715 17.0499 -3.06741 10.0807 0.237533 -0.641616 0.816198 -1.9051 -0.100257 -2.67828 -0.173414 0.943498 -0.19962 2.25843 0.934871 0.0868019 
5.62931 2.59617 6.71293 -3.45837 1.68066 22.0339 -2.76172 -1.40939 -0.610035 -1.67721 -1.296 2.10658 -1.38258 0.616285 -0.0466674 0.960115 1.56035 -2.49396 
1.83855 5.17822 1.43218 4.92604 20.588 -20.543 -0.477837 0.514264 -0.103592 -0.420167 -1.05301 0.567309 0.233649 0.5322 -0.605732 -1.92316 -1.37572 -0.114151 
-2.37573 1.11399 -1.53317 -22.652 10.9043 0.411586 1.29141 1.07684 0.929668 -1.63346 1.74483 0.593228 -1.68603 0.976117 -0.454327 -2.13748 -1.3846 0.305637 
7.41086 9.24532 -2.6887 -8.45622 29.4157 -0.688313 -0.0818433 1.57562 -1.59134 0.602763 1.22958 1.91148 -1.24269 -0.425006 0.0143687 -0.613941 1.51536 -2.24073 
8.64382 -2.14814 -2.22008 19.9113 -3.97976 12.3059 2.48765 -0.113302 0.527188 -0.234163 1.88637 -1.88503 0.33859 1.5279 -0.618933 -2.19283 1.2619 -2.92633 
1.82676 0.821626 -3.92887 6.29137 -18.2354 6.41374 0.19464 1.35543 -1.28941 0.889644 0.754249 0.740911 -1.35927 0.625032 0.529176 -0.792466 -1.81738 -0.271144 
-5.36514 -3.33151 -3.74204 13.2569 -19.32 12.7731 1.35347 0.559522 0.647209 1.50429 -1.96948 1.81163 2.27006 -1.58572 -0.306666 1.14457 -1.68438 2.91669 
6.0868 1.4088 -2.69724 12.7698 4.58506 -1.95913 -0.612888 0.335634 -0.942594 0.263308 1.83217 1.51813 0.53889 -0.177881 1.05755 -2.28552 2.00775 -1.27185 
-6.0814 0.66155 5.54727 4.48792 -9.80904 -1.19731 -0.868373 -0.740573 0.454635 -2.25764 -0.627409 -2.98195 2.39675 -1.84496 -1.01605 1.77709 -2.08085 2.3336 
3.11095 -6.28162 5.09418 -14.1867 -25.5486 5.68058 -0.511654 0.679593 -0.256888 1.29875 -0.905267 -1.27426 0.698384 1.0795 -0.839425 2.18217 -1.92616 0.474304 
-4.64787 -3.55371 -1.48538 23.4735 -14.8522 -10.8115 2.33759 -1.40694 -1.2313 -0.552533 -0.512643 -2.81491 -1.89252 -1.72094 -1.77102 0.136855 0.753707 -2.23789 
4.69747 3.27221 -1.74977 -23.5242 26.4343 1.46985 -0.246672 0.795643 -0.562983 0.441859 0.557862 2.84166 1.7748 -1.71887 -0.786653 0.0897379 1.74966 -1.29849 
-3.0576 -1.44448 -4.15464 -4.57342 28.203 14.6965 -0.300134 0.857268 -1.20075 2.57677 0.665109 -1.60626 0.709969 0.277993 0.604945 -2.4102 0.645476 2.09934 
-6.3431 3.73587 -2.62542 7.83356 -14.1278 10.1877 -1.77407 -1.77927 1.00138 0.925869 0.89183 2.69668 -0.289233 0.857781 -0.0950417 0.278425 -2.01713 -0.845052 
-1.75033 -0.987403 -1.35864 -6.06932 2.06912 21.9335 0.210984 -0.253237 0.768747 2.67393 -0.835298 0.904704 0.236185 -0.0741498 -0.0156798 -0.551428 1.37976 -1.69494 
-4.33236 -2.67334 0.767357 15.2437 9.03397 -19.2787 0.625189 1.01643 -0.68626 -0.0403187 1.5212 -3.10081 -0.86046 1.06685 -0.265479 -1.55854 -1.93561 0.422142 
-0.31082 3.84571 -3.24566 -4.1623 -1.02601 -2.93481 -1.55671 -1.03072 0.710963 2.58169 -1.53711 -0.121355 0.288726 1.07884 -0.86967 -1.7121 -0.818223 -1.05109 
-5.90292 -2.74528 -3.42896 13.4306 21.2097 -19.3758 2.10241 -1.36906 -1.10056 -0.0146103 0.122944 2.33847 -2.85827 -1.85813 -0.589838 -0.604896 1.94636 1.84041 
2.82596 5.94044 -4.5549 -17.1413 3.13117 -3.00698 0.303788 1.75639 -1.29168 -1.0754 0.632571 -0.566404 1.38363 1.1758 -0.143528 1.06309 -0.963832 -2.32659 
3.60341 6.69531 -3.48 -10.7268 15.9487 8.79969 1.23867 -1.30403 1.12274 -1.68361 -0.99039 0.133747 -0.678727 0.948503 -0.338713 1.24183 0.95373 1.45354 
-5.26968 -3.08013 -0.183891 -18.9583 11.2788 5.94634 -1.49178 -0.465835 0.143641 -0.964967 -1.49987 -1.92015 1.96517 -0.899665 -1.1572 2.41275 -1.60458 -0.909447 
0.0547432 -0.669887 -3.36828 15.7441 2.9436 15.305 -0.562401 0.643131 -1.80304 0.714412 1.20736 -1.40255 0.160544 0.846358 -1.10749 -0.0457176 -0.236748 2.10864 
4.78652 -4.05527 3.13919 -3.92564 -15.183 17.4901 -2.75974 -1.56692 -0.625486 -1.72256 1.15527 2.61232 -0.398959 0.630189 -0.103497 2.54798 -1.59352 -1.69062 
-0.954024 -1.20648 -5.33424 -4.7235 24.9103 29.6456 -0.165301 0.827739 -0.172026 -1.02904 -0.290892 -2.43547 2.41725 -1.36761 -1.13494 -0.252749 1.94374 0.41224 
3.0916 8.24497 -5.50738 -28.7315 20.1737 -15.138 -0.376506 1.40353 -1.64924 1.59535 -0.111412 0.375661 0.469044 -0.0363016 0.348041 0.0204647 1.08164 0.0206436 
1.19283 2.74226 -1.31766 -2.35324 8.50798 4.07525 0.267853 1.40188 -1.59788 0.896381 0.781888 -1.49886 0.797506 0.828216 -0.251697 -0.168044 1.98342 -2.96685 
5.61232 1.55538 -0.207717 21.2653 2.91389 -21.863 2.41648 -1.29564 -0.836594 0.397238 -0.828697 -1.04745 0.314151 0.310242 -0.783065 0.544002 1.72086 1.06338 
0.543271 -1.19358 -2.45579 -14.5079 -25.0459 24.4924 1.17201 -0.580263 -0.403149 -0.76341 0.669734 -0.789083 -0.386368 0.85926 -0.321896 -0.834133 -0.829974 1.00618 
-3.58942 -0.411471 -4.85681 -10.9011 -6.88288 17.6266 -2.56044 -1.33917 -0.599075 1.12811 1.67916 1.05153 -0.000823522 1.3951 -0.637864 1.84854 0.739937 -1.96457 
-2.11087 0.98285 -0.394948 -10.6595 -8.93436 -12.2758 -1.97847 0.571297 -0.67334 1.54526 1.20003 -2.37498 0.597842 0.743689 -0.0493923 -0.330703 -1.03399 2.9328 
6.75976 4.04292 -7.02699 -18.9837 16.03 -25.1642 -0.434842 0.390371 0.453884 0.3297 2.08797 -3.10972 -0.101675 0.984848 -0.499441 -1.26761 1.37032 0.598796 
9.96367 -0.187693 -0.812252 21.2634 -10.4509 -11.8233 -0.169212 -0.184061 0.114009 -1.86794 -1.25133 1.41391 -1.78763 -0.179164 0.384895 -0.983333 -1.59294 -2.6685 
-3.85125 -0.623632 3.41462 15.2398 12.2717 -18.6803 -0.115798 1.80485 -1.4118 -2.54409 0.954244 2.32959 0.887571 1.01295 0.321591 -1.09728 1.84261 0.00601062 
-2.50221 -4.3158 8.11229 -28.8761 8.86438 -6.17875 0.602259 1.20877 -1.90683 -2.0748 1.70167 -1.097 0.16561 0.669414 -0.327964 -2.08497 -1.1168 1.1175 
0.999958 1.26518 4.80916 1.00204 -1.69486 2.22384 2.67784 -1.27719 -1.20558 -1.78961 -0.839058 2.4535 0.571254 0.978292 -0.955454 -0.308084 1.10625 -2.82408 
2.46909 -4.69104 -6.41329 -12.2558 -6.42124 -17.2575 -0.106591 0.367334 0.366917 1.03638 0.060108 -1.6311 -0.134363 0.967091 -0.553288 0.0702586 -1.11388 -3.07099 
4.13225 -3.37409 5.20478 -21.6087 6.80496 6.3534 1.2137 -1.76549 1.0692 1.57307 -1.61133 -2.26758 0.43505 -0.361066 1.00021 -0.120233 -1.06461 0.929491 
1.97696 5.0403 2.88554 4.22092 18.5926 19.6377 2.38014 -1.13474 -1.46597 0.311787 -0.304627 -1.3842 0.903014 0.591944 -0.230376 2.01955 -0.38415 -0.56868 
-2.05339 3.29462 4.32256 1.79197 -20.752 -26.7873 -0.191334 0.141753 -0.692232 -0.776547 1.22812 -0.908735 0.134559 0.837009 -0.446238 -0.0630423 -1.96362 -1.66019 
-11.1216 1.99565 -5.161 16.9287 -4.55247 21.429 1.0664 -0.154047 -0.452672 1.13348 -1.76999 1.15335 -0.0750875 -1.19501 1.1664 -0.305785 -1.19707 2.72618 
0.167543 -4.48831 -1.05608 -18.908 -24.42 0.0949782 -2.26467 0.405803 -1.61808 -1.27728 -1.67727 2.02458 0.160662 0.350147 0.111228 -2.59031 0.599186 -0.934648 
-6.88537 0.605971 -3.43475 12.3454 -6.91167 20.262 0.534945 1.3599 -1.66263 -0.310274 2.02099 0.552565 0.216368 0.0607539 0.634972 2.71372 1.1027 1.07733 
-10.261 -1.21372 -1.6192 17.2585 10.1787 23.7968 -1.23598 -0.473724 0.0127405 -0.0356475 0.473108 -2.20997 0.465636 0.273364 0.182984 2.71501 1.59565 -2.57344 
4.43638 2.1163 7.5078 -3.89843 -4.40174 17.6471 0.637643 1.25992 -0.643366 1.59238 -1.06032 -0.227848 0.157582 0.334882 -0.230816 -1.25946 0.429854 -1.15923 
-0.926609 -0.484444 3.04357 -24.0491 -1.23448 9.17856 1.79376 0.206115 -1.18549 -1.78805 1.87247 -1.02326 -1.91387 -1.3269 -0.116192 -1.27549 -1.74356 -0.071135 
-3.97986 3.04525 3.67971 5.20087 -25.0529 2.81126 -0.675966 0.81391 -0.736116 1.22196 -1.9227 2.3708 -2.51451 -1.75929 -0.0349987 -1.16496 -0.674907 2.98774 
0.0324472 1.7524 -5.14272 -4.33507 -16.7357 -21.2849 -0.67044 0.584547 0.387853 0.0202069 -0.747413 -0.0299959 0.767918 1.07406 0.0180168 0.183999 -1.9163 2.97394 
8.56196 2.81523 1.45634 15.8308 8.8202 26.2964 -0.0420893 0.00710568 0.888238 2.19371 -0.209841 -1.73575 -0.370652 1.14765 -1.84024 2.42703 -2.00876 -2.35544 
-5.76302 -8.11628 -2.66898 -14.5783 17.7253 4.92527 0.640888 0.323986 -0.380099 0.22759 0.522638 0.909587 0.135895 -0.153338 -0.43409 1.03793 -2.06146 -2.3044 
8.71871 3.10027 1.747 29.4735 -0.339337 19.4234 1.23038 1.05878 -0.939125 -1.81266 1.51745 -2.37422 0.391511 0.842058 -0.315035 -2.00969 1.74538 1.04629 
-10.8733 0.455424 4.39742 28.6419 6.75604 -15.2807 -0.410009 -1.26139 -0.632558 -2.64705 -2.06002 1.41325 -2.83958 -1.64268 -1.23854 -1.85623 -1.28452 0.329779 
-6.67042 6.66839 3.01292 8.43291 -9.12062 -17.1987 -1.78318 -0.625971 0.162293 1.46727 1.08905 -0.0280797 0.514931 0.670978 -0.140225 -0.115024 -1.11372 2.41849 
-4.13217 -6.63071 3.62825 -26.6867 16.0342 -0.765842 -0.131262 -0.0837979 0.271519 -2.53953 0.204301 -0.195355 -0.57352 0.737743 0.16146 0.63206 1.75154 -2.37828 
1.67466 0.948062 6.90543 -6.26571 -14.0104 7.85423 -0.462822 0.983949 -0.490676 0.248419 -1.76325 -2.64097 -0.10323 1.23272 0.085513 1.89999 1.52394 0.430309 
-2.2748 -6.70273 2.51877 -2.20279 -9.11979 -14.2971 0.391524 0.941858 0.211822 1.81572 -0.332901 0.205529 -0.214706 0.199811 1.12101 1.24599 -1.04534 -2.30834 
-0.0374092 -2.382 -8.31611 -13.3181 -29.1285 23.4435 2.44937 -1.41465 -1.40312 -1.928 1.1057 -1.73388 0.681405 -0.586784 1.089 -0.341786 -0.314756 3.12895 
2.00958 0.42205 1.03049 25.0403 22.6207 -18.3659 0.00665348 1.83655 -1.85737 -2.55215 1.74123 -2.65737 -0.512472 0.289698 0.170725 -1.38311 -1.73669 0.717106 
-0.0549819 4.55437 -2.13319 -9.87543 -3.85685 10.0937 1.01031 1.25666 -1.06315 -2.75247 0.284677 0.340108 2.34835 -1.38449 0.242622 0.748926 -1.68554 -2.49271 
-6.07827 1.19318 5.77675 -17.0551 3.32108 -18.8994 -2.11521 -0.947683 -0.234071 0.777022 1.29566 -1.5526 0.210277 0.970111 -0.248359 -0.849061 -1.05845 0.788594 
-1.44938 10.1908 -0.118498 -27.2475 -3.34146 12.7852 0.698781 0.949294 -1.50892 1.01616 -1.65236 -1.08625 -0.540461 0.483683 0.167465 0.22572 0.765593 1.52113 
0.773091 -3.29285 2.04054 11.4747 5.77141 -12.8418 0.576645 1.83738 -1.51301 1.42591 -0.443643 -2.76207 -0.867832 0.110763 0.569005 -1.4227 -0.624578 -3.10476 
0.14033 4.0117 -1.08103 11.1114 0.534 -16.4252 1.02199 1.86018 -1.47677 0.970385 -1.24192 -1.76116 -0.62335 1.39021 -1.26593 -1.005 -1.90153 1.00364 
-3.26161 0.183965 7.06483 -27.7371 -9.43039 -29.9492 -0.0207543 1.05303 -1.6995 1.14121 0.319244 1.49124 1.13439 -0.220431 -0.542873 -0.34847 1.41469 -1.73881 
-5.76119 0.327633 0.760436 7.82534 14.8509 8.378 -0.633692 1.08918 -0.934359 2.35797 -0.362965 2.33718 1.82794 -0.0258547 0.230395 1.54478 -0.938694 1.19286 
-1.55991 -5.37862 2.93388 -18.0743 22.121 -19.2037 1.5354 -1.05962 0.910748 -0.304231 1.30406 1.1807 -0.283734 1.40374 -0.649027 -1.11413 -1.69916 -1.27878 
-0.758984 -0.604133 6.84547 -24.942 20.3822 -22.5718 -2.00536 -0.789253 -0.970627 -1.89455 -1.75199 -0.235878 0.304006 0.461726 0.168446 -2.16075 1.54554 -2.37166 
-6.39612 2.15045 0.823574 26.5988 19.8245 -6.02903 -0.566294 1.60234 -1.69505 2.36248 1.51206 2.54048 2.39283 -1.84627 -0.581803 2.4168 -1.33363 1.39024 
5.52909 -6.91537 1.71038 -13.0096 -24.5265 -7.505 0.0552325 1.34434 -1.33178 -1.79644 1.34525 -0.187318 -0.642349 0.997347 0.651709 2.18957 -1.78654 0.309762 
3.09149 -3.36621 -3.06395 -19.5495 6.40702 -25.8163 -1.17074 -1.43252 0.599697 0.923614 0.520218 -2.90234 -0.516675 0.557804 -0.330632 -2.37515 0.877421 3.0874 
1.24417 -1.55303 10.0523 -27.1525 -7.48217 3.63247 0.660233 0.0561949 -0.245892 0.956333 -1.826 -2.53052 2.09189 -1.39379 -0.341872 -0.0867927 -1.50487 1.93675 
2.94295 -0.164855 2.10309 -4.42384 13.3778 -11.9681 1.26481 -0.00165162 0.374509 -1.60833 1.94292 -2.04256 -0.875975 1.33679 -0.191425 -1.3741 -1.99023 -0.199333 
-0.940934 2.48105 -6.66904 -23.5101 -8.50211 -18.6256 -1.89788 -1.36794 -0.357314 -0.918296 -2.05555 -1.74129 2.08906 -1.48836 -1.75384 -0.949309 1.65447 0.455086 
-3.08742 5.63692 -0.276971 -8.39466 -23.0732 2.60472 0.157814 0.0723641 0.398817 -1.37049 -0.939973 -0.998724 -0.17297 1.43974 -0.808903 -1.2913 -2.08348 1.56357 
1.68185 -8.08052 -2.59388 -17.2367 -1.43123 -15.5025 0.0337714 -0.0296642 -0.289216 0.51916 -1.86465 2.48407 2.13628 -0.77142 -0.653026 0.747317 -1.92698 -2.04513 
3.20216 -4.97088 -0.778114 -19.8138 8.53457 2.95809 1.73159 0.796953 -1.85263 -1.13796 1.6345 1.06291 -1.25892 0.66024 -0.410885 -1.73822 -1.37323 2.5672 
-5.98595 1.48503 -1.08346 18.4672 -5.09609 -4.45702 -0.668384 1.3362 -1.54918 2.02702 1.09618 2.05485 -0.935932 -0.890505 -0.443284 -0.47197 1.70832 -3.04009 
3.3266 -2.77513 -4.2341 1.88481 7.07975 -9.73867 -0.928191 0.93541 -0.676331 2.64062 1.03041 -1.08122 0.0851696 0.65463 0.480209 -0.863326 -1.1958 -1.02882 
4.2958 -0.258634 -1.13885 26.8918 -14.3103 1.85267 0.942699 0.373315 -0.0858262 2.14248 -1.43091 2.21143 -0.584315 1.21343 -0.308864 -0.968296 -1.00466 0.412706 
-2.35369 -6.40035 -6.88515 -25.6102 8.38635 9.60082 2.83007 -0.427867 -1.27174 1.41037 -1.67756 -2.41565 0.247721 0.618575 -0.655596 1.56877 2.05556 -2.41717 
0.11892 -0.0760249 1.85221 4.5518 21.6433 10.4217 0.118197 1.36396 -1.61036 -1.33754 -1.93268 0.904754 -0.0603867 1.06336 -1.70538 -1.32955 1.54249 0.976524 
4.73093 0.572123 -3.75239 -3.44975 -7.60822 17.7537 0.854739 -1.46183 0.880272 2.25813 -2.01281 -0.407075 0.828798 0.243259 0.397488 -2.33095 0.507528 0.646035 
10.8078 -2.01856 3.67084 26.3964 -9.69531 9.21118 2.75838 -1.45969 -1.15038 -1.5868 0.977467 0.410772 0.0223107 -1.84279 -0.401627 -0.163226 2.09097 -1.18046 
-6.82803 -5.02281 -1.89805 24.4371 -2.04298 20.8709 -0.305128 0.931906 0.0891768 -1.24 -1.38124 0.843035 -1.36834 0.695007 -0.0780128 -2.15115 -1.69076 -1.83423 
-6.00959 2.1983 -5.50637 0.0130116 -24.9584 -1.42482 2.56419 -1.19642 -1.49201 1.16082 -0.879568 -1.84224 1.9744 -1.62605 0.253716 -0.292367 1.54737 -0.197258 
-4.05292 -5.13114 -0.000301309 -5.16147 -12.8752 9.7411 -2.05424 -0.0604109 -1.34811 -1.69854 -1.73855 2.58193 0.600562 0.36483 0.351049 -2.69681 1.34598 2.88379 
1.97355 1.5469 -1.98951 2.41933 -11.8869 8.04475 -0.560192 -0.821873 0.705147 -0.17499 1.24162 0.364985 -0.0812823 0.879312 -0.242191 0.753191 -0.490106 0.323342 
9.82455 0.658592 5.07229 22.6058 2.6978 9.20018 -0.945103 1.49662 -1.14357 2.38416 1.12329 1.88058 2.31057 0.208363 0.348336 -1.54187 1.70058 -1.16729 
-0.0192869 -2.69672 1.40733 22.055 16.1305 -0.0042615 0.428999 -0.106897 0.052854 -1.85204 0.681534 0.488176 0.290458 0.55406 -0.937164 -1.35818 0.934662 3.0403 
6.45797 -1.12081 5.68903 -0.501944 -21.0656 16.8388 -0.492801 1.16877 -1.68835 2.00498 -1.44729 2.17585 -0.380766 0.365657 0.224713 -2.706 -1.89894 0.256554 
-3.64959 -2.81709 -0.881405 -11.0233 -2.58878 19.6765 1.90871 -1.04061 -1.88401 -0.33322 1.6067 -1.20882 -1.98045 -0.97884 -0.846933 1.85481 1.0539 -2.34145 
-2.48156 -3.53334 6.19678 -10.7369 -18.8335 -5.07387 0.632182 1.67154 -1.72811 -1.56498 -0.970993 -1.50555 1.66247 -1.86935 -0.235159 2.27303 -0.452192 -2.48677 
-3.03137 1.22441 -5.07265 -11.2187 -23.8485 -4.79867 -0.647144 0.682767 0.628099 -0.0326132 -2.00847 0.585732 0.287429 -0.103952 0.834404 -0.535678 -1.34119 -1.74039 
-5.59263 -7.44301 0.798229 5.70969 22.5671 21.2111 1.60219 1.45869 -1.56465 -1.94257 1.6458 -1.4355 -0.378773 0.838499 -0.0832298 1.28985 0.87405 2.66022 
-3.23697 3.71761 3.787 1.28046 -14.7265 17.4241 -0.138972 0.774971 0.52247 -2.3498 1.22069 -1.10507 -0.868401 0.970404 -0.636679 0.266878 1.47492 1.24071 
2.47695 3.37443 4.89889 11.0587 15.8104 -8.85751 0.30854 -0.537095 0.945203 -2.57635 1.02292 1.88971 -0.19553 0.229373 -0.0574959 -2.66071 0.427809 2.32917 
-7.22739 4.61765 5.44672 16.134 -28.4889 -4.34219 0.212797 1.35713 -1.74213 -1.72305 -1.16988 1.202 -1.87217 -0.0283563 0.666966 2.30008 1.62429 -2.85232 
2.8194 -1.142 5.2817 5.22802 -26.141 -12.4705 -0.536665 0.371142 -0.117214 0.295952 -1.45965 -1.91748 -0.0779267 0.213752 0.45849 0.656996 -1.78295 -2.27495 
-3.35057 0.241725 1.93374 28.3437 -11.9824 -6.42259 2.45481 -0.849176 -1.5005 1.16692 -1.10343 -1.02262 -0.230021 0.172219 -0.389912 -1.4882 -1.01612 1.13905 
-2.99797 4.1184 5.87669 -13.5766 19.2332 -13.1715 -1.81825 -1.87746 1.08334 0.923006 1.75595 0.0792057 -2.69444 -1.7875 -0.59771 -0.5691 -1.69895 2.16238 
-0.756371 -0.322345 5.92626 -1.93173 2.76305 -24.21 -0.259641 -0.809997 0.694228 1.93484 -0.257846 2.13787 -0.0116329 0.745016 -0.164802 0.213128 -1.42089 -1.64102 
-1.63287 -7.00168 2.55301 -19.7862 9.55215 5.38812 -0.325934 0.30267 0.184504 2.75353 1.09806 -1.03677 -1.99064 -0.766158 -1.63364 1.05664 -0.498331 1.16885 
-5.10602 -2.15744 4.21461 14.9823 -6.37455 -3.22968 0.723651 -0.0490902 1.05083 0.987429 -0.407622 2.15518 -1.05209 0.844878 -0.158905 -1.43523 -1.15112 0.300715 
0.183774 0.199187 2.35886 -16.7964 -1.95638 -16.1567 -0.499697 -0.63648 -0.264873 -2.50666 -1.8671 2.92177 -1.14597 0.0293027 -0.408213 -1.38969 -1.03855 0.526048 
0.706554 1.59408 -5.68307 -14.4612 -5.55299 2.35299 2.82772 -1.44375 -0.602976 -1.7233 1.48322 -1.50497 1.40699 -1.83584 0.316601 -2.54941 -1.38479 1.8593 
-4.4298 7.12698 -0.288928 -1.56568 -13.6105 -17.4062 1.12542 -0.990667 0.389494 -0.187023 0.785871 -0.434048 2.45768 -1.85697 -0.57129 -0.113465 1.78668 -0.679982 
4.97928 -6.0482 -0.374457 -2.36092 2.24691 -11.1186 -0.276486 -0.629861 0.918833 2.53364 1.27649 -0.319729 -0.829218 1.31143 -0.397967 -0.0595971 -1.92611 -1.88518 
-1.34843 -3.75169 2.27035 -18.8787 3.69151 21.4511 -0.0148663 -0.830703 1.04189 -2.34541 -0.219165 1.28486 1.0488 1.05599 -0.34891 1.81028 -1.76049 2.78986 
