0.00458238,0.255627,-0.245117,-1.68329e-08,-1.58131,2.97994,-0.0597052,0.257922,-0.243971,-2.88079e-05,-1.59105,2.97995,
0.0133588,0.258879,-0.267379,0.0445578,-1.55968,2.9135,-0.0257854,0.224009,-0.234234,-0.0547724,-1.51855,2.92284,
0.0221353,0.262132,-0.289641,0.0891156,-1.53804,2.84706,0.0120234,0.19599,-0.228097,-0.101786,-1.4451,2.86656,
0.0309118,0.265384,-0.311904,0.133673,-1.51641,2.78061,0.0530223,0.173601,-0.224346,-0.140941,-1.37241,2.81044,
0.0396882,0.268636,-0.334166,0.178231,-1.49478,2.71417,0.0963216,0.156477,-0.221841,-0.17207,-1.30215,2.75388,
0.0484647,0.271888,-0.356428,0.222789,-1.47314,2.64773,0.140889,0.14415,-0.219531,-0.195028,-1.23589,2.69645,
0.0572411,0.275141,-0.37869,0.267347,-1.45151,2.58129,0.185621,0.136076,-0.216479,-0.209786,-1.17511,2.63798,
0.0660176,0.278393,-0.400952,0.311905,-1.42988,2.51484,0.229426,0.13166,-0.21189,-0.216546,-1.1211,2.57856,
0.074794,0.281645,-0.423214,0.356462,-1.40824,2.4484,0.271303,0.130291,-0.205134,-0.215836,-1.07495,2.51867,
0.0835705,0.284898,-0.445477,0.40102,-1.38661,2.38196,0.3104,0.131378,-0.195759,-0.208566,-1.03746,2.45912,
0.0923469,0.28815,-0.467739,0.445578,-1.36498,2.31552,0.346049,0.134378,-0.183497,-0.19602,-1.0091,2.40105,
0.101123,0.291402,-0.490001,0.490136,-1.34334,2.24907,0.377778,0.138819,-0.168259,-0.179767,-0.989995,2.34582,
0.1099,0.294654,-0.512263,0.534694,-1.32171,2.18263,0.405294,0.144313,-0.150119,-0.161511,-0.979927,2.2949,
0.118676,0.297907,-0.534525,0.579252,-1.30007,2.11619,0.428464,0.150561,-0.129292,-0.142907,-0.978391,2.24962,
0.127453,0.301159,-0.556788,0.623809,-1.27844,2.04975,0.447279,0.157342,-0.106107,-0.125401,-0.984661,2.2111,
0.136229,0.304411,-0.57905,0.668367,-1.25681,1.98331,0.461827,0.164507,-0.0809719,-0.110119,-0.997868,2.18011,
0.145006,0.307663,-0.601312,0.712925,-1.23517,1.91686,0.472265,0.171959,-0.0543475,-0.0978316,-1.01708,2.15707,
0.153782,0.310916,-0.623574,0.757483,-1.21354,1.85042,0.478799,0.17964,-0.0267169,-0.0889696,-1.04135,2.14207,
0.162559,0.314168,-0.645836,0.802041,-1.19191,1.78398,0.481663,0.18751,0.00143814,-0.0836817,-1.06979,2.13493,
0.171335,0.31742,-0.668099,0.846598,-1.17027,1.71754,0.481117,0.195537,0.0296583,-0.0819044,-1.10156,2.13528,
0.180112,0.320673,-0.690361,0.891156,-1.14864,1.65109,0.477428,0.203681,0.0575231,-0.0834284,-1.13588,2.14265,
0.188888,0.323925,-0.712623,0.935714,-1.12701,1.58465,0.470873,0.211886,0.0846632,-0.0879541,-1.17207,2.15652,
0.197664,0.327177,-0.734885,0.980272,-1.10537,1.51821,0.461733,0.22007,0.11077,-0.0951325,-1.20951,2.17636,
0.206441,0.330429,-0.757147,1.02483,-1.08374,1.45177,0.450287,0.228123,0.135602,-0.104593,-1.24762,2.20166,
0.215217,0.333682,-0.779409,1.06939,-1.06211,1.38533,0.436811,0.235901,0.158984,-0.115962,-1.2859,2.23196,
0.223994,0.336934,-0.801672,1.11395,-1.04047,1.31888,0.421576,0.243233,0.180813,-0.128871,-1.32389,2.26686,
0.23277,0.340186,-0.823934,1.1585,-1.01884,1.25244,0.40484,0.249917,0.201048,-0.142965,-1.36117,2.30602,
0.241547,0.343439,-0.846196,1.20306,-0.997206,1.186,0.386848,0.255731,0.219707,-0.157904,-1.39734,2.34914,
0.250323,0.346691,-0.868458,1.24762,-0.975573,1.11956,0.367825,0.260434,0.236858,-0.173366,-1.43207,2.39602,
0.2591,0.349943,-0.89072,1.29218,-0.953939,1.05311,0.347973,0.263781,0.252607,-0.189046,-1.46502,2.44646,
0.267876,0.353195,-0.912983,1.33673,-0.932306,0.986672,0.327464,0.265523,0.267085,-0.204661,-1.49589,2.50037,
0.276653,0.356448,-0.935245,1.38129,-0.910672,0.920229,0.306442,0.265424,0.280431,-0.219948,-1.52441,2.55765,
0.285429,0.3597,-0.957507,1.42585,-0.889039,0.853787,0.285017,0.263263,0.292779,-0.234672,-1.55031,2.61828,
0.278689,0.360944,-0.959963,1.4475,-0.895717,0.843568,0.264968,0.240391,0.328954,-0.270315,-1.53188,2.63386,
0.271948,0.362188,-0.96242,1.46915,-0.902395,0.833349,0.244058,0.218454,0.362175,-0.307045,-1.51255,2.64958,
0.265208,0.363432,-0.964876,1.4908,-0.909073,0.823129,0.222362,0.197427,0.392546,-0.344817,-1.49246,2.66551,
0.258468,0.364676,-0.967332,1.51245,-0.915751,0.81291,0.199963,0.177292,0.42016,-0.38358,-1.47176,2.68169,
0.251728,0.36592,-0.969789,1.53409,-0.922429,0.802691,0.176953,0.158042,0.445107,-0.423278,-1.45059,2.69817,
0.244987,0.367164,-0.972245,1.55574,-0.929108,0.792472,0.15343,0.139674,0.467474,-0.463849,-1.4291,2.71499,
0.238247,0.368408,-0.974702,1.57739,-0.935786,0.782253,0.129498,0.12219,0.487348,-0.505223,-1.40744,2.73215,
0.231507,0.369652,-0.977158,1.59904,-0.942464,0.772033,0.105267,0.105594,0.504819,-0.547325,-1.38572,2.74965,
0.224766,0.370896,-0.979614,1.62069,-0.949142,0.761814,0.0808484,0.08989,0.519977,-0.590071,-1.36408,2.76749,
0.218026,0.37214,-0.982071,1.64234,-0.95582,0.751595,0.0563551,0.0750818,0.532916,-0.63337,-1.34264,2.78563,
0.211286,0.373384,-0.984527,1.66399,-0.962498,0.741376,0.0318992,0.0611706,0.543735,-0.677127,-1.32149,2.80402,
0.204545,0.374628,-0.986983,1.68564,-0.969176,0.731156,0.00758978,0.0481546,0.552533,-0.721239,-1.30072,2.82261,
0.197805,0.375872,-0.98944,1.70729,-0.975854,0.720937,-0.0164685,0.0360279,0.559414,-0.765601,-1.2804,2.84135,
0.191065,0.377116,-0.991896,1.72894,-0.982532,0.710718,-0.040177,0.0247804,0.564485,-0.810104,-1.26058,2.86014,
0.184325,0.37836,-0.994353,1.75058,-0.98921,0.700499,-0.0634446,0.0143972,0.567853,-0.854639,-1.24131,2.87893,
0.177584,0.379604,-0.996809,1.77223,-0.995888,0.69028,-0.0861886,0.00485913,0.569628,-0.899101,-1.22261,2.89764,
0.170844,0.380848,-0.999265,1.79388,-1.00257,0.68006,-0.108336,-0.00385758,0.569919,-0.943385,-1.20448,2.91618,
0.164104,0.382092,-1.00172,1.81553,-1.00924,0.669841,-0.129822,-0.0117804,0.568835,-0.987393,-1.18691,2.93448,
0.157363,0.383336,-1.00418,1.83718,-1.01592,0.659622,-0.150595,-0.0189402,0.566483,-1.03103,-1.16989,2.95248,
0.150623,0.38458,-1.00663,1.85883,-1.0226,0.649403,-0.17061,-0.0253704,0.562969,-1.07422,-1.1534,2.9701,
0.143883,0.385824,-1.00909,1.88048,-1.02928,0.639184,-0.189834,-0.0311065,0.558395,-1.11688,-1.1374,2.9873,
0.137143,0.387068,-1.01155,1.90213,-1.03596,0.628964,-0.208242,-0.0361854,0.552861,-1.15894,-1.12184,3.00401,
0.130402,0.388312,-1.014,1.92378,-1.04264,0.618745,-0.225819,-0.0406447,0.546461,-1.20035,-1.1067,3.02019,
0.123662,0.389556,-1.01646,1.94542,-1.04931,0.608526,-0.242556,-0.044522,0.539288,-1.24105,-1.09191,3.03581,
0.116922,0.3908,-1.01892,1.96707,-1.05599,0.598307,-0.258452,-0.0478544,0.531428,-1.28101,-1.07745,3.05083,
0.110181,0.392044,-1.02137,1.98872,-1.06267,0.588088,-0.273515,-0.0506782,0.522962,-1.32019,-1.06326,3.06522,
0.103441,0.393288,-1.02383,2.01037,-1.06935,0.577868,-0.287754,-0.0530286,0.513968,-1.35857,-1.0493,3.07898,
0.0967008,0.394532,-1.02629,2.03202,-1.07603,0.567649,-0.301188,-0.0549389,0.504518,-1.39612,-1.03554,3.09207,
0.0899605,0.395777,-1.02874,2.05367,-1.0827,0.55743,-0.313835,-0.0564408,0.494679,-1.43284,-1.02193,3.1045,
0.0832202,0.397021,-1.0312,2.07532,-1.08938,0.547211,-0.325721,-0.0575641,0.484512,-1.4687,-1.00844,3.11625,
0.0764799,0.398265,-1.03365,2.09697,-1.09606,0.536991,-0.336873,-0.0583363,0.474076,-1.5037,-0.995042,3.12731,
0.0697396,0.399509,-1.03611,2.11862,-1.10274,0.526772,-0.347319,-0.0587828,0.463422,-1.53785,-0.981707,3.13768,
0.0629993,0.400753,-1.03857,2.14027,-1.10942,0.516553,-0.357092,-0.058927,0.452599,-1.57112,-0.968411,3.14736,
0.056259,0.401997,-1.04102,2.16191,-1.11609,0.506334,-0.366223,-0.05879,0.441651,-1.60352,-0.955133,3.15633,
0.0495187,0.403241,-1.04348,2.18356,-1.12277,0.496115,-0.374747,-0.0583908,0.430616,-1.63506,-0.941854,3.1646,
0.0427785,0.404485,-1.04594,2.20521,-1.12945,0.485895,-0.382698,-0.0577463,0.419529,-1.66572,-0.928561,3.17216,
0.0360382,0.405729,-1.04839,2.22686,-1.13613,0.475676,-0.390111,-0.0568715,0.408423,-1.6955,-0.91524,3.179,
0.0292979,0.406973,-1.05085,2.24851,-1.14281,0.465457,-0.397021,-0.0557793,0.397323,-1.7244,-0.901883,3.18511,
0.0225576,0.408217,-1.05331,2.27016,-1.14948,0.455238,-0.403462,-0.0544809,0.386255,-1.75241,-0.888482,3.19049,
0.0158173,0.409461,-1.05576,2.29181,-1.15616,0.445019,-0.409469,-0.0529856,0.375237,-1.77952,-0.875031,3.19513,
0.00907699,0.410705,-1.05822,2.31346,-1.16284,0.434799,-0.415077,-0.0513012,0.364288,-1.80573,-0.861528,3.199,
0.00233669,0.411949,-1.06067,2.33511,-1.16952,0.42458,-0.420319,-0.0494337,0.35342,-1.83101,-0.847972,3.2021,
-0.0044036,0.413193,-1.06313,2.35675,-1.1762,0.414361,-0.425228,-0.0473876,0.342644,-1.85536,-0.834364,3.2044,
-0.0111439,0.414437,-1.06559,2.3784,-1.18287,0.404142,-0.429836,-0.0451662,0.331968,-1.87875,-0.820707,3.20588,
-0.0178842,0.415681,-1.06804,2.40005,-1.18955,0.393923,-0.434175,-0.0427711,0.321397,-1.90117,-0.807004,3.20652,
-0.0246245,0.416925,-1.0705,2.4217,-1.19623,0.383703,-0.438276,-0.0402028,0.310932,-1.92257,-0.793263,3.2063,
-0.0313648,0.418169,-1.07296,2.44335,-1.20291,0.373484,-0.442167,-0.0374605,0.300574,-1.94295,-0.779491,3.20517,
-0.0381051,0.419413,-1.07541,2.465,-1.20959,0.363265,-0.445879,-0.0345423,0.290319,-1.96225,-0.765698,3.20311,
-0.0448454,0.420657,-1.07787,2.48665,-1.21627,0.353046,-0.449437,-0.031445,0.280161,-1.98045,-0.751896,3.20008,
-0.0515856,0.421901,-1.08033,2.5083,-1.22294,0.342826,-0.452868,-0.0281644,0.270093,-1.9975,-0.738098,3.19605,
-0.0583259,0.423145,-1.08278,2.52995,-1.22962,0.332607,-0.456198,-0.0246955,0.260104,-2.01336,-0.72432,3.19096,
-0.0650662,0.424389,-1.08524,2.5516,-1.2363,0.322388,-0.459451,-0.0210321,0.250182,-2.02799,-0.710579,3.18478,
-0.0718065,0.425633,-1.08769,2.57324,-1.24298,0.312169,-0.462648,-0.0171669,0.240313,-2.04132,-0.696897,3.17745,
-0.0785468,0.426877,-1.09015,2.59489,-1.24966,0.30195,-0.465812,-0.0130922,0.23048,-2.05331,-0.683296,3.16892,
-0.0852871,0.428121,-1.09261,2.61654,-1.25633,0.29173,-0.468962,-0.00879896,0.220663,-2.0639,-0.6698,3.15914,
-0.0920274,0.429365,-1.09506,2.63819,-1.26301,0.281511,-0.472117,-0.00427761,0.210843,-2.07302,-0.656438,3.14805,
-0.0987677,0.430609,-1.09752,2.65984,-1.26969,0.271292,-0.475294,0.000482325,0.200997,-2.08062,-0.643242,3.1356,

0.00458238,0.255627,-0.245117,-1.68329e-08,-1.58131,2.97994,-0.0597052,0.257922,-0.243971,-2.88079e-05,-1.59105,2.97995,
0.0919503,0.27446,-0.399774,0.178206,-1.39069,2.74354,0.0249915,0.220066,-0.278744,-0.123037,-1.46048,2.78877,
0.179318,0.293293,-0.55443,0.356412,-1.20007,2.50714,0.06535,0.212453,-0.256402,-0.189499,-1.45847,2.6837,
0.266686,0.312127,-0.709087,0.534619,-1.00946,2.27075,0.0519695,0.221175,-0.210483,-0.197485,-1.54283,2.6742,
0.354054,0.33096,-0.863743,0.712825,-0.81884,2.03435,0.00363975,0.243316,-0.197608,-0.13658,-1.62043,2.76901,
0.441422,0.349793,-1.0184,0.891031,-0.628222,1.79795,-0.0611329,0.261207,-0.250033,-0.00989211,-1.5764,2.95321,
0.44005,0.348945,-1.01896,0.889092,-0.627482,1.79738,0.0297327,0.161349,-0.208676,0.074163,-1.39899,2.86209,
0.438677,0.348096,-1.01952,0.887154,-0.626742,1.79682,0.138448,0.102216,-0.240391,0.199533,-1.2142,2.72024,
0.437305,0.347248,-1.02007,0.885215,-0.626003,1.79625,0.26116,0.0964157,-0.355868,0.384128,-1.04652,2.50549,
0.435932,0.346399,-1.02063,0.883277,-0.625263,1.79569,0.389288,0.164712,-0.585548,0.643182,-0.920459,2.19625,
0.43456,0.345551,-1.02119,0.881338,-0.624523,1.79512,0.511069,0.423031,-1.14535,1.03344,-0.819117,1.69223,
0.397688,0.265374,-0.871324,0.740436,-0.585111,1.83232,0.513631,0.42145,-1.14404,1.03469,-0.819267,1.67982,
0.354896,0.199363,-0.741416,0.566463,-0.553575,1.89576,0.516193,0.419849,-1.14271,1.03593,-0.819427,1.66742,
0.304212,0.142281,-0.621789,0.354717,-0.539949,1.99257,0.518756,0.418247,-1.14138,1.03717,-0.819586,1.65502,
0.243746,0.0937393,-0.511501,0.116524,-0.553542,2.11247,0.521319,0.416646,-1.14004,1.03841,-0.819746,1.64263,
0.172115,0.0553351,-0.412816,-0.123403,-0.601148,2.23108,0.523882,0.415045,-1.1387,1.03965,-0.819906,1.63024,
0.0889913,0.0299085,-0.329808,-0.340159,-0.684205,2.32322,0.526444,0.413444,-1.13736,1.04089,-0.820066,1.61784,
-0.00434042,0.0210801,-0.267783,-0.521673,-0.798467,2.37591,0.529007,0.411842,-1.13603,1.04213,-0.820225,1.60545,
-0.104694,0.0326984,-0.232943,-0.669162,-0.935704,2.38914,0.53157,0.410241,-1.13469,1.04337,-0.820385,1.59305,
-0.207289,0.0681763,-0.232148,-0.790359,-1.0855,2.36996,0.534133,0.40864,-1.13335,1.04461,-0.820545,1.58066,
-0.30674,0.130076,-0.272924,-0.893707,-1.23684,2.32824,0.536695,0.407038,-1.13202,1.04585,-0.820704,1.56826,
-0.398303,0.220748,-0.364594,-0.985139,-1.37965,2.27571,0.539258,0.405436,-1.13069,1.04709,-0.820864,1.55586,
-0.478771,0.345431,-0.523018,-1.06637,-1.50564,2.22769,0.541821,0.403835,-1.12935,1.04833,-0.821024,1.54347,
-0.474561,0.346458,-0.52355,-1.06387,-1.50441,2.21977,0.473007,0.15568,-0.638233,0.740081,-0.861354,1.89304,
-0.470353,0.347497,-0.524107,-1.06138,-1.50319,2.21186,0.391176,0.0437161,-0.39455,0.500765,-0.897533,2.12129,
-0.466146,0.348537,-0.524665,-1.05888,-1.50197,2.20395,0.299727,-0.0216009,-0.228219,0.285549,-0.962305,2.3085,
-0.461938,0.349576,-0.525222,-1.05639,-1.50075,2.19604,0.203172,-0.0542713,-0.111629,0.0997115,-1.05742,2.45472,
-0.457731,0.350615,-0.525779,-1.05389,-1.49953,2.18813,0.10639,-0.060068,-0.0341586,-0.0540679,-1.17636,2.55795,
-0.452471,0.351914,-0.526475,-1.05077,-1.49801,2.17824,-0.00844791,-0.0356831,0.0159757,-0.206847,-1.34339,2.63124,
-0.447211,0.353213,-0.527172,-1.04765,-1.49648,2.16835,-0.111324,0.0167197,0.0208193,-0.327989,-1.51332,2.654,
-0.441952,0.354511,-0.527868,-1.04453,-1.49496,2.15846,-0.199919,0.0896588,-0.0139194,-0.429454,-1.67214,2.63941,
-0.436692,0.35581,-0.528565,-1.04141,-1.49343,2.14857,-0.274413,0.176799,-0.0834718,-0.518972,-1.81155,2.59906,
-0.434311,0.353649,-0.528517,-1.04286,-1.4913,2.14834,-0.308356,0.22218,-0.173201,-0.600766,-1.81637,2.43941,
-0.431929,0.351488,-0.528469,-1.04432,-1.48917,2.14811,-0.34071,0.277717,-0.280174,-0.684114,-1.8251,2.28188,
-0.429547,0.349328,-0.528421,-1.04577,-1.48703,2.14788,-0.371575,0.345563,-0.410275,-0.768022,-1.83562,2.13033,
-0.427166,0.347167,-0.528373,-1.04722,-1.4849,2.14765,-0.400832,0.430719,-0.574695,-0.850359,-1.84499,1.99112,
-0.434128,0.359217,-0.528721,-1.05669,-1.50642,2.10052,-0.398784,0.427002,-0.57246,-0.852114,-1.83956,1.98608,
-0.44109,0.371267,-0.529068,-1.06615,-1.52794,2.05339,-0.396914,0.425052,-0.571888,-0.853225,-1.83452,1.98139,
-0.448051,0.383318,-0.529416,-1.07561,-1.54945,2.00625,-0.395208,0.424786,-0.572844,-0.853752,-1.82988,1.97697,
-0.455013,0.395368,-0.529764,-1.08508,-1.57097,1.95912,-0.393648,0.426136,-0.575222,-0.853753,-1.8256,1.97274,
-0.433767,0.269886,-0.296668,-1.00922,-1.54005,1.892,-0.36988,0.414761,-0.58072,-0.904211,-1.76498,1.98978,
-0.400642,0.171181,-0.120292,-0.923431,-1.49818,1.84825,-0.346111,0.403377,-0.586194,-0.954674,-1.70435,2.00679,
-0.355067,0.0893577,0.0175203,-0.82815,-1.44725,1.8164,-0.322341,0.391992,-0.591668,-1.00514,-1.64373,2.02381,
-0.297038,0.0209515,0.123738,-0.723203,-1.38881,1.78936,-0.298572,0.380608,-0.597142,-1.0556,-1.5831,2.04082,
-0.227448,-0.0348631,0.201381,-0.608213,-1.32561,1.76178,-0.274802,0.369223,-0.602615,-1.10606,-1.52248,2.05783,
-0.148387,-0.0776768,0.251994,-0.483157,-1.26209,1.72992,-0.251032,0.357839,-0.608089,-1.15653,-1.46186,2.07485,
-0.0632199,-0.106764,0.276881,-0.349209,-1.20398,1.6925,-0.227263,0.346454,-0.613563,-1.20699,-1.40123,2.09187,
0.0237294,-0.121819,0.277816,-0.209665,-1.15706,1.6516,-0.203493,0.33507,-0.619037,-1.25745,-1.34061,2.10888,
0.107879,-0.123421,0.257424,-0.0702089,-1.12557,1.61269,-0.179723,0.323685,-0.624511,-1.30791,-1.27999,2.12589,
0.185216,-0.113089,0.219291,0.0620477,-1.11121,1.58326,-0.155954,0.3123,-0.629985,-1.35838,-1.21936,2.14291,
0.252896,-0.0930032,0.167885,0.180308,-1.11354,1.57069,-0.132184,0.300916,-0.635459,-1.40884,-1.15874,2.15993,
0.309419,-0.0655377,0.108357,0.279455,-1.13132,1.5807,-0.108415,0.289531,-0.640933,-1.4593,-1.09811,2.17694,
0.354439,-0.0327721,0.0462161,0.356421,-1.16392,1.61689,-0.084645,0.278147,-0.646407,-1.50977,-1.03749,2.19395,
0.388401,0.00405516,-0.0132961,0.409949,-1.21225,1.68095,-0.0608754,0.266762,-0.65188,-1.56023,-0.976866,2.21097,
0.412127,0.0452701,-0.0664083,0.440403,-1.27884,1.77263,-0.0371057,0.255378,-0.657354,-1.61069,-0.916243,2.22799,
0.42645,0.0937329,-0.112836,0.449816,-1.36708,1.88935,-0.0133361,0.243993,-0.662828,-1.66115,-0.855619,2.245,
0.431914,0.155831,-0.158525,0.44177,-1.47941,2.02559,0.0104335,0.232609,-0.668302,-1.71162,-0.794995,2.26201,
0.428609,0.241948,-0.218653,0.420415,-1.61425,2.17263,0.0342031,0.221224,-0.673776,-1.76208,-0.734371,2.27903,
0.406234,0.455867,-0.413275,0.363055,-1.82119,2.3391,0.06226,0.208185,-0.680355,-1.82339,-0.663953,2.30302,
0.438701,0.203635,-0.218705,0.520315,-1.70222,2.4968,0.0607042,0.208074,-0.68047,-1.82348,-0.663202,2.30649,
0.419268,-0.0345145,-0.0958362,0.672786,-1.49112,2.64297,0.0591601,0.207959,-0.680566,-1.82358,-0.662426,2.30996,
0.281776,-0.23769,-0.0468446,0.842118,-1.16007,2.80168,0.057616,0.207844,-0.680663,-1.82367,-0.661651,2.31342,
-0.115762,-0.349954,-0.0778445,1.02843,-0.625545,3.06571,0.056072,0.207729,-0.680759,-1.82376,-0.660875,2.31689,
-0.719039,-0.280501,-0.19399,-0.753262,-0.123163,5.37434,0.0545279,0.207614,-0.680856,-1.82385,-0.6601,2.32035,
-1.07364,-0.0415129,-0.40404,-1.34344,-0.566758,0.0547482,0.0529838,0.207499,-0.680952,-1.82395,-0.659324,2.32382,
-1.19554,0.30391,-0.752856,-1.35004,-0.837315,0.338474,0.0514397,0.207384,-0.681049,-1.82404,-0.658549,2.32728,
-1.16615,0.315484,-0.676976,-1.25366,-0.863019,0.356165,0.0589896,0.149096,-0.629186,-1.8547,-0.591385,2.34305,
-1.13675,0.32706,-0.601109,-1.15731,-0.888722,0.373877,0.079802,0.110729,-0.604863,-1.9069,-0.522358,2.36994,
-1.10736,0.338635,-0.525241,-1.06095,-0.914425,0.391588,0.115547,0.0854058,-0.593592,-1.97613,-0.449587,2.401,
-1.07797,0.35021,-0.449373,-0.964594,-0.940128,0.409299,0.166538,0.0678473,-0.58415,-2.05821,-0.371616,2.43147,
-1.07906,0.351671,-0.448692,-0.963746,-0.940877,0.415992,0.0119643,0.0758317,-0.45395,-1.37665,-0.614306,1.87415,
-1.08016,0.353131,-0.448011,-0.962899,-0.941626,0.422685,-0.0891178,0.154305,-0.419833,-1.12162,-0.89866,1.71614,
-1.08125,0.354592,-0.447331,-0.962051,-0.942374,0.429377,-0.146606,0.284087,-0.469184,-0.990229,-1.15002,1.67277,
-1.08235,0.356052,-0.44665,-0.961204,-0.943123,0.43607,-0.173077,0.456927,-0.605701,-0.902458,-1.35334,1.68542,
-1.08344,0.357513,-0.445969,-0.960356,-0.943872,0.442763,-0.178628,0.68866,-0.871482,-0.826293,-1.48971,1.75356,
-1.08071,0.352707,-0.440711,-0.962312,-0.935674,0.476267,-0.153438,0.598158,-0.692311,-0.769923,-1.50436,1.65984,
-1.07798,0.347901,-0.435454,-0.964269,-0.927475,0.509771,-0.127474,0.538843,-0.569914,-0.715084,-1.51358,1.58848,
-1.07526,0.343094,-0.430196,-0.966225,-0.919277,0.543275,-0.10141,0.49715,-0.478985,-0.662603,-1.52309,1.53061,
-1.07253,0.338288,-0.424938,-0.968181,-0.911079,0.576779,-0.0758357,0.467501,-0.409276,-0.613339,-1.53438,1.48301,
-1.0698,0.333482,-0.41968,-0.970137,-0.90288,0.610283,-0.051244,0.446758,-0.355176,-0.567912,-1.54769,1.44413,
-1.06707,0.328676,-0.414423,-0.972094,-0.894682,0.643787,-0.0280197,0.432836,-0.313077,-0.526692,-1.56278,1.41303,
-1.06435,0.32387,-0.409165,-0.97405,-0.886484,0.677291,-0.00644444,0.424206,-0.280423,-0.489838,-1.5792,1.38904,
-1.06162,0.319063,-0.403907,-0.976006,-0.878285,0.710795,0.0132945,0.41968,-0.255286,-0.457343,-1.59641,1.3716,
-1.05889,0.314257,-0.398649,-0.977962,-0.870087,0.744299,0.0310895,0.418305,-0.236154,-0.429081,-1.61395,1.36019,
-1.05616,0.309451,-0.393392,-0.979919,-0.861889,0.777803,0.0468982,0.419306,-0.221813,-0.404845,-1.63136,1.35432,
-1.05344,0.304645,-0.388134,-0.981875,-0.85369,0.811307,0.0607274,0.422049,-0.211273,-0.384385,-1.64829,1.35352,
-1.05071,0.299839,-0.382876,-0.983831,-0.845492,0.844811,0.0726206,0.426011,-0.203723,-0.367426,-1.66444,1.35737,
-1.04798,0.295033,-0.377619,-0.985787,-0.837294,0.878315,0.0826457,0.430769,-0.198496,-0.353693,-1.67959,1.36546,
-1.04525,0.290226,-0.372361,-0.987744,-0.829095,0.911819,0.0908866,0.435976,-0.195045,-0.342916,-1.69358,1.3774,
-1.04253,0.28542,-0.367103,-0.9897,-0.820897,0.945323,0.0974358,0.441355,-0.192924,-0.334845,-1.7063,1.39286,
-1.0398,0.280614,-0.361845,-0.991656,-0.812699,0.978827,0.102389,0.446684,-0.191773,-0.329246,-1.71767,1.41153,
-1.03707,0.275808,-0.356588,-0.993612,-0.8045,1.01233,0.105843,0.451789,-0.191304,-0.325909,-1.72765,1.43312,
-1.03434,0.271002,-0.35133,-0.995569,-0.796302,1.04583,0.107891,0.456536,-0.191292,-0.324644,-1.73623,1.4574,
-1.03161,0.266195,-0.346072,-0.997525,-0.788104,1.07934,0.108621,0.460824,-0.191564,-0.325284,-1.74341,1.48415,
-1.02889,0.261389,-0.340815,-0.999481,-0.779905,1.11284,0.108119,0.46458,-0.191994,-0.327678,-1.74919,1.51315,
-1.02616,0.256583,-0.335557,-1.00144,-0.771707,1.14635,0.106464,0.467753,-0.192493,-0.331697,-1.75362,1.54425,
-1.02343,0.251777,-0.330299,-1.00339,-0.763509,1.17985,0.103731,0.470313,-0.193006,-0.337223,-1.7567,1.57729,
-1.0207,0.246971,-0.325041,-1.00535,-0.75531,1.21335,0.0999875,0.472246,-0.193507,-0.344157,-1.75847,1.61213,
-1.01798,0.242164,-0.319784,-1.00731,-0.747112,1.24686,0.0952999,0.473549,-0.193991,-0.352408,-1.75897,1.64867,
-1.01525,0.237358,-0.314526,-1.00926,-0.738913,1.28036,0.0897286,0.474233,-0.194475,-0.361899,-1.75823,1.68679,
-1.01252,0.232552,-0.309268,-1.01122,-0.730715,1.31387,0.0833309,0.474316,-0.194992,-0.372561,-1.75629,1.72641,
-1.00979,0.227746,-0.30401,-1.01317,-0.722517,1.34737,0.076161,0.473826,-0.19559,-0.384332,-1.75317,1.76746,
-1.00707,0.22294,-0.298753,-1.01513,-0.714318,1.38087,0.0682708,0.472795,-0.196324,-0.39716,-1.74891,1.80988,
-1.00434,0.218133,-0.293495,-1.01709,-0.70612,1.41438,0.0597099,0.471261,-0.197264,-0.410997,-1.74355,1.8536,
-1.00161,0.213327,-0.288237,-1.01904,-0.697922,1.44788,0.0505266,0.469266,-0.198482,-0.4258,-1.73712,1.8986,
-0.998883,0.208521,-0.28298,-1.021,-0.689723,1.48139,0.0407677,0.466856,-0.200058,-0.441534,-1.72966,1.94484,
-0.996156,0.203715,-0.277722,-1.02296,-0.681525,1.51489,0.0304792,0.46408,-0.202075,-0.458165,-1.72121,1.99228,
-0.993428,0.198909,-0.272464,-1.02491,-0.673327,1.54839,0.0197068,0.460989,-0.204621,-0.475665,-1.7118,2.04093,
-0.9907,0.194102,-0.267206,-1.02687,-0.665128,1.5819,0.00849554,0.457636,-0.207784,-0.49401,-1.70147,2.09075,
-0.987973,0.189296,-0.261949,-1.02882,-0.65693,1.6154,-0.00310947,0.454077,-0.211655,-0.51318,-1.69026,2.14176,
-0.985245,0.18449,-0.256691,-1.03078,-0.648732,1.64891,-0.0150631,0.450369,-0.216324,-0.533157,-1.67821,2.19394,
-0.982517,0.179684,-0.251433,-1.03274,-0.640533,1.68241,-0.0273201,0.446569,-0.221882,-0.553928,-1.66538,2.24732,
-0.97979,0.174878,-0.246176,-1.03469,-0.632335,1.71591,-0.039835,0.442737,-0.228422,-0.575485,-1.65179,2.30188,
-0.977062,0.170072,-0.240918,-1.03665,-0.624137,1.74942,-0.052562,0.438934,-0.236035,-0.597822,-1.63751,2.35766,
-0.974334,0.165265,-0.23566,-1.03861,-0.615938,1.78292,-0.065455,0.435222,-0.244813,-0.620937,-1.62257,2.41468,
-0.971607,0.160459,-0.230402,-1.04056,-0.60774,1.81643,-0.0784677,0.431665,-0.254847,-0.644834,-1.60704,2.47294,
-0.968879,0.155653,-0.225145,-1.04252,-0.599542,1.84993,-0.0915537,0.428328,-0.266231,-0.66952,-1.59097,2.5325,
-0.966152,0.150847,-0.219887,-1.04447,-0.591343,1.88343,-0.104666,0.425278,-0.279061,-0.695006,-1.57441,2.59337,
-0.963424,0.146041,-0.214629,-1.04643,-0.583145,1.91694,-0.117758,0.422584,-0.293432,-0.72131,-1.55742,2.65559,
-0.960696,0.141234,-0.209371,-1.04839,-0.574947,1.95044,-0.130783,0.42032,-0.309447,-0.748453,-1.54005,2.71922,
-0.957969,0.136428,-0.204114,-1.05034,-0.566748,1.98395,-0.143694,0.41856,-0.327212,-0.776464,-1.52238,2.78429,
-0.955241,0.131622,-0.198856,-1.0523,-0.55855,2.01745,-0.156445,0.417386,-0.346841,-0.805376,-1.50447,2.85087,
-0.934539,0.114892,-0.135345,-0.99755,-0.529017,2.01746,-0.171945,0.412167,-0.334151,-0.840154,-1.51165,2.87734,
-0.913837,0.098162,-0.0718346,-0.9428,-0.499483,2.01747,-0.18623,0.405689,-0.315177,-0.874257,-1.52059,2.89537,
-0.893135,0.081432,-0.00832398,-0.888049,-0.46995,2.01748,-0.199543,0.398329,-0.290164,-0.907425,-1.53106,2.90477,
-0.872433,0.064702,0.0551867,-0.833299,-0.440417,2.01749,-0.212127,0.390661,-0.259655,-0.9394,-1.54279,2.90548,
-0.914642,0.189574,-0.129371,-0.906449,-0.569581,2.05479,-0.21061,0.357632,-0.295709,-0.944889,-1.48122,2.98295,
-0.956851,0.314447,-0.313928,-0.979599,-0.698746,2.09208,-0.214983,0.351657,-0.314653,-0.947378,-1.46556,3.01943,
-0.999061,0.439319,-0.498486,-1.05275,-0.82791,2.12938,-0.220955,0.362636,-0.300434,-0.941849,-1.49296,3.00395,
-1.04127,0.564191,-0.683043,-1.1259,-0.957074,2.16668,-0.224094,0.391601,-0.256554,-0.931298,-1.55629,2.93446,
-1.05446,0.58602,-0.745631,-1.16528,-0.969481,2.17407,-0.224076,0.387666,-0.256014,-0.945298,-1.54631,2.9287,
-1.06683,0.607646,-0.807999,-1.20353,-0.981276,2.18237,-0.224057,0.383724,-0.25544,-0.95929,-1.53634,2.92292,
-1.07845,0.629188,-0.870157,-1.24068,-0.992585,2.19159,-0.224037,0.379783,-0.254867,-0.973283,-1.52638,2.91715,
-1.08937,0.650802,-0.932199,-1.27681,-1.00351,2.20178,-0.224018,0.375841,-0.254294,-0.987275,-1.51641,2.91137,
-1.09964,0.672699,-0.994344,-1.31198,-1.01414,2.21302,-0.223998,0.3719,-0.253721,-1.00127,-1.50645,2.90559,
-1.10933,0.695211,-1.05706,-1.34632,-1.02453,2.22551,-0.223979,0.367959,-0.253147,-1.01526,-1.49648,2.89981,
-1.11847,0.718966,-1.12139,-1.38011,-1.03471,2.23978,-0.223959,0.364017,-0.252574,-1.02925,-1.48652,2.89403,
-1.12711,0.745553,-1.19018,-1.41407,-1.0446,2.25728,-0.22394,0.360076,-0.252001,-1.04325,-1.47656,2.88825,
-1.13529,0.782819,-1.27802,-1.45193,-1.05367,2.28569,-0.22392,0.356134,-0.251428,-1.05724,-1.46659,2.88248,
-1.13529,0.782819,-1.27802,-1.45193,-1.05367,2.28569,-0.223901,0.352193,-0.250854,-1.07123,-1.45663,2.8767,
-1.13529,0.782819,-1.27802,-1.45193,-1.05367,2.28569,-0.223881,0.348251,-0.250281,-1.08522,-1.44666,2.87092,
-1.13529,0.782819,-1.27802,-1.45193,-1.05367,2.28569,-0.223861,0.34431,-0.249708,-1.09922,-1.4367,2.86514,
-1.13529,0.782819,-1.27802,-1.45193,-1.05367,2.28569,-0.223842,0.340369,-0.249135,-1.11321,-1.42673,2.85936,
-1.13529,0.782819,-1.27802,-1.45193,-1.05367,2.28569,-0.223822,0.336427,-0.248561,-1.1272,-1.41677,2.85359,
-1.1766,0.707762,-1.22283,-1.5188,-1.12229,2.16593,-0.223803,0.332486,-0.247988,-1.14119,-1.4068,2.84781,
-1.18245,0.666881,-1.15627,-1.5162,-1.13163,2.11941,-0.223783,0.328544,-0.247415,-1.15519,-1.39684,2.84203,
-1.18806,0.630994,-1.09779,-1.51535,-1.13978,2.07794,-0.223764,0.324603,-0.246842,-1.16918,-1.38688,2.83625,
-1.19344,0.597703,-1.0429,-1.51508,-1.14692,2.0391,-0.223744,0.320662,-0.246268,-1.18317,-1.37691,2.83047,
-1.19862,0.566219,-0.990134,-1.51496,-1.15316,2.00206,-0.223725,0.31672,-0.245695,-1.19716,-1.36695,2.8247,
-1.20359,0.536183,-0.938813,-1.51475,-1.1586,1.96641,-0.223705,0.312779,-0.245122,-1.21116,-1.35698,2.81892,
-1.20838,0.507394,-0.888583,-1.51431,-1.16332,1.9319,-0.223686,0.308837,-0.244549,-1.22515,-1.34702,2.81314,
-1.21298,0.479728,-0.839222,-1.51352,-1.1674,1.89838,-0.223666,0.304896,-0.243975,-1.23914,-1.33705,2.80736,
-1.21739,0.453097,-0.790585,-1.51232,-1.17089,1.86571,-0.223646,0.300954,-0.243402,-1.25313,-1.32709,2.80158,
-1.22162,0.427436,-0.742566,-1.51065,-1.17388,1.8338,-0.223627,0.297013,-0.242829,-1.26713,-1.31713,2.7958,
-1.22566,0.402692,-0.695088,-1.50844,-1.17641,1.80256,-0.223607,0.293072,-0.242255,-1.28112,-1.30716,2.79003,
-1.22952,0.378821,-0.648091,-1.50567,-1.17855,1.77192,-0.223588,0.28913,-0.241682,-1.29511,-1.2972,2.78425,
-1.23317,0.355785,-0.601525,-1.50231,-1.18034,1.74181,-0.223568,0.285189,-0.241109,-1.3091,-1.28723,2.77847,
-1.23663,0.333549,-0.555351,-1.49833,-1.18184,1.71218,-0.223549,0.281247,-0.240536,-1.3231,-1.27727,2.77269,
-1.23986,0.312083,-0.509536,-1.49372,-1.18309,1.68297,-0.223529,0.277306,-0.239962,-1.33709,-1.2673,2.76691,
-1.24287,0.29136,-0.464051,-1.48846,-1.18414,1.65414,-0.22351,0.273365,-0.239389,-1.35108,-1.25734,2.76114,
-1.24563,0.271354,-0.418875,-1.48254,-1.18501,1.62563,-0.22349,0.269423,-0.238816,-1.36507,-1.24737,2.75536,
-1.24813,0.252042,-0.373988,-1.47595,-1.18575,1.59742,-0.223471,0.265482,-0.238243,-1.37907,-1.23741,2.74958,
-1.25036,0.233404,-0.329374,-1.46868,-1.18638,1.56945,-0.223451,0.26154,-0.237669,-1.39306,-1.22745,2.7438,
-1.25229,0.215421,-0.285021,-1.46073,-1.18694,1.54169,-0.223432,0.257599,-0.237096,-1.40705,-1.21748,2.73802,
-1.25391,0.198075,-0.240919,-1.45209,-1.18746,1.51411,-0.223412,0.253657,-0.236523,-1.42104,-1.20752,2.73224,
-1.25519,0.181352,-0.19706,-1.44275,-1.18795,1.48668,-0.223392,0.249716,-0.23595,-1.43504,-1.19755,2.72647,
-1.25611,0.165239,-0.153441,-1.43272,-1.18845,1.45935,-0.223373,0.245775,-0.235376,-1.44903,-1.18759,2.72069,
-1.25664,0.149725,-0.110058,-1.42197,-1.18898,1.43211,-0.223353,0.241833,-0.234803,-1.46302,-1.17762,2.71491,
-1.25677,0.134801,-0.0669117,-1.41051,-1.18956,1.40493,-0.223334,0.237892,-0.23423,-1.47701,-1.16766,2.70913,
-1.25645,0.12046,-0.0240043,-1.39833,-1.1902,1.37777,-0.223314,0.23395,-0.233657,-1.49101,-1.1577,2.70335,
-1.25567,0.106697,0.0186599,-1.38541,-1.19093,1.35061,-0.223295,0.230009,-0.233083,-1.505,-1.14773,2.69758,
-1.25439,0.0935113,0.061074,-1.37174,-1.19177,1.32342,-0.223275,0.226068,-0.23251,-1.51899,-1.13777,2.6918,
-1.25259,0.0809022,0.103229,-1.35731,-1.19274,1.29618,-0.223256,0.222126,-0.231937,-1.53298,-1.1278,2.68602,
-1.25021,0.0688728,0.145114,-1.34209,-1.19386,1.26886,-0.223236,0.218185,-0.231364,-1.54698,-1.11784,2.68024,
-1.24724,0.0574288,0.186714,-1.32607,-1.19515,1.24145,-0.223217,0.214243,-0.23079,-1.56097,-1.10787,2.67446,
-1.24363,0.0465791,0.228015,-1.30923,-1.19664,1.2139,-0.223197,0.210302,-0.230217,-1.57496,-1.09791,2.66868,
-1.23934,0.0363356,0.268996,-1.29153,-1.19835,1.18621,-0.223177,0.20636,-0.229644,-1.58896,-1.08794,2.66291,
-1.23433,0.0267137,0.309637,-1.27296,-1.2003,1.15834,-0.223158,0.202419,-0.22907,-1.60295,-1.07798,2.65713,
-1.22854,0.0177329,0.349912,-1.25346,-1.20254,1.13028,-0.223138,0.198478,-0.228497,-1.61694,-1.06802,2.65135,
-1.22194,0.00941654,0.389794,-1.23302,-1.20509,1.102,-0.223119,0.194536,-0.227924,-1.63093,-1.05805,2.64557,
-1.21447,0.00179242,0.429252,-1.21158,-1.20799,1.07348,-0.223099,0.190595,-0.227351,-1.64493,-1.04809,2.63979,
-1.20606,-0.00510671,0.46825,-1.18912,-1.21128,1.04469,-0.22308,0.186653,-0.226777,-1.65892,-1.03812,2.63402,
-1.19667,-0.0112429,0.50675,-1.16557,-1.21501,1.01563,-0.22306,0.182712,-0.226204,-1.67291,-1.02816,2.62824,
-1.18623,-0.0165725,0.544709,-1.14089,-1.21924,0.986267,-0.223041,0.178771,-0.225631,-1.6869,-1.01819,2.62246,
-1.17467,-0.0210459,0.582077,-1.11504,-1.22403,0.956596,-0.223021,0.174829,-0.225058,-1.7009,-1.00823,2.61668,
-1.16191,-0.0246069,0.618802,-1.08795,-1.22945,0.926608,-0.223002,0.170888,-0.224484,-1.71489,-0.998265,2.6109,
-1.14789,-0.0271925,0.654824,-1.05958,-1.23556,0.896299,-0.222982,0.166946,-0.223911,-1.72888,-0.988301,2.60513,
-1.13252,-0.0287325,0.690078,-1.02986,-1.24248,0.865674,-0.222962,0.163005,-0.223338,-1.74287,-0.978337,2.59935,
-1.11572,-0.0291495,0.72449,-0.998753,-1.25027,0.834749,-0.222943,0.159063,-0.222765,-1.75687,-0.968372,2.59357,
-1.0974,-0.0283591,0.757982,-0.966195,-1.25907,0.803549,-0.222923,0.155122,-0.222191,-1.77086,-0.958408,2.58779,
-1.07747,-0.0262698,0.790465,-0.932142,-1.26897,0.772117,-0.222904,0.151181,-0.221618,-1.78485,-0.948443,2.58201,
-1.05585,-0.0227842,0.821843,-0.896554,-1.28011,0.740515,-0.222884,0.147239,-0.221045,-1.79884,-0.938479,2.57623,
-1.03244,-0.0178005,0.852012,-0.859397,-1.29262,0.708824,-0.222865,0.143298,-0.220472,-1.81284,-0.928515,2.57046,
-1.00716,-0.011214,0.880858,-0.820648,-1.30663,0.677156,-0.222845,0.139356,-0.219898,-1.82683,-0.91855,2.56468,
-0.979932,-0.00292053,0.908259,-0.780295,-1.32228,0.645647,-0.222826,0.135415,-0.219325,-1.84082,-0.908586,2.5589,
-0.950679,0.00717974,0.934086,-0.738341,-1.33968,0.61447,-0.222806,0.131474,-0.218752,-1.85481,-0.898622,2.55312,
-0.919346,0.0191771,0.958202,-0.694805,-1.35895,0.583832,-0.222787,0.127532,-0.218179,-1.86881,-0.888657,2.54734,
-0.885891,0.0331462,0.980465,-0.649718,-1.38018,0.553975,-0.222767,0.123591,-0.217605,-1.8828,-0.878693,2.54157,
-0.850297,0.0491384,1.00073,-0.603127,-1.4034,0.525174,-0.222747,0.119649,-0.217032,-1.89679,-0.868729,2.53579,
-0.812577,0.0671742,1.01885,-0.555094,-1.4286,0.497734,-0.222728,0.115708,-0.216459,-1.91078,-0.858764,2.53001,
-0.772777,0.0872348,1.03469,-0.505689,-1.45571,0.47198,-0.222708,0.111766,-0.215885,-1.92478,-0.8488,2.52423,
-0.730982,0.109255,1.04811,-0.45499,-1.48457,0.448244,-0.222689,0.107825,-0.215312,-1.93877,-0.838835,2.51845,
-0.687324,0.133119,1.059,-0.403081,-1.51493,0.426849,-0.222669,0.103884,-0.214739,-1.95276,-0.828871,2.51267,
-0.641979,0.158657,1.06726,-0.350051,-1.54647,0.408091,-0.22265,0.0999422,-0.214166,-1.96675,-0.818907,2.5069,
-0.595172,0.185645,1.07282,-0.295999,-1.57874,0.392214,-0.22263,0.0960008,-0.213592,-1.98075,-0.808942,2.50112,
-0.547172,0.213819,1.07562,-0.24103,-1.61127,0.379388,-0.222611,0.0920594,-0.213019,-1.99474,-0.798978,2.49534,
-0.498287,0.242877,1.07566,-0.185274,-1.6435,0.369694,-0.222591,0.0881179,-0.212446,-2.00873,-0.789014,2.48956,
-0.448852,0.272499,1.07294,-0.128886,-1.67488,0.363105,-0.222572,0.0841765,-0.211873,-2.02272,-0.779049,2.48378,
-0.399224,0.302364,1.06752,-0.0720567,-1.70484,0.359478,-0.222552,0.0802351,-0.211299,-2.03672,-0.769085,2.47801,
-0.349764,0.332164,1.05948,-0.0150173,-1.7329,0.358561,-0.222533,0.0762937,-0.210726,-2.05071,-0.75912,2.47223,
-0.300824,0.361621,1.04891,0.0419599,-1.75863,0.360001,-0.222513,0.0723523,-0.210153,-2.0647,-0.749156,2.46645,
-0.252734,0.390498,1.03594,0.0985692,-1.78171,0.363362,-0.222493,0.0684109,-0.20958,-2.07869,-0.739192,2.46067,
-0.205794,0.418603,1.0207,0.154483,-1.80193,0.368159,-0.222474,0.0644694,-0.209006,-2.09269,-0.729227,2.45489,
-0.160262,0.445795,1.00334,0.209371,-1.81922,0.373884,-0.222454,0.060528,-0.208433,-2.10668,-0.719263,2.44912,
-0.116352,0.47198,0.984019,0.262913,-1.83359,0.380035,-0.222435,0.0565866,-0.20786,-2.12067,-0.709299,2.44334,
-0.0742289,0.497106,0.96288,0.314822,-1.84515,0.386146,-0.222415,0.0526452,-0.207287,-2.13466,-0.699334,2.43756,
-0.0340124,0.521158,0.940073,0.364854,-1.85408,0.391804,-0.222396,0.0487038,-0.206713,-2.14866,-0.68937,2.43178,
0.00422132,0.544153,0.915742,0.412819,-1.86061,0.396664,-0.222376,0.0447624,-0.20614,-2.16265,-0.679405,2.426,
0.0404351,0.566127,0.890021,0.458581,-1.86501,0.400448,-0.222357,0.0408209,-0.205567,-2.17664,-0.669441,2.42022,
0.0746251,0.587133,0.863037,0.502058,-1.86755,0.402952,-0.222337,0.0368795,-0.204994,-2.19063,-0.659477,2.41445,
0.106815,0.607236,0.834906,0.543218,-1.86849,0.404036,-0.222318,0.0329381,-0.20442,-2.20463,-0.649512,2.40867,
0.13705,0.626504,0.805735,0.58207,-1.86809,0.403613,-0.222298,0.0289967,-0.203847,-2.21862,-0.639548,2.40289,
0.13828,0.629946,0.815484,0.587473,-1.87074,0.379693,-0.23561,-0.0241219,-0.097194,-2.11705,-0.589684,2.30368,
0.13951,0.633389,0.825239,0.592877,-1.8734,0.355776,-0.248112,-0.0722893,0.00217026,-2.00241,-0.547892,2.19284,
0.140739,0.636832,0.834994,0.59828,-1.87607,0.331858,-0.259689,-0.116147,0.0956576,-1.87444,-0.514558,2.0699,
0.141969,0.640275,0.84475,0.603684,-1.87873,0.307941,-0.270214,-0.156085,0.184236,-1.73418,-0.490282,1.93577,
0.143199,0.643718,0.854506,0.609088,-1.88139,0.284024,-0.279558,-0.19232,0.268589,-1.58435,-0.475679,1.79309,
0.144429,0.647161,0.864261,0.614491,-1.88406,0.260107,-0.287584,-0.224942,0.349207,-1.42932,-0.471171,1.64618,
0.145658,0.650604,0.874016,0.619895,-1.88672,0.236189,-0.29415,-0.253938,0.426436,-1.27442,-0.476834,1.50034,
0.146888,0.654047,0.883772,0.625298,-1.88938,0.212272,-0.299115,-0.279201,0.500514,-1.12479,-0.49235,1.36072,
0.148118,0.65749,0.893528,0.630702,-1.89204,0.188355,-0.302332,-0.300537,0.571591,-0.98435,-0.517092,1.23126,
0.149347,0.660933,0.903283,0.636105,-1.8947,0.164437,-0.303658,-0.31766,0.639734,-0.855366,-0.550295,1.11428,
0.150577,0.664376,0.913039,0.641509,-1.89736,0.14052,-0.302955,-0.330191,0.704938,-0.738529,-0.59122,1.01055,
0.151807,0.667819,0.922795,0.646913,-1.90003,0.116603,-0.300088,-0.337652,0.767126,-0.633441,-0.639273,0.919787,
0.153037,0.671262,0.93255,0.652316,-1.90269,0.0926852,-0.294933,-0.339459,0.826148,-0.539102,-0.694054,0.841143,
0.154267,0.674705,0.942306,0.65772,-1.90535,0.0687678,-0.287383,-0.334925,0.881777,-0.454271,-0.75536,0.773595,
0.155496,0.678148,0.952062,0.663124,-1.90801,0.0448504,-0.277348,-0.32326,0.933702,-0.377688,-0.823149,0.716169,
0.156726,0.681591,0.961817,0.668527,-1.91067,0.0209331,-0.264761,-0.3036,0.981528,-0.308172,-0.89748,0.668067,
0.157956,0.685034,0.971573,0.673931,-1.91334,-0.0029843,-0.249588,-0.275051,1.02477,-0.244641,-0.978424,0.628715,
0.159186,0.688477,0.981329,0.679335,-1.916,-0.0269017,-0.23183,-0.236778,1.06287,-0.186082,-1.06595,0.597769,
0.160415,0.69192,0.991084,0.684738,-1.91866,-0.050819,-0.21153,-0.188128,1.0952,-0.131505,-1.15979,0.575099,
0.161645,0.695363,1.00084,0.690142,-1.92132,-0.0747364,-0.188775,-0.128805,1.12112,-0.0798751,-1.25926,0.560756,

