0 5.712 0 0 0 0 
0 5.49704 -0.112503 -0.214205 0.185506 0.321305 
0 5.28208 -0.225006 -0.428409 0.371012 0.642611 
0 5.06713 -0.337509 -0.642614 0.556519 0.963916 
0 4.85217 -0.450012 -0.856818 0.742025 1.28522 
0 4.63721 -0.562515 -1.07102 0.927531 1.60653 
0 4.42225 -0.675018 -1.28523 1.11304 1.92783 
0 4.20729 -0.78752 -1.49943 1.29854 2.24914 
0 3.99233 -0.900023 -1.71364 1.48405 2.57044 
0 3.77738 -1.01253 -1.92784 1.66956 2.89175 
0 3.56242 -1.12503 -2.14205 1.85506 3.21305 
0 3.34746 -1.23753 -2.35625 2.04057 3.53436 
0 3.1325 -1.35004 -2.57045 2.22607 3.85567 
0 2.91754 -1.46254 -2.78466 2.41158 4.17697 
0 2.70258 -1.57504 -2.99886 2.59709 4.49828 
0 2.48763 -1.68754 -3.21307 2.78259 4.81958 
0 2.27267 -1.80005 -3.42727 2.9681 5.14089 
0 2.05771 -1.91255 -3.64148 3.15361 5.46219 
0 1.84275 -2.02505 -3.85568 3.33911 5.7835 
0 1.62779 -2.13756 -4.06989 3.52462 6.1048 
0 1.41284 -2.25006 -4.28409 3.71012 6.42611 
0 1.19788 -2.36256 -4.4983 3.89563 6.74741 
0 0.982919 -2.47506 -4.7125 4.08114 7.06872 
0 0.76796 -2.58757 -4.92671 4.26664 7.39002 
0 0.553002 -2.70007 -5.14091 4.45215 7.71133 
0 0.33683 -2.81321 -5.35632 4.6387 8.03445 
0 0.120659 -2.92635 -5.57174 4.82526 8.35757 
0 -0.0955127 -3.03948 -5.78715 5.01181 8.68069 
0 -0.311684 -3.15262 -6.00256 5.19836 9.00381 
0 -0.527856 -3.26576 -6.21798 5.38492 9.32693 
0 -0.744027 -3.3789 -6.43339 5.57147 9.65005 
0 -0.960199 -3.49204 -6.64881 5.75802 9.97316 
0 -1.17637 -3.60517 -6.86422 5.94458 10.2963 
0 -1.39254 -3.71831 -7.07963 6.13113 10.6194 
0 -1.60871 -3.83145 -7.29505 6.31769 10.9425 
0 -1.82489 -3.94459 -7.51046 6.50424 11.2656 
0 -2.04106 -4.05772 -7.72587 6.69079 11.5888 
0 -2.25723 -4.17086 -7.94129 6.87735 11.9119 
0 -2.4734 -4.284 -8.1567 7.0639 12.235 


