0 5.712 0 0 0 0 
0.0384921 5.75517 0.0518897 -0.312315 0.221043 -0.319968 
0.0769841 5.79833 0.103779 -0.624629 0.442086 -0.639935 
0.115476 5.8415 0.155669 -0.936944 0.663129 -0.959903 
0.153968 5.88466 0.207559 -1.24926 0.884172 -1.27987 
0.19246 5.92783 0.259449 -1.56157 1.10521 -1.59984 
0.230952 5.971 0.311338 -1.87389 1.32626 -1.91981 
0.269444 6.01416 0.363228 -2.1862 1.5473 -2.23977 
0.307936 6.05733 0.415118 -2.49852 1.76834 -2.55974 
0.346429 6.1005 0.467007 -2.81083 1.98939 -2.87971 
0.384921 6.14366 0.518897 -3.12315 2.21043 -3.19968 
0.423413 6.18683 0.570787 -3.43546 2.43147 -3.51964 
0.461905 6.22999 0.622676 -3.74778 2.65252 -3.83961 
0.500397 6.27316 0.674566 -4.06009 2.87356 -4.15958 
0.538889 6.31633 0.726456 -4.37241 3.0946 -4.47955 
0.577381 6.35949 0.778346 -4.68472 3.31564 -4.79951 
0.615873 6.40266 0.830235 -4.99704 3.53669 -5.11948 
0.654365 6.44582 0.882125 -5.30935 3.75773 -5.43945 
0.692857 6.48899 0.934015 -5.62166 3.97877 -5.75942 
0.731349 6.53216 0.985904 -5.93398 4.19982 -6.07939 
0.769841 6.57532 1.03779 -6.24629 4.42086 -6.39935 
0.808333 6.61849 1.08968 -6.55861 4.6419 -6.71932 
0.846825 6.66166 1.14157 -6.87092 4.86294 -7.03929 
0.885317 6.70482 1.19346 -7.18324 5.08399 -7.35926 
0.923809 6.74799 1.24535 -7.49555 5.30503 -7.67922 
0.962301 6.79115 1.29724 -7.80787 5.52607 -7.99919 
1.00079 6.83432 1.34913 -8.12018 5.74712 -8.31916 
1.03929 6.87749 1.40102 -8.4325 5.96816 -8.63913 
1.07778 6.92065 1.45291 -8.74481 6.1892 -8.95909 
1.11627 6.96382 1.5048 -9.05713 6.41025 -9.27906 
1.15476 7.00699 1.55669 -9.36944 6.63129 -9.59903 
1.19325 7.05015 1.60858 -9.68176 6.85233 -9.919 
1.23175 7.09332 1.66047 -9.99407 7.07337 -10.239 
1.27024 7.13648 1.71236 -10.3064 7.29442 -10.5589 
1.30873 7.17965 1.76425 -10.6187 7.51546 -10.8789 
1.37791 7.23027 1.93254 -10.636 7.5386 -11.334 
1.4471 7.28088 2.10084 -10.6532 7.56174 -11.789 
1.51628 7.3315 2.26913 -10.6705 7.58488 -12.2441 
1.58546 7.38211 2.43742 -10.6877 7.60801 -12.6991 
1.65464 7.43273 2.60572 -10.705 7.63115 -13.1542 
1.72383 7.48335 2.77401 -10.7222 7.65429 -13.6092 
1.79301 7.53396 2.9423 -10.7395 7.67743 -14.0643 
1.86219 7.58458 3.1106 -10.7567 7.70057 -14.5193 
1.93137 7.63519 3.27889 -10.774 7.72371 -14.9744 
2.00056 7.68581 3.44718 -10.7912 7.74684 -15.4294 
2.06974 7.73642 3.61548 -10.8085 7.76998 -15.8845 
2.13892 7.78704 3.78377 -10.8257 7.79312 -16.3395 
2.2081 7.83766 3.95206 -10.843 7.81626 -16.7946 
2.27729 7.88827 4.12036 -10.8602 7.8394 -17.2496 
2.34647 7.93889 4.28865 -10.8775 7.86254 -17.7047 
2.41565 7.9895 4.45694 -10.8947 7.88568 -18.1597 
2.48483 8.04012 4.62524 -10.912 7.90881 -18.6148 
2.55402 8.09074 4.79353 -10.9292 7.93195 -19.0698 
2.6232 8.14135 4.96182 -10.9465 7.95509 -19.5249 
2.69238 8.19197 5.13012 -10.9637 7.97823 -19.9799 
2.76156 8.24258 5.29841 -10.981 8.00137 -20.435 
2.83075 8.2932 5.4667 -10.9982 8.02451 -20.89 
2.89993 8.34382 5.635 -11.0155 8.04764 -21.3451 
2.96911 8.39443 5.80329 -11.0327 8.07078 -21.8001 
3.03829 8.44505 5.97158 -11.05 8.09392 -22.2552 
3.10748 8.49566 6.13988 -11.0672 8.11706 -22.7102 
3.17666 8.54628 6.30817 -11.0845 8.1402 -23.1653 
3.24584 8.5969 6.47646 -11.1017 8.16334 -23.6203 
3.31502 8.64751 6.64476 -11.119 8.18648 -24.0754 
3.38421 8.69813 6.81305 -11.1362 8.20961 -24.5304 
3.45339 8.74874 6.98134 -11.1535 8.23275 -24.9855 
3.52257 8.79936 7.14964 -11.1707 8.25589 -25.4405 
3.59175 8.84997 7.31793 -11.188 8.27903 -25.8956 
3.66094 8.90059 7.48622 -11.2052 8.30217 -26.3506 
3.73012 8.95121 7.65452 -11.2225 8.32531 -26.8057 
3.7993 9.00182 7.82281 -11.2397 8.34844 -27.2607 
3.86848 9.05244 7.9911 -11.257 8.37158 -27.7158 
3.93767 9.10305 8.1594 -11.2742 8.39472 -28.1708 
4.00685 9.15367 8.32769 -11.2915 8.41786 -28.6259 
3.95481 8.97055 8.33081 -11.5686 8.6755 -28.8897 
3.90278 8.78743 8.33393 -11.8457 8.93314 -29.1535 
3.85074 8.6043 8.33705 -12.1228 9.19077 -29.4174 
3.7987 8.42118 8.34017 -12.3998 9.44841 -29.6812 
3.74666 8.23806 8.34329 -12.6769 9.70605 -29.945 
3.69463 8.05494 8.34642 -12.954 9.96369 -30.2088 
3.64259 7.87182 8.34954 -13.2311 10.2213 -30.4726 
3.59055 7.6887 8.35266 -13.5082 10.479 -30.7365 
3.53852 7.50557 8.35578 -13.7853 10.7366 -31.0003 
3.48648 7.32245 8.3589 -14.0623 10.9942 -31.2641 
3.43444 7.13933 8.36202 -14.3394 11.2519 -31.5279 
3.38241 6.95621 8.36514 -14.6165 11.5095 -31.7917 
3.33037 6.77309 8.36826 -14.8936 11.7672 -32.0556 
3.27833 6.58997 8.37138 -15.1707 12.0248 -32.3194 
3.22629 6.40684 8.3745 -15.4478 12.2824 -32.5832 
3.17426 6.22372 8.37762 -15.7249 12.5401 -32.847 
3.12222 6.0406 8.38075 -16.0019 12.7977 -33.1108 
3.07018 5.85748 8.38387 -16.279 13.0553 -33.3747 
3.01815 5.67436 8.38699 -16.5561 13.313 -33.6385 
2.96611 5.49124 8.39011 -16.8332 13.5706 -33.9023 
2.91407 5.30811 8.39323 -17.1103 13.8283 -34.1661 
2.86204 5.12499 8.39635 -17.3874 14.0859 -34.4299 
2.81 4.94187 8.39947 -17.6644 14.3435 -34.6937 
2.75796 4.75875 8.40259 -17.9415 14.6012 -34.9576 
2.70592 4.57563 8.40571 -18.2186 14.8588 -35.2214 
2.65389 4.39251 8.40883 -18.4957 15.1165 -35.4852 
2.60185 4.20938 8.41195 -18.7728 15.3741 -35.749 
2.54981 4.02626 8.41508 -19.0499 15.6317 -36.0128 
2.49778 3.84314 8.4182 -19.3269 15.8894 -36.2767 
2.44574 3.66002 8.42132 -19.604 16.147 -36.5405 
2.3937 3.4769 8.42444 -19.8811 16.4046 -36.8043 
2.34167 3.29378 8.42756 -20.1582 16.6623 -37.0681 
2.28963 3.11065 8.43068 -20.4353 16.9199 -37.3319 
2.23759 2.92753 8.4338 -20.7124 17.1776 -37.5958 
2.18555 2.74441 8.43692 -20.9895 17.4352 -37.8596 
2.13352 2.56129 8.44004 -21.2665 17.6928 -38.1234 
2.08148 2.37817 8.44316 -21.5436 17.9505 -38.3872 
2.02944 2.19505 8.44628 -21.8207 18.2081 -38.651 
1.97741 2.01192 8.44941 -22.0978 18.4657 -38.9149 
1.92537 1.8288 8.45253 -22.3749 18.7234 -39.1787 
1.87333 1.64568 8.45565 -22.652 18.981 -39.4425 
1.8213 1.46256 8.45877 -22.929 19.2387 -39.7063 
1.76926 1.27944 8.46189 -23.2061 19.4963 -39.9701 
1.71722 1.09632 8.46501 -23.4832 19.7539 -40.234 
1.66518 0.913194 8.46813 -23.7603 20.0116 -40.4978 
1.61315 0.730072 8.47125 -24.0374 20.2692 -40.7616 
1.56111 0.546951 8.47437 -24.3145 20.5269 -41.0254 
1.50907 0.363829 8.47749 -24.5916 20.7845 -41.2892 
1.45704 0.180707 8.48061 -24.8686 21.0421 -41.5531 
1.405 -0.00241442 8.48374 -25.1457 21.2998 -41.8169 
1.35296 -0.185536 8.48686 -25.4228 21.5574 -42.0807 
1.30093 -0.368658 8.48998 -25.6999 21.815 -42.3445 
1.24889 -0.551779 8.4931 -25.977 22.0727 -42.6083 
1.19685 -0.734901 8.49622 -26.2541 22.3303 -42.8722 
1.14481 -0.918023 8.49934 -26.5311 22.588 -43.136 
1.09278 -1.10114 8.50246 -26.8082 22.8456 -43.3998 
1.04074 -1.28427 8.50558 -27.0853 23.1032 -43.6636 
0.988703 -1.46739 8.5087 -27.3624 23.3609 -43.9274 
0.936666 -1.65051 8.51182 -27.6395 23.6185 -44.1912 
0.884629 -1.83363 8.51494 -27.9166 23.8762 -44.4551 
0.832592 -2.01675 8.51807 -28.1936 24.1338 -44.7189 
0.780555 -2.19987 8.52119 -28.4707 24.3914 -44.9827 
0.728518 -2.383 8.52431 -28.7478 24.6491 -45.2465 
0.676481 -2.56612 8.52743 -29.0249 24.9067 -45.5103 
0.624444 -2.74924 8.53055 -29.302 25.1643 -45.7742 
0.572407 -2.93236 8.53367 -29.5791 25.422 -46.038 
0.52037 -3.11548 8.53679 -29.8562 25.6796 -46.3018 
0.468333 -3.2986 8.53991 -30.1332 25.9373 -46.5656 
0.416296 -3.48173 8.54303 -30.4103 26.1949 -46.8294 
0.364259 -3.66485 8.54615 -30.6874 26.4525 -47.0933 
0.312222 -3.84797 8.54927 -30.9645 26.7102 -47.3571 
0.260185 -4.03109 8.5524 -31.2416 26.9678 -47.6209 
0.208148 -4.21421 8.55552 -31.5187 27.2254 -47.8847 
0.156111 -4.39733 8.55864 -31.7957 27.4831 -48.1485 
0.104074 -4.58046 8.56176 -32.0728 27.7407 -48.4124 
0.052037 -4.76358 8.56488 -32.3499 27.9984 -48.6762 
0 -4.9467 8.568 -32.627 28.256 -48.94 


