0 0.264091 -0.140898 -0 -1.69399 2.98452 0.0318262 0.256964 -0.125467 -0.00299456 -1.71539 2.89749 
0.0409789 0.258348 -0.121946 0.0296278 -1.69868 2.95751 0.0223987 0.143748 -0.0336662 -0.0104933 -1.58581 2.85636 
0.0819577 0.252605 -0.102993 0.0592557 -1.70337 2.9305 0.0189623 0.0483829 0.0263364 -0.0145799 -1.45029 2.80418 
0.122937 0.246862 -0.084041 0.0888835 -1.70806 2.90349 0.0233588 -0.0299534 0.0621894 -0.0122107 -1.31608 2.73837 
0.163915 0.241119 -0.0650887 0.118511 -1.71275 2.87648 0.0370466 -0.0920802 0.0804337 0.000259277 -1.18953 2.65554 
0.204894 0.235376 -0.0461363 0.148139 -1.71744 2.84947 0.0607695 -0.139123 0.0868028 0.0268651 -1.07646 2.55208 
0.245873 0.229633 -0.027184 0.177767 -1.72213 2.82246 0.0942455 -0.172448 0.0861711 0.0710478 -0.982314 2.42551 
0.286852 0.22389 -0.00823167 0.207395 -1.72682 2.79546 0.135984 -0.193486 0.0824406 0.133725 -0.912094 2.27653 
0.327831 0.218147 0.0107207 0.237023 -1.73151 2.76845 0.183359 -0.203568 0.078466 0.211132 -0.869601 2.11115 
0.36881 0.212404 0.029673 0.266651 -1.7362 2.74144 0.232992 -0.203835 0.0760454 0.294468 -0.856149 1.9408 
0.409789 0.206661 0.0486253 0.296278 -1.74089 2.71443 0.281375 -0.195189 0.0759764 0.372944 -0.869758 1.77885 
0.450768 0.200918 0.0675777 0.325906 -1.74558 2.68742 0.325486 -0.178278 0.0781655 0.438353 -0.905744 1.63569 
0.491746 0.195176 0.08653 0.355534 -1.75027 2.66041 0.363197 -0.153497 0.0817782 0.487416 -0.958341 1.51605 
0.532725 0.189433 0.105482 0.385162 -1.75496 2.6334 0.393373 -0.12102 0.0854085 0.52097 -1.02218 1.41984 
0.573704 0.18369 0.124435 0.41479 -1.75965 2.60639 0.415739 -0.0808567 0.0872511 0.541914 -1.09296 1.34421 
0.614683 0.177947 0.143387 0.444418 -1.76434 2.57938 0.430639 -0.0329417 0.085262 0.553598 -1.16743 1.2853 
0.655662 0.172204 0.162339 0.474045 -1.76903 2.55237 0.438795 0.0227727 0.0772961 0.558987 -1.24307 1.23925 
0.696641 0.166461 0.181292 0.503673 -1.77372 2.52536 0.441115 0.0862415 0.0612165 0.560391 -1.31783 1.20256 
0.73762 0.160718 0.200244 0.533301 -1.77841 2.49836 0.438561 0.15729 0.034966 0.559436 -1.38987 1.17215 
0.778599 0.154975 0.219196 0.562929 -1.7831 2.47135 0.432067 0.235635 -0.0034108 0.55715 -1.45739 1.14538 
0.819577 0.149232 0.238149 0.592557 -1.78779 2.44434 0.422493 0.320969 -0.0558146 0.554067 -1.51865 1.11992 
0.860556 0.143489 0.257101 0.622185 -1.79248 2.41733 0.410602 0.413118 -0.124242 0.55034 -1.57186 1.0937 
0.901535 0.137746 0.276053 0.651812 -1.79717 2.39032 0.397052 0.512293 -0.211108 0.545849 -1.61513 1.06478 
0.942514 0.132003 0.295006 0.68144 -1.80186 2.36331 0.382393 0.619499 -0.319909 0.540308 -1.64626 1.03122 
0.983493 0.12626 0.313958 0.711068 -1.80655 2.3363 0.367076 0.737384 -0.456759 0.533366 -1.66209 0.990749 
0.939917 0.215741 0.241419 0.667651 -1.82604 2.35109 0.387805 0.764705 -0.558694 0.570184 -1.60444 0.842691 
0.896342 0.305221 0.16888 0.624234 -1.84552 2.36589 0.404761 0.799137 -0.659193 0.604641 -1.55577 0.701096 
0.852766 0.394702 0.0963406 0.580817 -1.86501 2.38068 0.418949 0.836746 -0.75234 0.636713 -1.51646 0.567524 
0.80919 0.484183 0.0238014 0.5374 -1.88449 2.39547 0.431293 0.873232 -0.831225 0.666223 -1.48751 0.444019 
0.765615 0.573664 -0.0487377 0.493983 -1.90398 2.41027 0.442605 0.903916 -0.887923 0.692854 -1.47046 0.333185 
0.722039 0.663144 -0.121277 0.450566 -1.92346 2.42506 0.453566 0.924755 -0.915447 0.716331 -1.46659 0.23758 
0.678463 0.752625 -0.193816 0.407149 -1.94295 2.43986 0.464724 0.934577 -0.911984 0.7368 -1.4755 0.158262 
0.634888 0.842106 -0.266355 0.363731 -1.96243 2.45465 0.47648 0.93628 -0.883215 0.754974 -1.49439 0.0938317 
0.591312 0.931586 -0.338894 0.320314 -1.98192 2.46944 0.489091 0.93505 -0.839045 0.771796 -1.5193 0.0413546 
0.547737 1.02107 -0.411433 0.276897 -2.0014 2.48424 0.502665 0.935868 -0.789 0.787992 -1.54657 -0.00214247 
0.504161 1.11055 -0.483973 0.23348 -2.02089 2.49903 0.517162 0.942488 -0.740423 0.803907 -1.57336 -0.0390454 
0.460585 1.20003 -0.556512 0.190063 -2.04037 2.51382 0.532401 0.957514 -0.698679 0.819505 -1.5975 -0.0712242 
0.41701 1.28951 -0.629051 0.146646 -2.05986 2.52862 0.548068 0.982697 -0.667814 0.834418 -1.61719 -0.100285 
0.373434 1.37899 -0.70159 0.103229 -2.07934 2.54341 0.56374 1.01921 -0.6511 0.848006 -1.63083 -0.127787 
0.373434 1.37899 -0.70159 0.103229 -2.07934 2.5783 0.56374 1.01921 -0.6511 0.848006 -1.63083 -0.0928981 
0.373434 1.37899 -0.70159 0.103229 -2.07934 2.61319 0.56374 1.01921 -0.6511 0.848006 -1.63083 -0.0580092 
0.373434 1.37899 -0.70159 0.103229 -2.07934 2.64808 0.56374 1.01921 -0.6511 0.848006 -1.63083 -0.0231203 
0.373434 1.37899 -0.70159 0.103229 -2.07934 2.68297 0.56374 1.01921 -0.6511 0.848006 -1.63083 0.0117686 
0.373434 1.37899 -0.70159 0.103229 -2.07934 2.71785 0.56374 1.01921 -0.6511 0.848006 -1.63083 0.0466574 
0.373434 1.37899 -0.70159 0.103229 -2.07934 2.75274 0.56374 1.01921 -0.6511 0.848006 -1.63083 0.0815463 
0.373434 1.37899 -0.70159 0.103229 -2.07934 2.78763 0.56374 1.01921 -0.6511 0.848006 -1.63083 0.116435 
0.373434 1.37899 -0.70159 0.103229 -2.07934 2.82252 0.56374 1.01921 -0.6511 0.848006 -1.63083 0.151324 
0.373434 1.37899 -0.70159 0.103229 -2.07934 2.85741 0.56374 1.01921 -0.6511 0.848006 -1.63083 0.186213 
0.373434 1.37899 -0.70159 0.103229 -2.07934 2.8923 0.56374 1.01921 -0.6511 0.848006 -1.63083 0.221102 
0.373434 1.37899 -0.70159 0.103229 -2.07934 2.92719 0.56374 1.01921 -0.6511 0.848006 -1.63083 0.255991 
0.373434 1.37899 -0.70159 0.103229 -2.07934 2.96208 0.56374 1.01921 -0.6511 0.848006 -1.63083 0.29088 
0.373434 1.37899 -0.70159 0.103229 -2.07934 2.99697 0.56374 1.01921 -0.6511 0.848006 -1.63083 0.325769 
0.373434 1.37899 -0.70159 0.103229 -2.07934 3.03185 0.56374 1.01921 -0.6511 0.848006 -1.63083 0.360657 
0.373434 1.37899 -0.70159 0.103229 -2.07934 3.06674 0.56374 1.01921 -0.6511 0.848006 -1.63083 0.395546 
0.373434 1.37899 -0.70159 0.103229 -2.07934 3.10163 0.56374 1.01921 -0.6511 0.848006 -1.63083 0.430435 
0.373434 1.37899 -0.70159 0.103229 -2.07934 3.13652 0.56374 1.01921 -0.6511 0.848006 -1.63083 0.465324 
0.373434 1.37899 -0.70159 0.103229 -2.07934 3.17141 0.56374 1.01921 -0.6511 0.848006 -1.63083 0.500213 
0.373434 1.37899 -0.70159 0.103229 -2.07934 3.2063 0.56374 1.01921 -0.6511 0.848006 -1.63083 0.535102 
0.373434 1.37899 -0.70159 0.103229 -2.07934 3.24119 0.56374 1.01921 -0.6511 0.848006 -1.63083 0.569991 
0.373434 1.37899 -0.70159 0.103229 -2.07934 3.27608 0.56374 1.01921 -0.6511 0.848006 -1.63083 0.60488 
0.373434 1.37899 -0.70159 0.103229 -2.07934 3.31097 0.56374 1.01921 -0.6511 0.848006 -1.63083 0.639769 
0.373434 1.37899 -0.70159 0.103229 -2.07934 3.34585 0.56374 1.01921 -0.6511 0.848006 -1.63083 0.674657 
0.373434 1.37899 -0.70159 0.103229 -2.07934 3.38074 0.56374 1.01921 -0.6511 0.848006 -1.63083 0.709546 
0.373434 1.37899 -0.70159 0.103229 -2.07934 3.41563 0.56374 1.01921 -0.6511 0.848006 -1.63083 0.744435 
0.373434 1.37899 -0.70159 0.103229 -2.07934 3.45052 0.56374 1.01921 -0.6511 0.848006 -1.63083 0.779324 
0.373434 1.37899 -0.70159 0.103229 -2.07934 3.48541 0.56374 1.01921 -0.6511 0.848006 -1.63083 0.814213 
0.373434 1.37899 -0.70159 0.103229 -2.07934 3.5203 0.56374 1.01921 -0.6511 0.848006 -1.63083 0.849102 
0.373434 1.37899 -0.70159 0.103229 -2.07934 3.55519 0.56374 1.01921 -0.6511 0.848006 -1.63083 0.883991 
0.373434 1.37899 -0.70159 0.103229 -2.07934 3.59008 0.56374 1.01921 -0.6511 0.848006 -1.63083 0.91888 
0.373434 1.37899 -0.70159 0.103229 -2.07934 3.62497 0.56374 1.01921 -0.6511 0.848006 -1.63083 0.953769 
0.373434 1.37899 -0.70159 0.103229 -2.07934 3.65985 0.56374 1.01921 -0.6511 0.848006 -1.63083 0.988657 
0.373434 1.37899 -0.70159 0.103229 -2.07934 3.69474 0.56374 1.01921 -0.6511 0.848006 -1.63083 1.02355 
0.373434 1.37899 -0.70159 0.103229 -2.07934 3.72963 0.56374 1.01921 -0.6511 0.848006 -1.63083 1.05844 
0.373434 1.37899 -0.70159 0.103229 -2.07934 3.76452 0.56374 1.01921 -0.6511 0.848006 -1.63083 1.09332 
0.373434 1.37899 -0.70159 0.103229 -2.07934 3.79941 0.56374 1.01921 -0.6511 0.848006 -1.63083 1.12821 
0.373434 1.37899 -0.70159 0.103229 -2.07934 3.8343 0.56374 1.01921 -0.6511 0.848006 -1.63083 1.1631 
0.373434 1.37899 -0.70159 0.103229 -2.07934 3.86919 0.56374 1.01921 -0.6511 0.848006 -1.63083 1.19799 
0.373434 1.37899 -0.70159 0.103229 -2.07934 3.90408 0.56374 1.01921 -0.6511 0.848006 -1.63083 1.23288 
0.373434 1.37899 -0.70159 0.103229 -2.07934 3.93897 0.56374 1.01921 -0.6511 0.848006 -1.63083 1.26777 
0.373434 1.37899 -0.70159 0.103229 -2.07934 3.97385 0.56374 1.01921 -0.6511 0.848006 -1.63083 1.30266 
0.373434 1.37899 -0.70159 0.103229 -2.07934 4.00874 0.56374 1.01921 -0.6511 0.848006 -1.63083 1.33755 
0.373434 1.37899 -0.70159 0.103229 -2.07934 4.04363 0.56374 1.01921 -0.6511 0.848006 -1.63083 1.37244 
0.373434 1.37899 -0.70159 0.103229 -2.07934 4.07852 0.56374 1.01921 -0.6511 0.848006 -1.63083 1.40732 
0.373434 1.37899 -0.70159 0.103229 -2.07934 4.11341 0.56374 1.01921 -0.6511 0.848006 -1.63083 1.44221 
0.373434 1.37899 -0.70159 0.103229 -2.07934 4.1483 0.56374 1.01921 -0.6511 0.848006 -1.63083 1.4771 
0.373434 1.37899 -0.70159 0.103229 -2.07934 4.18319 0.56374 1.01921 -0.6511 0.848006 -1.63083 1.51199 
0.373434 1.37899 -0.70159 0.103229 -2.07934 4.21808 0.56374 1.01921 -0.6511 0.848006 -1.63083 1.54688 
0.373434 1.37899 -0.70159 0.103229 -2.07934 4.25297 0.56374 1.01921 -0.6511 0.848006 -1.63083 1.58177 
0.373434 1.37899 -0.70159 0.103229 -2.07934 4.28785 0.56374 1.01921 -0.6511 0.848006 -1.63083 1.61666 
0.373434 1.37899 -0.70159 0.103229 -2.07934 4.32274 0.56374 1.01921 -0.6511 0.848006 -1.63083 1.65155 
0.373434 1.37899 -0.70159 0.103229 -2.07934 4.35763 0.56374 1.01921 -0.6511 0.848006 -1.63083 1.68644 
0.373434 1.37899 -0.70159 0.103229 -2.07934 4.39252 0.56374 1.01921 -0.6511 0.848006 -1.63083 1.72132 
0.373434 1.37899 -0.70159 0.103229 -2.07934 4.42741 0.56374 1.01921 -0.6511 0.848006 -1.63083 1.75621 
0.373434 1.37899 -0.70159 0.103229 -2.07934 4.4623 0.56374 1.01921 -0.6511 0.848006 -1.63083 1.7911 
0.373434 1.37899 -0.70159 0.103229 -2.07934 4.49719 0.56374 1.01921 -0.6511 0.848006 -1.63083 1.82599 
0.373434 1.37899 -0.70159 0.103229 -2.07934 4.53208 0.56374 1.01921 -0.6511 0.848006 -1.63083 1.86088 
0.373434 1.37899 -0.70159 0.103229 -2.07934 4.56697 0.56374 1.01921 -0.6511 0.848006 -1.63083 1.89577 
0.373434 1.37899 -0.70159 0.103229 -2.07934 4.60185 0.56374 1.01921 -0.6511 0.848006 -1.63083 1.93066 
0.373434 1.37899 -0.70159 0.103229 -2.07934 4.63674 0.56374 1.01921 -0.6511 0.848006 -1.63083 1.96555 
0.373434 1.37899 -0.70159 0.103229 -2.07934 4.67163 0.56374 1.01921 -0.6511 0.848006 -1.63083 2.00044 
0.373434 1.37899 -0.70159 0.103229 -2.07934 4.70652 0.56374 1.01921 -0.6511 0.848006 -1.63083 2.03532 
0.373434 1.37899 -0.70159 0.103229 -2.07934 4.74141 0.56374 1.01921 -0.6511 0.848006 -1.63083 2.07021 
0.373434 1.37899 -0.70159 0.103229 -2.07934 4.7763 0.56374 1.01921 -0.6511 0.848006 -1.63083 2.1051 
0.373434 1.37899 -0.70159 0.103229 -2.07934 4.81119 0.56374 1.01921 -0.6511 0.848006 -1.63083 2.13999 
0.373434 1.37899 -0.70159 0.103229 -2.07934 4.84608 0.56374 1.01921 -0.6511 0.848006 -1.63083 2.17488 
0.373434 1.37899 -0.70159 0.103229 -2.07934 4.88097 0.56374 1.01921 -0.6511 0.848006 -1.63083 2.20977 
0.373434 1.37899 -0.70159 0.103229 -2.07934 4.91585 0.56374 1.01921 -0.6511 0.848006 -1.63083 2.24466 
0.373434 1.37899 -0.70159 0.103229 -2.07934 4.95074 0.56374 1.01921 -0.6511 0.848006 -1.63083 2.27955 
0.373434 1.37899 -0.70159 0.103229 -2.07934 4.98563 0.56374 1.01921 -0.6511 0.848006 -1.63083 2.31444 
0.373434 1.37899 -0.70159 0.103229 -2.07934 5.02052 0.56374 1.01921 -0.6511 0.848006 -1.63083 2.34932 
0.373434 1.37899 -0.70159 0.103229 -2.07934 5.05541 0.56374 1.01921 -0.6511 0.848006 -1.63083 2.38421 
0.373434 1.37899 -0.70159 0.103229 -2.07934 5.0903 0.56374 1.01921 -0.6511 0.848006 -1.63083 2.4191 
0.373434 1.37899 -0.70159 0.103229 -2.07934 5.12519 0.56374 1.01921 -0.6511 0.848006 -1.63083 2.45399 
0.373434 1.37899 -0.70159 0.103229 -2.07934 5.16008 0.56374 1.01921 -0.6511 0.848006 -1.63083 2.48888 
0.373434 1.37899 -0.70159 0.103229 -2.07934 5.19497 0.56374 1.01921 -0.6511 0.848006 -1.63083 2.52377 
0.373434 1.37899 -0.70159 0.103229 -2.07934 5.22985 0.56374 1.01921 -0.6511 0.848006 -1.63083 2.55866 
0.373434 1.37899 -0.70159 0.103229 -2.07934 5.26474 0.56374 1.01921 -0.6511 0.848006 -1.63083 2.59355 
0.373434 1.37899 -0.70159 0.103229 -2.07934 5.29963 0.56374 1.01921 -0.6511 0.848006 -1.63083 2.62844 
0.373434 1.37899 -0.70159 0.103229 -2.07934 5.33452 0.56374 1.01921 -0.6511 0.848006 -1.63083 2.66332 
0.373434 1.37899 -0.70159 0.103229 -2.07934 5.36941 0.56374 1.01921 -0.6511 0.848006 -1.63083 2.69821 
0.373434 1.37899 -0.70159 0.103229 -2.07934 5.4043 0.56374 1.01921 -0.6511 0.848006 -1.63083 2.7331 
0.373434 1.37899 -0.70159 0.103229 -2.07934 5.43919 0.56374 1.01921 -0.6511 0.848006 -1.63083 2.76799 
0.373434 1.37899 -0.70159 0.103229 -2.07934 5.47408 0.56374 1.01921 -0.6511 0.848006 -1.63083 2.80288 
0.373434 1.37899 -0.70159 0.103229 -2.07934 5.50897 0.56374 1.01921 -0.6511 0.848006 -1.63083 2.83777 
0.373434 1.37899 -0.70159 0.103229 -2.07934 5.54385 0.56374 1.01921 -0.6511 0.848006 -1.63083 2.87266 
0.373434 1.37899 -0.70159 0.103229 -2.07934 5.57874 0.56374 1.01921 -0.6511 0.848006 -1.63083 2.90755 
0.373434 1.37899 -0.70159 0.103229 -2.07934 5.61363 0.56374 1.01921 -0.6511 0.848006 -1.63083 2.94244 
0.373434 1.37899 -0.70159 0.103229 -2.07934 5.64852 0.56374 1.01921 -0.6511 0.848006 -1.63083 2.97732 
0.373434 1.37899 -0.70159 0.103229 -2.07934 5.68341 0.56374 1.01921 -0.6511 0.848006 -1.63083 3.01221 
0.373434 1.37899 -0.70159 0.103229 -2.07934 5.7183 0.56374 1.01921 -0.6511 0.848006 -1.63083 3.0471 
0.373434 1.37899 -0.70159 0.103229 -2.07934 5.75319 0.56374 1.01921 -0.6511 0.848006 -1.63083 3.08199 
0.373434 1.37899 -0.70159 0.103229 -2.07934 5.78808 0.56374 1.01921 -0.6511 0.848006 -1.63083 3.11688 
0.373434 1.37899 -0.70159 0.103229 -2.07934 5.82297 0.56374 1.01921 -0.6511 0.848006 -1.63083 3.15177 
0.373434 1.37899 -0.70159 0.103229 -2.07934 5.85785 0.56374 1.01921 -0.6511 0.848006 -1.63083 3.18666 
0.373434 1.37899 -0.70159 0.103229 -2.07934 5.89274 0.56374 1.01921 -0.6511 0.848006 -1.63083 3.22155 
0.373434 1.37899 -0.70159 0.103229 -2.07934 5.92763 0.56374 1.01921 -0.6511 0.848006 -1.63083 3.25644 
0.373434 1.37899 -0.70159 0.103229 -2.07934 5.96252 0.56374 1.01921 -0.6511 0.848006 -1.63083 3.29132 
0.373434 1.37899 -0.70159 0.103229 -2.07934 5.99741 0.56374 1.01921 -0.6511 0.848006 -1.63083 3.32621 
0.373434 1.37899 -0.70159 0.103229 -2.07934 6.0323 0.56374 1.01921 -0.6511 0.848006 -1.63083 3.3611 
0.373434 1.37899 -0.70159 0.103229 -2.07934 6.06719 0.56374 1.01921 -0.6511 0.848006 -1.63083 3.39599 
0.373434 1.37899 -0.70159 0.103229 -2.07934 6.10208 0.56374 1.01921 -0.6511 0.848006 -1.63083 3.43088 
0.373434 1.37899 -0.70159 0.103229 -2.07934 6.13697 0.56374 1.01921 -0.6511 0.848006 -1.63083 3.46577 
0.373434 1.37899 -0.70159 0.103229 -2.07934 6.17185 0.56374 1.01921 -0.6511 0.848006 -1.63083 3.50066 
0.373434 1.37899 -0.70159 0.103229 -2.07934 6.20674 0.56374 1.01921 -0.6511 0.848006 -1.63083 3.53555 
0.373434 1.37899 -0.70159 0.103229 -2.07934 6.24163 0.56374 1.01921 -0.6511 0.848006 -1.63083 3.57044 
0.373434 1.37899 -0.70159 0.103229 -2.07934 6.27652 0.56374 1.01921 -0.6511 0.848006 -1.63083 3.60532 
0.373434 1.37899 -0.70159 0.103229 -2.07934 6.31141 0.56374 1.01921 -0.6511 0.848006 -1.63083 3.64021 
0.373434 1.37899 -0.70159 0.103229 -2.07934 6.3463 0.56374 1.01921 -0.6511 0.848006 -1.63083 3.6751 
0.373434 1.37899 -0.70159 0.103229 -2.07934 6.38119 0.56374 1.01921 -0.6511 0.848006 -1.63083 3.70999 
0.373434 1.37899 -0.70159 0.103229 -2.07934 6.41608 0.56374 1.01921 -0.6511 0.848006 -1.63083 3.74488 
0.373434 1.37899 -0.70159 0.103229 -2.07934 6.45097 0.56374 1.01921 -0.6511 0.848006 -1.63083 3.77977 
0.373434 1.37899 -0.70159 0.103229 -2.07934 6.48585 0.56374 1.01921 -0.6511 0.848006 -1.63083 3.81466 
0.373434 1.37899 -0.70159 0.103229 -2.07934 6.52074 0.56374 1.01921 -0.6511 0.848006 -1.63083 3.84955 
0.373434 1.37899 -0.70159 0.103229 -2.07934 6.55563 0.56374 1.01921 -0.6511 0.848006 -1.63083 3.88444 
0.373434 1.37899 -0.70159 0.103229 -2.07934 6.59052 0.56374 1.01921 -0.6511 0.848006 -1.63083 3.91932 
0.373434 1.37899 -0.70159 0.103229 -2.07934 6.62541 0.56374 1.01921 -0.6511 0.848006 -1.63083 3.95421 
0.373434 1.37899 -0.70159 0.103229 -2.07934 6.6603 0.56374 1.01921 -0.6511 0.848006 -1.63083 3.9891 
0.373434 1.37899 -0.70159 0.103229 -2.07934 6.69519 0.56374 1.01921 -0.6511 0.848006 -1.63083 4.02399 
0.373434 1.37899 -0.70159 0.103229 -2.07934 6.73008 0.56374 1.01921 -0.6511 0.848006 -1.63083 4.05888 
0.373434 1.37899 -0.70159 0.103229 -2.07934 6.76497 0.56374 1.01921 -0.6511 0.848006 -1.63083 4.09377 
0.373434 1.37899 -0.70159 0.103229 -2.07934 6.79985 0.56374 1.01921 -0.6511 0.848006 -1.63083 4.12866 
0.373434 1.37899 -0.70159 0.103229 -2.07934 6.83474 0.56374 1.01921 -0.6511 0.848006 -1.63083 4.16355 
0.373434 1.37899 -0.70159 0.103229 -2.07934 6.86963 0.56374 1.01921 -0.6511 0.848006 -1.63083 4.19844 
0.373434 1.37899 -0.70159 0.103229 -2.07934 6.90452 0.56374 1.01921 -0.6511 0.848006 -1.63083 4.23332 
0.373434 1.37899 -0.70159 0.103229 -2.07934 6.93941 0.56374 1.01921 -0.6511 0.848006 -1.63083 4.26821 
0.373434 1.37899 -0.70159 0.103229 -2.07934 6.90452 0.56374 1.01921 -0.6511 0.848006 -1.63083 4.3031 
0.373434 1.37899 -0.70159 0.103229 -2.07934 6.90452 0.56374 1.01921 -0.6511 0.848006 -1.63083 4.33799 
0.373434 1.37899 -0.70159 0.103229 -2.07934 6.90452 0.56374 1.01921 -0.6511 0.848006 -1.63083 4.37288 
0.373434 1.37899 -0.70159 0.103229 -2.07934 6.90452 0.56374 1.01921 -0.6511 0.848006 -1.63083 4.40777 
0.373434 1.37899 -0.70159 0.103229 -2.07934 6.90452 0.56374 1.01921 -0.6511 0.848006 -1.63083 4.44266 
0.373434 1.37899 -0.70159 0.103229 -2.07934 6.90452 0.56374 1.01921 -0.6511 0.848006 -1.63083 4.47755 
0.373434 1.37899 -0.70159 0.103229 -2.07934 6.90452 0.56374 1.01921 -0.6511 0.848006 -1.63083 4.51244 
0.373434 1.37899 -0.70159 0.103229 -2.07934 6.90452 0.56374 1.01921 -0.6511 0.848006 -1.63083 4.54732 
0.373434 1.37899 -0.70159 0.103229 -2.07934 6.90452 0.56374 1.01921 -0.6511 0.848006 -1.63083 4.58221 
0.373434 1.37899 -0.70159 0.103229 -2.07934 6.90452 0.56374 1.01921 -0.6511 0.848006 -1.63083 4.6171 
0.373434 1.37899 -0.70159 0.103229 -2.07934 6.90452 0.56374 1.01921 -0.6511 0.848006 -1.63083 4.65199 
0.373434 1.37899 -0.70159 0.103229 -2.07934 6.90452 0.56374 1.01921 -0.6511 0.848006 -1.63083 4.68688 
0.373434 1.37899 -0.70159 0.103229 -2.07934 6.90452 0.56374 1.01921 -0.6511 0.848006 -1.63083 4.72177 
0.373434 1.37899 -0.70159 0.103229 -2.07934 6.90452 0.56374 1.01921 -0.6511 0.848006 -1.63083 4.75666 
0.373434 1.37899 -0.70159 0.103229 -2.07934 6.90452 0.56374 1.01921 -0.6511 0.848006 -1.63083 4.79155 
0.373434 1.37899 -0.70159 0.103229 -2.07934 6.90452 0.56374 1.01921 -0.6511 0.848006 -1.63083 4.82644 
0.373434 1.37899 -0.70159 0.103229 -2.07934 6.90452 0.56374 1.01921 -0.6511 0.848006 -1.63083 4.86132 
0.373434 1.37899 -0.70159 0.103229 -2.07934 6.90452 0.56374 1.01921 -0.6511 0.848006 -1.63083 4.89621 
0.373434 1.37899 -0.70159 0.103229 -2.07934 6.90452 0.56374 1.01921 -0.6511 0.848006 -1.63083 4.9311 
0.373434 1.37899 -0.70159 0.103229 -2.07934 6.90452 0.56374 1.01921 -0.6511 0.848006 -1.63083 4.96599 
0.373434 1.37899 -0.70159 0.103229 -2.07934 6.90452 0.56374 1.01921 -0.6511 0.848006 -1.63083 5.00088 
0.373434 1.37899 -0.70159 0.103229 -2.07934 6.90452 0.56374 1.01921 -0.6511 0.848006 -1.63083 5.03577 
0.373434 1.37899 -0.70159 0.103229 -2.07934 6.90452 0.56374 1.01921 -0.6511 0.848006 -1.63083 5.07066 
0.373434 1.37899 -0.70159 0.103229 -2.07934 6.90452 0.56374 1.01921 -0.6511 0.848006 -1.63083 5.10555 
0.373434 1.37899 -0.70159 0.103229 -2.07934 6.90452 0.56374 1.01921 -0.6511 0.848006 -1.63083 5.14044 
0.373434 1.37899 -0.70159 0.103229 -2.07934 6.90452 0.56374 1.01921 -0.6511 0.848006 -1.63083 5.17532 
0.373434 1.37899 -0.70159 0.103229 -2.07934 6.90452 0.56374 1.01921 -0.6511 0.848006 -1.63083 5.21021 
0.373434 1.37899 -0.70159 0.103229 -2.07934 6.90452 0.56374 1.01921 -0.6511 0.848006 -1.63083 5.2451 
0.373434 1.37899 -0.70159 0.103229 -2.07934 6.90452 0.56374 1.01921 -0.6511 0.848006 -1.63083 5.27999 
0.373434 1.37899 -0.70159 0.103229 -2.07934 6.90452 0.56374 1.01921 -0.6511 0.848006 -1.63083 5.31488 
0.373434 1.37899 -0.70159 0.103229 -2.07934 6.90452 0.56374 1.01921 -0.6511 0.848006 -1.63083 5.34977 
0.373434 1.37899 -0.70159 0.103229 -2.07934 6.90452 0.56374 1.01921 -0.6511 0.848006 -1.63083 5.38466 
0.373434 1.37899 -0.70159 0.103229 -2.07934 6.90452 0.56374 1.01921 -0.6511 0.848006 -1.63083 5.41955 
0.373434 1.37899 -0.70159 0.103229 -2.07934 6.90452 0.56374 1.01921 -0.6511 0.848006 -1.63083 5.45444 
0.373434 1.37899 -0.70159 0.103229 -2.07934 6.90452 0.56374 1.01921 -0.6511 0.848006 -1.63083 5.48932 
0.373434 1.37899 -0.70159 0.103229 -2.07934 6.90452 0.56374 1.01921 -0.6511 0.848006 -1.63083 5.52421 
0.373434 1.37899 -0.70159 0.103229 -2.07934 6.90452 0.56374 1.01921 -0.6511 0.848006 -1.63083 5.5591 
0.373434 1.37899 -0.70159 0.103229 -2.07934 6.90452 0.56374 1.01921 -0.6511 0.848006 -1.63083 5.59399 
0.373434 1.37899 -0.70159 0.103229 -2.07934 6.90452 0.56374 1.01921 -0.6511 0.848006 -1.63083 5.62888 
0.373434 1.37899 -0.70159 0.103229 -2.07934 6.90452 0.56374 1.01921 -0.6511 0.848006 -1.63083 5.66377 
0.373434 1.37899 -0.70159 0.103229 -2.07934 6.90452 0.56374 1.01921 -0.6511 0.848006 -1.63083 5.69866 
0.373434 1.37899 -0.70159 0.103229 -2.07934 6.90452 0.56374 1.01921 -0.6511 0.848006 -1.63083 5.73355 
0.373434 1.37899 -0.70159 0.103229 -2.07934 6.90452 0.56374 1.01921 -0.6511 0.848006 -1.63083 5.76844 
0.373434 1.37899 -0.70159 0.103229 -2.07934 6.90452 0.56374 1.01921 -0.6511 0.848006 -1.63083 5.80332 
0.373434 1.37899 -0.70159 0.103229 -2.07934 6.90452 0.56374 1.01921 -0.6511 0.848006 -1.63083 5.83821 
0.373434 1.37899 -0.70159 0.103229 -2.07934 6.90452 0.56374 1.01921 -0.6511 0.848006 -1.63083 5.8731 
0.373434 1.37899 -0.70159 0.103229 -2.07934 6.90452 0.56374 1.01921 -0.6511 0.848006 -1.63083 5.90799 
0.373434 1.37899 -0.70159 0.103229 -2.07934 6.90452 0.56374 1.01921 -0.6511 0.848006 -1.63083 5.94288 
0.373434 1.37899 -0.70159 0.103229 -2.07934 6.90452 0.56374 1.01921 -0.6511 0.848006 -1.63083 5.97777 
0.373434 1.37899 -0.70159 0.103229 -2.07934 6.90452 0.56374 1.01921 -0.6511 0.848006 -1.63083 6.01266 
0.373434 1.37899 -0.70159 0.103229 -2.07934 6.90452 0.56374 1.01921 -0.6511 0.848006 -1.63083 6.04755 
0.373434 1.37899 -0.70159 0.103229 -2.07934 6.90452 0.56374 1.01921 -0.6511 0.848006 -1.63083 6.08244 
0.373434 1.37899 -0.70159 0.103229 -2.07934 6.90452 0.56374 1.01921 -0.6511 0.848006 -1.63083 6.11732 
0.373434 1.37899 -0.70159 0.103229 -2.07934 6.90452 0.56374 1.01921 -0.6511 0.848006 -1.63083 6.15221 
0.373434 1.37899 -0.70159 0.103229 -2.07934 6.90452 0.56374 1.01921 -0.6511 0.848006 -1.63083 6.1871 
0.373434 1.37899 -0.70159 0.103229 -2.07934 6.90452 0.56374 1.01921 -0.6511 0.848006 -1.63083 6.22199 
0.373434 1.37899 -0.70159 0.103229 -2.07934 6.90452 0.56374 1.01921 -0.6511 0.848006 -1.63083 6.25688 
0.373434 1.37899 -0.70159 0.103229 -2.07934 6.90452 0.56374 1.01921 -0.6511 0.848006 -1.63083 6.29177 
0.373434 1.37899 -0.70159 0.103229 -2.07934 6.90452 0.56374 1.01921 -0.6511 0.848006 -1.63083 6.32666 
0.373434 1.37899 -0.70159 0.103229 -2.07934 6.90452 0.56374 1.01921 -0.6511 0.848006 -1.63083 6.36155 
0.373434 1.37899 -0.70159 0.103229 -2.07934 6.90452 0.56374 1.01921 -0.6511 0.848006 -1.63083 6.39644 
0.373434 1.37899 -0.70159 0.103229 -2.07934 6.90452 0.56374 1.01921 -0.6511 0.848006 -1.63083 6.43132 
0.373434 1.37899 -0.70159 0.103229 -2.07934 6.90452 0.56374 1.01921 -0.6511 0.848006 -1.63083 6.46621 
0.373434 1.37899 -0.70159 0.103229 -2.07934 6.90452 0.56374 1.01921 -0.6511 0.848006 -1.63083 6.5011 
0.373434 1.37899 -0.70159 0.103229 -2.07934 6.90452 0.56374 1.01921 -0.6511 0.848006 -1.63083 6.53599 
0.373434 1.37899 -0.70159 0.103229 -2.07934 6.90452 0.56374 1.01921 -0.6511 0.848006 -1.63083 6.57088 
0.373434 1.37899 -0.70159 0.103229 -2.07934 6.90452 0.56374 1.01921 -0.6511 0.848006 -1.63083 6.60577 
0.373434 1.37899 -0.70159 0.103229 -2.07934 6.90452 0.56374 1.01921 -0.6511 0.848006 -1.63083 6.64066 
0.373434 1.37899 -0.70159 0.103229 -2.07934 6.90452 0.56374 1.01921 -0.6511 0.848006 -1.63083 6.67555 
0.373434 1.37899 -0.70159 0.103229 -2.07934 6.90452 0.56374 1.01921 -0.6511 0.848006 -1.63083 6.71044 
0.373434 1.37899 -0.70159 0.103229 -2.07934 6.90452 0.56374 1.01921 -0.6511 0.848006 -1.63083 6.74532 
0.373434 1.37899 -0.70159 0.103229 -2.07934 6.90452 0.56374 1.01921 -0.6511 0.848006 -1.63083 6.78021 
0.373434 1.37899 -0.70159 0.103229 -2.07934 6.90452 0.56374 1.01921 -0.6511 0.848006 -1.63083 6.8151 
0.373434 1.37899 -0.70159 0.103229 -2.07934 6.90452 0.56374 1.01921 -0.6511 0.848006 -1.63083 6.84999 
0.373434 1.37899 -0.70159 0.103229 -2.07934 6.90452 0.56374 1.01921 -0.6511 0.848006 -1.63083 6.88488 
0.373434 1.37899 -0.70159 0.103229 -2.07934 6.90452 0.56374 1.01921 -0.6511 0.848006 -1.63083 6.91977 

