0 0.264091 -0.140898 -0 -1.69399 2.98452 0.0318262 0.256964 -0.125467 -0.00299456 -1.71539 2.89749 
0.00668265 0.271016 -0.168517 0.0177905 -1.66924 2.95326 0.043775 0.226262 -0.108408 -0.0182762 -1.67806 2.84146 
0.0133653 0.27794 -0.196136 0.035581 -1.64449 2.922 0.0561293 0.196929 -0.0931442 -0.0320748 -1.63985 2.78644 
0.0200479 0.284865 -0.223755 0.0533715 -1.61974 2.89074 0.0688468 0.168873 -0.0794531 -0.044425 -1.60097 2.73237 
0.0267306 0.29179 -0.251374 0.071162 -1.59499 2.85948 0.0818811 0.14201 -0.0671422 -0.0553598 -1.56156 2.67921 
0.0334132 0.298714 -0.278992 0.0889525 -1.57024 2.82821 0.0951824 0.116252 -0.0560351 -0.0649094 -1.52179 2.62689 
0.0400959 0.305639 -0.306611 0.106743 -1.54549 2.79695 0.108698 0.091511 -0.0459706 -0.0731005 -1.48176 2.57536 
0.0467785 0.312564 -0.33423 0.124533 -1.52073 2.76569 0.122372 0.0677003 -0.0368034 -0.0799562 -1.44159 2.52459 
0.0534612 0.319488 -0.361849 0.142324 -1.49598 2.73443 0.136146 0.0447324 -0.0284043 -0.0854954 -1.40136 2.47451 
0.0601438 0.326413 -0.389468 0.160114 -1.47123 2.70317 0.149962 0.0225216 -0.0206607 -0.089734 -1.36114 2.4251 
0.0668265 0.333338 -0.417087 0.177905 -1.44648 2.67191 0.163757 0.000984214 -0.013477 -0.0926845 -1.32096 2.37632 
0.0735091 0.340262 -0.444706 0.195696 -1.42173 2.64065 0.177468 -0.0199597 -0.00677515 -0.0943571 -1.28087 2.32812 
0.0801918 0.347187 -0.472325 0.213486 -1.39698 2.60939 0.191031 -0.040386 -0.000495214 -0.09476 -1.24086 2.2805 
0.0868744 0.354112 -0.499943 0.231276 -1.37223 2.57812 0.204382 -0.0603647 0.00540426 -0.0939001 -1.20094 2.23342 
0.0935571 0.361036 -0.527562 0.249067 -1.34748 2.54686 0.217453 -0.0799595 0.0109458 -0.0917835 -1.16109 2.18686 
0.10024 0.367961 -0.555181 0.266857 -1.32273 2.5156 0.230176 -0.0992264 0.0161328 -0.0884159 -1.12125 2.14082 
0.106922 0.374886 -0.5828 0.284648 -1.29798 2.48434 0.24248 -0.118213 0.0209489 -0.083803 -1.08136 2.09529 
0.113605 0.38181 -0.610419 0.302438 -1.27323 2.45308 0.254292 -0.136955 0.0253584 -0.0779507 -1.04137 2.05025 
0.120288 0.388735 -0.638038 0.320229 -1.24848 2.42182 0.265536 -0.155481 0.0293052 -0.0708651 -1.00117 2.00571 
0.12697 0.39566 -0.665657 0.33802 -1.22373 2.39056 0.27613 -0.173804 0.0327132 -0.0625531 -0.960664 1.96167 
0.133653 0.402585 -0.693276 0.35581 -1.19898 2.3593 0.285984 -0.191925 0.035486 -0.0530218 -0.919726 1.91813 
0.140336 0.409509 -0.720895 0.373601 -1.17422 2.32804 0.295003 -0.209829 0.0375065 -0.0422796 -0.878225 1.8751 
0.147018 0.416434 -0.748513 0.391391 -1.14947 2.29677 0.303076 -0.227487 0.0386367 -0.0303362 -0.836011 1.8326 
0.153701 0.423359 -0.776132 0.409182 -1.12472 2.26551 0.310081 -0.244849 0.0387172 -0.0172045 -0.792923 1.79064 
0.160384 0.430283 -0.803751 0.426972 -1.09997 2.23425 0.315877 -0.261847 0.0375672 -0.00290281 -0.748786 1.74927 
0.167066 0.437208 -0.83137 0.444763 -1.07522 2.20299 0.320299 -0.278391 0.0349831 0.0125401 -0.703413 1.70854 
0.173749 0.444133 -0.858989 0.462553 -1.05047 2.17173 0.323151 -0.294368 0.0307382 0.0290761 -0.656601 1.66855 
0.180431 0.451057 -0.886608 0.480343 -1.02572 2.14047 0.324204 -0.309636 0.0245816 0.0466219 -0.608131 1.62942 
0.187114 0.457982 -0.914227 0.498134 -1.00097 2.10921 0.323182 -0.324026 0.0162361 0.0650303 -0.55777 1.59139 
0.193797 0.464907 -0.941846 0.515925 -0.976219 2.07795 0.31975 -0.337334 0.00539635 0.0840357 -0.505262 1.55484 
0.200479 0.471831 -0.969464 0.533715 -0.951468 2.04668 0.313508 -0.349322 -0.00827403 0.103148 -0.450324 1.52039 
0.207162 0.478756 -0.997083 0.551505 -0.926717 2.01542 0.30397 -0.359709 -0.0251471 0.121427 -0.392648 1.48919 
0.213845 0.485681 -1.0247 0.569296 -0.901966 1.98416 0.290547 -0.368167 -0.0456366 0.136969 -0.33189 1.4634 
0.220527 0.492605 -1.05232 0.587086 -0.877216 1.9529 0.272533 -0.374314 -0.0702066 0.145516 -0.26769 1.44759 
0.22721 0.49953 -1.07994 0.604877 -0.852465 1.92164 0.249088 -0.377702 -0.0993853 0.13593 -0.199738 1.45333 
0.221431 0.513996 -1.07756 0.566333 -0.844801 1.87323 0.22948 -0.413252 -0.0667465 -0.136826 -0.166098 1.73325 
0.215653 0.528462 -1.07518 0.527789 -0.837138 1.82483 0.185865 -0.446791 -0.0342449 -0.639497 -0.169988 2.25398 
0.209874 0.542928 -1.0728 0.489245 -0.829474 1.77642 0.11557 -0.476539 -0.00257526 -1.06145 -0.242859 2.70445 
0.204095 0.557394 -1.07042 0.450702 -0.821811 1.72801 0.0193907 -0.500079 0.0271781 -1.25184 -0.372303 2.93146 
0.198316 0.571859 -1.06804 0.412158 -0.814147 1.67961 -0.0959125 -0.514766 0.0536309 -1.31399 -0.536652 3.03304 
0.192538 0.586325 -1.06566 0.373614 -0.806484 1.6312 -0.217528 -0.518437 0.0752248 -1.32168 -0.718177 3.07482 
0.186759 0.600791 -1.06327 0.33507 -0.79882 1.5828 -0.330874 -0.510111 0.0903874 -1.31036 -0.901074 3.08331 
0.18098 0.615257 -1.06089 0.296526 -0.791157 1.53439 -0.425447 -0.490212 0.0977106 -1.29777 -1.07366 3.06943 
0.175201 0.629723 -1.05851 0.257982 -0.783493 1.48598 -0.497309 -0.460262 0.0961276 -1.29261 -1.22972 3.03877 
0.169423 0.644189 -1.05613 0.219438 -0.77583 1.43758 -0.547587 -0.422393 0.0850604 -1.29854 -1.36723 2.99516 
0.163644 0.658655 -1.05375 0.180894 -0.768166 1.38917 -0.579795 -0.378965 0.0645071 -1.31647 -1.48631 2.9418 
0.157865 0.673121 -1.05137 0.142351 -0.760503 1.34076 -0.597927 -0.332318 0.0350562 -1.34579 -1.58792 2.88147 
0.152087 0.687587 -1.04899 0.103807 -0.752839 1.29236 -0.60556 -0.284607 -0.00217266 -1.38513 -1.67326 2.81667 
0.146308 0.702053 -1.04661 0.0652628 -0.745176 1.24395 -0.605586 -0.237706 -0.0456422 -1.43276 -1.74364 2.74956 
0.140529 0.716518 -1.04423 0.0267189 -0.737512 1.19554 -0.60022 -0.193159 -0.0935367 -1.48686 -1.80044 2.68202 
0.13475 0.730984 -1.04185 -0.0118249 -0.729849 1.14714 -0.591106 -0.152177 -0.143902 -1.54566 -1.8451 2.61557 
0.128972 0.74545 -1.03947 -0.0503688 -0.722185 1.09873 -0.579432 -0.11567 -0.194772 -1.60761 -1.87905 2.5514 
0.123193 0.759916 -1.03709 -0.0889127 -0.714522 1.05032 -0.566046 -0.0842828 -0.244266 -1.6714 -1.90367 2.49035 
0.117414 0.774382 -1.03471 -0.127457 -0.706858 1.00192 -0.551533 -0.0584457 -0.290675 -1.73599 -1.92023 2.43297 
0.111635 0.788848 -1.03232 -0.166 -0.699195 0.953512 -0.536295 -0.0384016 -0.332527 -1.80059 -1.92985 2.37957 
0.105857 0.803314 -1.02994 -0.204544 -0.691531 0.905106 -0.520598 -0.0242286 -0.368636 -1.86461 -1.93351 2.33026 
0.100078 0.81778 -1.02756 -0.243088 -0.683868 0.856699 -0.50462 -0.0158493 -0.398152 -1.92759 -1.93206 2.28509 
0.0942993 0.832246 -1.02518 -0.281632 -0.676204 0.808293 -0.488481 -0.0130362 -0.420576 -1.98918 -1.92625 2.24403 
0.0885206 0.846712 -1.0228 -0.320176 -0.668541 0.759886 -0.472272 -0.0154201 -0.43577 -2.04907 -1.91677 2.20706 
0.0827419 0.861177 -1.02042 -0.35872 -0.660877 0.71148 -0.456075 -0.0225085 -0.443922 -2.10702 -1.90428 2.17413 
0.0769631 0.875643 -1.01804 -0.397264 -0.653214 0.663074 -0.439978 -0.0337152 -0.445489 -2.16281 -1.88946 2.14517 
0.0711844 0.890109 -1.01566 -0.435808 -0.64555 0.614667 -0.424092 -0.0483985 -0.441117 -2.21628 -1.87295 2.12006 
0.0654057 0.904575 -1.01328 -0.474351 -0.637887 0.566261 -0.408558 -0.0659024 -0.431558 -2.26728 -1.85543 2.09858 
0.059627 0.919041 -1.0109 -0.512895 -0.630223 0.517854 -0.393555 -0.0855938 -0.417588 -2.31573 -1.83752 2.08041 
0.0538482 0.933507 -1.00852 -0.551439 -0.62256 0.469448 -0.379308 -0.10689 -0.399945 -2.36152 -1.81982 2.06512 
0.0480695 0.947973 -1.00614 -0.589983 -0.614896 0.421042 -0.366084 -0.129278 -0.379289 -2.40459 -1.80283 2.05215 
0.0422908 0.962439 -1.00376 -0.628527 -0.607233 0.372635 -0.354193 -0.15232 -0.356179 -2.44486 -1.787 2.04086 
0.0365121 0.976905 -1.00137 -0.667071 -0.599569 0.324229 -0.343982 -0.175653 -0.331062 -2.48227 -1.77268 2.03051 
0.0307333 0.991371 -0.998994 -0.705615 -0.591906 0.275822 -0.33582 -0.198986 -0.304281 -2.51674 -1.76011 2.0203 
0.0249546 1.00584 -0.996613 -0.744159 -0.584242 0.227416 -0.330087 -0.222085 -0.276082 -2.54822 -1.74946 2.00939 
0.0191759 1.0203 -0.994232 -0.782702 -0.576579 0.17901 -0.327151 -0.244764 -0.246631 -2.57669 -1.74078 1.99691 
0.0133972 1.03477 -0.991852 -0.821246 -0.568915 0.130603 -0.327342 -0.266873 -0.216026 -2.60218 -1.73403 1.98203 
0.00761845 1.04923 -0.989471 -0.85979 -0.561252 0.0821968 -0.330925 -0.288284 -0.184312 -2.6248 -1.7291 1.96395 
0.00183972 1.0637 -0.98709 -0.898334 -0.553588 0.0337904 -0.33807 -0.30888 -0.151499 -2.64472 -1.72575 1.94195 
0.00225826 1.06268 -0.969686 -0.889317 -0.568741 0.0727633 -0.390091 -0.383017 -0.0207444 -2.60008 -1.67488 1.89557 
0.0026768 1.06167 -0.952281 -0.880299 -0.583894 0.111736 -0.449535 -0.446444 0.0968224 -2.55189 -1.64081 1.84123 
0.00309534 1.06065 -0.934877 -0.871282 -0.599047 0.150709 -0.514882 -0.499519 0.203257 -2.50328 -1.62225 1.78025 
0.00351389 1.05963 -0.917473 -0.862264 -0.6142 0.189682 -0.583818 -0.542113 0.299726 -2.45775 -1.61706 1.7147 
0.00393243 1.05862 -0.900069 -0.853247 -0.629353 0.228655 -0.653508 -0.573875 0.386851 -2.41864 -1.62203 1.64694 
0.00435097 1.0576 -0.882664 -0.844229 -0.644506 0.267628 -0.72105 -0.594401 0.464899 -2.38853 -1.63319 1.5791 
0.00476951 1.05659 -0.86526 -0.835212 -0.659659 0.3066 -0.783948 -0.603368 0.533895 -2.36889 -1.64636 1.51285 
0.00518805 1.05557 -0.847856 -0.826194 -0.674812 0.345573 -0.840431 -0.600633 0.593706 -2.35996 -1.6577 1.44938 
0.00560659 1.05455 -0.830451 -0.817177 -0.689965 0.384546 -0.889541 -0.586311 0.644111 -2.36094 -1.66419 1.38963 
0.00602513 1.05354 -0.813047 -0.80816 -0.705118 0.423519 -0.931039 -0.560849 0.684877 -2.37032 -1.66381 1.33445 
0.00644367 1.05252 -0.795643 -0.799142 -0.720271 0.462492 -0.965208 -0.525075 0.715828 -2.38615 -1.6556 1.28474 
0.00686222 1.0515 -0.778238 -0.790125 -0.735424 0.501465 -0.992649 -0.480214 0.736907 -2.40642 -1.63953 1.24148 
0.00728076 1.05049 -0.760834 -0.781107 -0.750577 0.540437 -1.01411 -0.427843 0.748239 -2.42925 -1.61632 1.20556 
0.0076993 1.04947 -0.74343 -0.77209 -0.76573 0.57941 -1.03038 -0.369791 0.750149 -2.45311 -1.58726 1.17772 
0.00811784 1.04846 -0.726026 -0.763072 -0.780883 0.618383 -1.04221 -0.307982 0.743172 -2.47686 -1.55391 1.15838 
0.00853638 1.04744 -0.708621 -0.754055 -0.796036 0.657356 -1.05027 -0.244274 0.728016 -2.49977 -1.51791 1.14765 
0.00895492 1.04642 -0.691217 -0.745037 -0.811189 0.696329 -1.05516 -0.180313 0.705516 -2.52145 -1.48072 1.14529 
0.00937346 1.04541 -0.673813 -0.73602 -0.826342 0.735302 -1.05739 -0.11745 0.676578 -2.54175 -1.44357 1.15082 
0.009792 1.04439 -0.656408 -0.727003 -0.841495 0.774275 -1.0574 -0.056706 0.642124 -2.56067 -1.40739 1.16355 
0.0102105 1.04337 -0.639004 -0.717985 -0.856648 0.813247 -1.05554 0.00121319 0.603049 -2.57829 -1.37279 1.18269 
0.0106291 1.04236 -0.6216 -0.708968 -0.871801 0.85222 -1.05211 0.0558684 0.560194 -2.5947 -1.34015 1.20741 
0.0110476 1.04134 -0.604195 -0.69995 -0.886954 0.891193 -1.04737 0.107031 0.51433 -2.61 -1.30963 1.23688 
0.0114662 1.04033 -0.586791 -0.690933 -0.902107 0.930166 -1.04152 0.154628 0.466152 -2.62427 -1.28125 1.27032 
0.0118847 1.03931 -0.569387 -0.681915 -0.91726 0.969139 -1.03473 0.198688 0.41628 -2.63758 -1.25495 1.307 
0.0123033 1.03829 -0.551983 -0.672898 -0.932413 1.00811 -1.02713 0.239305 0.365266 -2.64996 -1.23058 1.34628 
0.0127218 1.03728 -0.534578 -0.663881 -0.947566 1.04708 -1.01884 0.276609 0.313605 -2.66146 -1.20796 1.38758 
0.0131403 1.03626 -0.517174 -0.654863 -0.962719 1.08606 -1.00996 0.310743 0.261737 -2.67209 -1.18689 1.43039 
0.0135589 1.03524 -0.49977 -0.645846 -0.977872 1.12503 -1.00054 0.34185 0.210063 -2.68186 -1.16716 1.47427 
0.0139774 1.03423 -0.482365 -0.636828 -0.993025 1.164 -0.990645 0.370066 0.15895 -2.69079 -1.14856 1.51885 
0.014396 1.03321 -0.464961 -0.627811 -1.00818 1.20298 -0.980323 0.395507 0.108739 -2.69888 -1.1309 1.56379 
0.0148145 1.0322 -0.447557 -0.618793 -1.02333 1.24195 -0.969602 0.418275 0.059751 -2.70614 -1.11396 1.60882 
0.015233 1.03118 -0.430152 -0.609776 -1.03848 1.28092 -0.958503 0.438451 0.0122944 -2.71259 -1.09755 1.65368 
0.0156516 1.03016 -0.412748 -0.600758 -1.05364 1.31989 -0.947037 0.456096 -0.033334 -2.71821 -1.08148 1.69816 
0.0160701 1.02915 -0.395344 -0.591741 -1.06879 1.35887 -0.93521 0.471254 -0.0768443 -2.72304 -1.06555 1.74208 
0.0164887 1.02813 -0.37794 -0.582724 -1.08394 1.39784 -0.923018 0.483951 -0.117953 -2.72706 -1.0496 1.78526 
0.0169072 1.02711 -0.360535 -0.573706 -1.0991 1.43681 -0.910455 0.494199 -0.156384 -2.73029 -1.03345 1.82754 
0.0173257 1.0261 -0.343131 -0.564689 -1.11425 1.47579 -0.897505 0.502001 -0.191868 -2.73272 -1.01691 1.8688 
0.0177443 1.02508 -0.325727 -0.555671 -1.1294 1.51476 -0.88415 0.507353 -0.224151 -2.73437 -0.999851 1.9089 
0.0181628 1.02406 -0.308322 -0.546654 -1.14456 1.55373 -0.870367 0.51025 -0.252995 -2.73523 -0.982108 1.94772 
0.0185814 1.02305 -0.290918 -0.537636 -1.15971 1.5927 -0.856129 0.510691 -0.278191 -2.73529 -0.963552 1.98513 
0.0189999 1.02203 -0.273514 -0.528619 -1.17486 1.63168 -0.841404 0.508686 -0.299562 -2.73456 -0.944069 2.02104 
0.0194185 1.02102 -0.256109 -0.519601 -1.19001 1.67065 -0.82616 0.50426 -0.316975 -2.73301 -0.923568 2.05534 
0.019837 1.02 -0.238705 -0.510584 -1.20517 1.70962 -0.81036 0.497464 -0.330348 -2.73065 -0.901981 2.08793 
0.0202555 1.01898 -0.221301 -0.501567 -1.22032 1.7486 -0.793966 0.48837 -0.339656 -2.72745 -0.879271 2.11872 
0.0206741 1.01797 -0.203897 -0.492549 -1.23547 1.78757 -0.776936 0.477086 -0.344938 -2.72341 -0.85543 2.14762 
0.0210926 1.01695 -0.186492 -0.483532 -1.25063 1.82654 -0.759229 0.463747 -0.346295 -2.71852 -0.830481 2.17457 
0.0215112 1.01593 -0.169088 -0.474514 -1.26578 1.86551 -0.740805 0.448519 -0.343885 -2.71275 -0.804474 2.19948 
0.0219297 1.01492 -0.151684 -0.465497 -1.28093 1.90449 -0.721621 0.431597 -0.337923 -2.70611 -0.777485 2.22229 
0.0223482 1.0139 -0.134279 -0.456479 -1.29609 1.94346 -0.701637 0.413201 -0.328669 -2.69856 -0.749612 2.24295 
0.0227668 1.01289 -0.116875 -0.447462 -1.31124 1.98243 -0.680817 0.393568 -0.316415 -2.69012 -0.720969 2.2614 
0.0231853 1.01187 -0.0994708 -0.438444 -1.32639 2.02141 -0.659125 0.372949 -0.301482 -2.68076 -0.691683 2.27759 
0.0236039 1.01085 -0.0820665 -0.429427 -1.34154 2.06038 -0.636535 0.351604 -0.284201 -2.67046 -0.661889 2.29146 
0.0240224 1.00984 -0.0646622 -0.42041 -1.3567 2.09935 -0.613023 0.329799 -0.264913 -2.65921 -0.631723 2.30298 
0.024441 1.00882 -0.0472579 -0.411392 -1.37185 2.13832 -0.588578 0.307798 -0.243952 -2.64697 -0.601327 2.31207 
0.0248595 1.0078 -0.0298536 -0.402375 -1.387 2.1773 -0.563196 0.285863 -0.221649 -2.63372 -0.570837 2.31868 
0.025278 1.00679 -0.0124493 -0.393357 -1.40216 2.21627 -0.536886 0.264249 -0.198322 -2.61938 -0.540392 2.32274 
0.0256966 1.00577 0.00495503 -0.38434 -1.41731 2.25524 -0.509673 0.243204 -0.174273 -2.6039 -0.510126 2.32416 
0.0261151 1.00476 0.0223593 -0.375322 -1.43246 2.29422 -0.481594 0.222968 -0.149792 -2.58716 -0.480172 2.32283 
0.0265337 1.00374 0.0397636 -0.366305 -1.44762 2.33319 -0.452706 0.203769 -0.125151 -2.56904 -0.450666 2.31862 
0.0269522 1.00272 0.0571679 -0.357288 -1.46277 2.37216 -0.423083 0.185825 -0.100606 -2.54938 -0.421741 2.31139 
0.0273707 1.00171 0.0745722 -0.34827 -1.47792 2.41113 -0.392816 0.169338 -0.0763989 -2.52796 -0.393537 2.30095 
0.0277893 1.00069 0.0919765 -0.339253 -1.49307 2.45011 -0.362015 0.1545 -0.0527574 -2.50455 -0.366194 2.28708 
0.0282078 0.999674 0.109381 -0.330235 -1.50823 2.48908 -0.330806 0.141483 -0.029895 -2.47887 -0.33986 2.26955 
0.0286264 0.998658 0.126785 -0.321218 -1.52338 2.52805 -0.299329 0.130446 -0.00801284 -2.45061 -0.314686 2.24809 
0.0290449 0.997641 0.144189 -0.3122 -1.53853 2.56703 -0.267738 0.121527 0.0126993 -2.41947 -0.290826 2.22247 
0.0294634 0.996625 0.161594 -0.303183 -1.55369 2.606 -0.236191 0.114848 0.0320626 -2.38519 -0.268438 2.19248 
0.029882 0.995609 0.178998 -0.294165 -1.56884 2.64497 -0.204855 0.110507 0.0499084 -2.34762 -0.247675 2.15804 
0.0303005 0.994593 0.196402 -0.285148 -1.58399 2.68394 -0.173893 0.108583 0.0660778 -2.30681 -0.228679 2.11928 
0.0307191 0.993576 0.213807 -0.276131 -1.59915 2.72292 -0.143465 0.109135 0.0804209 -2.26311 -0.211572 2.07663 
0.0311376 0.99256 0.231211 -0.267113 -1.6143 2.76189 -0.113722 0.112196 0.0927967 -2.21734 -0.196446 2.03098 
0.0315562 0.991544 0.248615 -0.258096 -1.62945 2.80086 -0.084803 0.117783 0.103073 -2.17087 -0.183348 1.98379 
0.0319747 0.990527 0.26602 -0.249078 -1.6446 2.83984 -0.0568296 0.12589 0.111125 -2.12567 -0.172268 1.93712 
0.0323932 0.989511 0.283424 -0.240061 -1.65976 2.87881 -0.0299071 0.136492 0.116837 -2.08429 -0.163143 1.8936 
0.0328118 0.988495 0.300828 -0.231043 -1.67491 2.91778 -0.00412128 0.149548 0.1201 -2.0497 -0.155854 1.85625 
0.0332303 0.987479 0.318232 -0.222026 -1.69006 2.95675 0.0204619 0.165003 0.120813 -2.02498 -0.150257 1.82826 
0.0336489 0.986462 0.335637 -0.213008 -1.70522 2.99573 0.0437961 0.182789 0.118879 -2.01306 -0.146208 1.81262 
0.0340674 0.985446 0.353041 -0.203991 -1.72037 3.0347 0.0658532 0.20283 0.11421 -2.01642 -0.143609 1.81188 
0.0340674 0.985446 0.353041 -0.203991 -1.72037 2.99981 0.0658532 0.20283 0.11421 -2.01642 -0.143609 1.77699 
0.0340674 0.985446 0.353041 -0.203991 -1.72037 2.96492 0.0658532 0.20283 0.11421 -2.01642 -0.143609 1.7421 
0.0340674 0.985446 0.353041 -0.203991 -1.72037 2.93003 0.0658532 0.20283 0.11421 -2.01642 -0.143609 1.70721 
0.0340674 0.985446 0.353041 -0.203991 -1.72037 2.89514 0.0658532 0.20283 0.11421 -2.01642 -0.143609 1.67232 
0.0340674 0.985446 0.353041 -0.203991 -1.72037 2.86026 0.0658532 0.20283 0.11421 -2.01642 -0.143609 1.63744 
0.0340674 0.985446 0.353041 -0.203991 -1.72037 2.82537 0.0658532 0.20283 0.11421 -2.01642 -0.143609 1.60255 
0.0340674 0.985446 0.353041 -0.203991 -1.72037 2.79048 0.0658532 0.20283 0.11421 -2.01642 -0.143609 1.56766 
0.0340674 0.985446 0.353041 -0.203991 -1.72037 2.75559 0.0658532 0.20283 0.11421 -2.01642 -0.143609 1.53277 
0.0340674 0.985446 0.353041 -0.203991 -1.72037 2.7207 0.0658532 0.20283 0.11421 -2.01642 -0.143609 1.49788 
0.0340674 0.985446 0.353041 -0.203991 -1.72037 2.68581 0.0658532 0.20283 0.11421 -2.01642 -0.143609 1.46299 
0.0340674 0.985446 0.353041 -0.203991 -1.72037 2.65092 0.0658532 0.20283 0.11421 -2.01642 -0.143609 1.4281 
0.0340674 0.985446 0.353041 -0.203991 -1.72037 2.61603 0.0658532 0.20283 0.11421 -2.01642 -0.143609 1.39321 
0.0340674 0.985446 0.353041 -0.203991 -1.72037 2.58114 0.0658532 0.20283 0.11421 -2.01642 -0.143609 1.35832 
0.0340674 0.985446 0.353041 -0.203991 -1.72037 2.54626 0.0658532 0.20283 0.11421 -2.01642 -0.143609 1.32344 
0.0340674 0.985446 0.353041 -0.203991 -1.72037 2.51137 0.0658532 0.20283 0.11421 -2.01642 -0.143609 1.28855 
0.0340674 0.985446 0.353041 -0.203991 -1.72037 2.47648 0.0658532 0.20283 0.11421 -2.01642 -0.143609 1.25366 
0.0340674 0.985446 0.353041 -0.203991 -1.72037 2.44159 0.0658532 0.20283 0.11421 -2.01642 -0.143609 1.21877 
0.0340674 0.985446 0.353041 -0.203991 -1.72037 2.4067 0.0658532 0.20283 0.11421 -2.01642 -0.143609 1.18388 
0.0340674 0.985446 0.353041 -0.203991 -1.72037 2.37181 0.0658532 0.20283 0.11421 -2.01642 -0.143609 1.14899 
0.0340674 0.985446 0.353041 -0.203991 -1.72037 2.33692 0.0658532 0.20283 0.11421 -2.01642 -0.143609 1.1141 
0.0340674 0.985446 0.353041 -0.203991 -1.72037 2.30203 0.0658532 0.20283 0.11421 -2.01642 -0.143609 1.07921 
0.0340674 0.985446 0.353041 -0.203991 -1.72037 2.26714 0.0658532 0.20283 0.11421 -2.01642 -0.143609 1.04432 
0.0340674 0.985446 0.353041 -0.203991 -1.72037 2.23226 0.0658532 0.20283 0.11421 -2.01642 -0.143609 1.00944 
0.0340674 0.985446 0.353041 -0.203991 -1.72037 2.19737 0.0658532 0.20283 0.11421 -2.01642 -0.143609 0.974547 
0.0340674 0.985446 0.353041 -0.203991 -1.72037 2.16248 0.0658532 0.20283 0.11421 -2.01642 -0.143609 0.939658 
0.0340674 0.985446 0.353041 -0.203991 -1.72037 2.12759 0.0658532 0.20283 0.11421 -2.01642 -0.143609 0.904769 
0.0340674 0.985446 0.353041 -0.203991 -1.72037 2.0927 0.0658532 0.20283 0.11421 -2.01642 -0.143609 0.86988 
0.0340674 0.985446 0.353041 -0.203991 -1.72037 2.05781 0.0658532 0.20283 0.11421 -2.01642 -0.143609 0.834991 
0.0340674 0.985446 0.353041 -0.203991 -1.72037 2.02292 0.0658532 0.20283 0.11421 -2.01642 -0.143609 0.800102 
0.0340674 0.985446 0.353041 -0.203991 -1.72037 1.98803 0.0658532 0.20283 0.11421 -2.01642 -0.143609 0.765213 
0.0340674 0.985446 0.353041 -0.203991 -1.72037 1.95314 0.0658532 0.20283 0.11421 -2.01642 -0.143609 0.730324 
0.0340674 0.985446 0.353041 -0.203991 -1.72037 1.91826 0.0658532 0.20283 0.11421 -2.01642 -0.143609 0.695436 
0.0340674 0.985446 0.353041 -0.203991 -1.72037 1.88337 0.0658532 0.20283 0.11421 -2.01642 -0.143609 0.660547 
0.0340674 0.985446 0.353041 -0.203991 -1.72037 1.84848 0.0658532 0.20283 0.11421 -2.01642 -0.143609 0.625658 
0.0340674 0.985446 0.353041 -0.203991 -1.72037 1.81359 0.0658532 0.20283 0.11421 -2.01642 -0.143609 0.590769 
0.0340674 0.985446 0.353041 -0.203991 -1.72037 1.7787 0.0658532 0.20283 0.11421 -2.01642 -0.143609 0.55588 
0.0340674 0.985446 0.353041 -0.203991 -1.72037 1.74381 0.0658532 0.20283 0.11421 -2.01642 -0.143609 0.520991 
0.0340674 0.985446 0.353041 -0.203991 -1.72037 1.70892 0.0658532 0.20283 0.11421 -2.01642 -0.143609 0.486102 
0.0340674 0.985446 0.353041 -0.203991 -1.72037 1.67403 0.0658532 0.20283 0.11421 -2.01642 -0.143609 0.451213 
0.0340674 0.985446 0.353041 -0.203991 -1.72037 1.63914 0.0658532 0.20283 0.11421 -2.01642 -0.143609 0.416324 
0.0340674 0.985446 0.353041 -0.203991 -1.72037 1.60426 0.0658532 0.20283 0.11421 -2.01642 -0.143609 0.381436 
0.0340674 0.985446 0.353041 -0.203991 -1.72037 1.56937 0.0658532 0.20283 0.11421 -2.01642 -0.143609 0.346547 
0.0340674 0.985446 0.353041 -0.203991 -1.72037 1.53448 0.0658532 0.20283 0.11421 -2.01642 -0.143609 0.311658 
0.0340674 0.985446 0.353041 -0.203991 -1.72037 1.49959 0.0658532 0.20283 0.11421 -2.01642 -0.143609 0.276769 
0.0340674 0.985446 0.353041 -0.203991 -1.72037 1.4647 0.0658532 0.20283 0.11421 -2.01642 -0.143609 0.24188 
0.0340674 0.985446 0.353041 -0.203991 -1.72037 1.42981 0.0658532 0.20283 0.11421 -2.01642 -0.143609 0.206991 
0.0340674 0.985446 0.353041 -0.203991 -1.72037 1.39492 0.0658532 0.20283 0.11421 -2.01642 -0.143609 0.172102 
0.0340674 0.985446 0.353041 -0.203991 -1.72037 1.36003 0.0658532 0.20283 0.11421 -2.01642 -0.143609 0.137213 
0.0340674 0.985446 0.353041 -0.203991 -1.72037 1.32514 0.0658532 0.20283 0.11421 -2.01642 -0.143609 0.102324 
0.0340674 0.985446 0.353041 -0.203991 -1.72037 1.29026 0.0658532 0.20283 0.11421 -2.01642 -0.143609 0.0674356 
0.0340674 0.985446 0.353041 -0.203991 -1.72037 1.25537 0.0658532 0.20283 0.11421 -2.01642 -0.143609 0.0325467 
0.0340674 0.985446 0.353041 -0.203991 -1.72037 1.22048 0.0658532 0.20283 0.11421 -2.01642 -0.143609 -0.00234222 
0.0340674 0.985446 0.353041 -0.203991 -1.72037 1.18559 0.0658532 0.20283 0.11421 -2.01642 -0.143609 -0.0372311 
0.0340674 0.985446 0.353041 -0.203991 -1.72037 1.1507 0.0658532 0.20283 0.11421 -2.01642 -0.143609 -0.07212 
0.0340674 0.985446 0.353041 -0.203991 -1.72037 1.11581 0.0658532 0.20283 0.11421 -2.01642 -0.143609 -0.107009 
0.0340674 0.985446 0.353041 -0.203991 -1.72037 1.08092 0.0658532 0.20283 0.11421 -2.01642 -0.143609 -0.141898 
0.0340674 0.985446 0.353041 -0.203991 -1.72037 1.04603 0.0658532 0.20283 0.11421 -2.01642 -0.143609 -0.176787 
0.0340674 0.985446 0.353041 -0.203991 -1.72037 1.01114 0.0658532 0.20283 0.11421 -2.01642 -0.143609 -0.211676 
0.0340674 0.985446 0.353041 -0.203991 -1.72037 0.976256 0.0658532 0.20283 0.11421 -2.01642 -0.143609 -0.246564 
0.0340674 0.985446 0.353041 -0.203991 -1.72037 0.941367 0.0658532 0.20283 0.11421 -2.01642 -0.143609 -0.281453 
0.0340674 0.985446 0.353041 -0.203991 -1.72037 0.906478 0.0658532 0.20283 0.11421 -2.01642 -0.143609 -0.316342 
0.0340674 0.985446 0.353041 -0.203991 -1.72037 0.871589 0.0658532 0.20283 0.11421 -2.01642 -0.143609 -0.351231 
0.0340674 0.985446 0.353041 -0.203991 -1.72037 0.8367 0.0658532 0.20283 0.11421 -2.01642 -0.143609 -0.38612 
0.0340674 0.985446 0.353041 -0.203991 -1.72037 0.801811 0.0658532 0.20283 0.11421 -2.01642 -0.143609 -0.421009 
0.0340674 0.985446 0.353041 -0.203991 -1.72037 0.766922 0.0658532 0.20283 0.11421 -2.01642 -0.143609 -0.455898 
0.0340674 0.985446 0.353041 -0.203991 -1.72037 0.732033 0.0658532 0.20283 0.11421 -2.01642 -0.143609 -0.490787 
0.0340674 0.985446 0.353041 -0.203991 -1.72037 0.697144 0.0658532 0.20283 0.11421 -2.01642 -0.143609 -0.525676 
0.0340674 0.985446 0.353041 -0.203991 -1.72037 0.662256 0.0658532 0.20283 0.11421 -2.01642 -0.143609 -0.560564 
0.0340674 0.985446 0.353041 -0.203991 -1.72037 0.627367 0.0658532 0.20283 0.11421 -2.01642 -0.143609 -0.595453 
0.0340674 0.985446 0.353041 -0.203991 -1.72037 0.592478 0.0658532 0.20283 0.11421 -2.01642 -0.143609 -0.630342 
0.0340674 0.985446 0.353041 -0.203991 -1.72037 0.557589 0.0658532 0.20283 0.11421 -2.01642 -0.143609 -0.665231 
0.0340674 0.985446 0.353041 -0.203991 -1.72037 0.5227 0.0658532 0.20283 0.11421 -2.01642 -0.143609 -0.70012 
0.0340674 0.985446 0.353041 -0.203991 -1.72037 0.487811 0.0658532 0.20283 0.11421 -2.01642 -0.143609 -0.735009 
0.0340674 0.985446 0.353041 -0.203991 -1.72037 0.452922 0.0658532 0.20283 0.11421 -2.01642 -0.143609 -0.769898 
0.0340674 0.985446 0.353041 -0.203991 -1.72037 0.418033 0.0658532 0.20283 0.11421 -2.01642 -0.143609 -0.804787 
0.0340674 0.985446 0.353041 -0.203991 -1.72037 0.383144 0.0658532 0.20283 0.11421 -2.01642 -0.143609 -0.839676 
0.0340674 0.985446 0.353041 -0.203991 -1.72037 0.348256 0.0658532 0.20283 0.11421 -2.01642 -0.143609 -0.874564 
0.0340674 0.985446 0.353041 -0.203991 -1.72037 0.313367 0.0658532 0.20283 0.11421 -2.01642 -0.143609 -0.909453 
0.0340674 0.985446 0.353041 -0.203991 -1.72037 0.278478 0.0658532 0.20283 0.11421 -2.01642 -0.143609 -0.944342 
0.0340674 0.985446 0.353041 -0.203991 -1.72037 0.243589 0.0658532 0.20283 0.11421 -2.01642 -0.143609 -0.979231 
0.0340674 0.985446 0.353041 -0.203991 -1.72037 0.2087 0.0658532 0.20283 0.11421 -2.01642 -0.143609 -1.01412 
0.0340674 0.985446 0.353041 -0.203991 -1.72037 0.173811 0.0658532 0.20283 0.11421 -2.01642 -0.143609 -1.04901 
0.0340674 0.985446 0.353041 -0.203991 -1.72037 0.138922 0.0658532 0.20283 0.11421 -2.01642 -0.143609 -1.0839 
0.0340674 0.985446 0.353041 -0.203991 -1.72037 0.104033 0.0658532 0.20283 0.11421 -2.01642 -0.143609 -1.11879 
0.0340674 0.985446 0.353041 -0.203991 -1.72037 0.0691444 0.0658532 0.20283 0.11421 -2.01642 -0.143609 -1.15368 
0.0340674 0.985446 0.353041 -0.203991 -1.72037 0.0342556 0.0658532 0.20283 0.11421 -2.01642 -0.143609 -1.18856 
0.0340674 0.985446 0.353041 -0.203991 -1.72037 -0.000633333 0.0658532 0.20283 0.11421 -2.01642 -0.143609 -1.22345 
0.0340674 0.985446 0.353041 -0.203991 -1.72037 -0.0355222 0.0658532 0.20283 0.11421 -2.01642 -0.143609 -1.25834 
0.0340674 0.985446 0.353041 -0.203991 -1.72037 -0.0704111 0.0658532 0.20283 0.11421 -2.01642 -0.143609 -1.29323 
0.0340674 0.985446 0.353041 -0.203991 -1.72037 -0.1053 0.0658532 0.20283 0.11421 -2.01642 -0.143609 -1.32812 
0.0340674 0.985446 0.353041 -0.203991 -1.72037 -0.140189 0.0658532 0.20283 0.11421 -2.01642 -0.143609 -1.36301 
0.0340674 0.985446 0.353041 -0.203991 -1.72037 -0.175078 0.0658532 0.20283 0.11421 -2.01642 -0.143609 -1.3979 
0.0340674 0.985446 0.353041 -0.203991 -1.72037 -0.209967 0.0658532 0.20283 0.11421 -2.01642 -0.143609 -1.43279 
0.0340674 0.985446 0.353041 -0.203991 -1.72037 -0.244856 0.0658532 0.20283 0.11421 -2.01642 -0.143609 -1.46768 
0.0340674 0.985446 0.353041 -0.203991 -1.72037 -0.279744 0.0658532 0.20283 0.11421 -2.01642 -0.143609 -1.50256 
0.0340674 0.985446 0.353041 -0.203991 -1.72037 -0.314633 0.0658532 0.20283 0.11421 -2.01642 -0.143609 -1.53745 
0.0340674 0.985446 0.353041 -0.203991 -1.72037 -0.349522 0.0658532 0.20283 0.11421 -2.01642 -0.143609 -1.57234 
0.0340674 0.985446 0.353041 -0.203991 -1.72037 -0.384411 0.0658532 0.20283 0.11421 -2.01642 -0.143609 -1.60723 
0.0340674 0.985446 0.353041 -0.203991 -1.72037 -0.4193 0.0658532 0.20283 0.11421 -2.01642 -0.143609 -1.64212 
0.0340674 0.985446 0.353041 -0.203991 -1.72037 -0.454189 0.0658532 0.20283 0.11421 -2.01642 -0.143609 -1.67701 
0.0340674 0.985446 0.353041 -0.203991 -1.72037 -0.489078 0.0658532 0.20283 0.11421 -2.01642 -0.143609 -1.7119 
0.0340674 0.985446 0.353041 -0.203991 -1.72037 -0.523967 0.0658532 0.20283 0.11421 -2.01642 -0.143609 -1.74679 
0.0340674 0.985446 0.353041 -0.203991 -1.72037 -0.558856 0.0658532 0.20283 0.11421 -2.01642 -0.143609 -1.78168 
0.0340674 0.985446 0.353041 -0.203991 -1.72037 -0.593744 0.0658532 0.20283 0.11421 -2.01642 -0.143609 -1.81656 
0.0340674 0.985446 0.353041 -0.203991 -1.72037 -0.628633 0.0658532 0.20283 0.11421 -2.01642 -0.143609 -1.85145 
0.0340674 0.985446 0.353041 -0.203991 -1.72037 -0.663522 0.0658532 0.20283 0.11421 -2.01642 -0.143609 -1.88634 
0.0340674 0.985446 0.353041 -0.203991 -1.72037 -0.698411 0.0658532 0.20283 0.11421 -2.01642 -0.143609 -1.92123 
0.0340674 0.985446 0.353041 -0.203991 -1.72037 -0.7333 0.0658532 0.20283 0.11421 -2.01642 -0.143609 -1.95612 
0.0340674 0.985446 0.353041 -0.203991 -1.72037 -0.768189 0.0658532 0.20283 0.11421 -2.01642 -0.143609 -1.99101 
0.0340674 0.985446 0.353041 -0.203991 -1.72037 -0.803078 0.0658532 0.20283 0.11421 -2.01642 -0.143609 -2.0259 
0.0340674 0.985446 0.353041 -0.203991 -1.72037 -0.837967 0.0658532 0.20283 0.11421 -2.01642 -0.143609 -2.06079 
0.0340674 0.985446 0.353041 -0.203991 -1.72037 -0.872856 0.0658532 0.20283 0.11421 -2.01642 -0.143609 -2.09568 
0.0340674 0.985446 0.353041 -0.203991 -1.72037 -0.907744 0.0658532 0.20283 0.11421 -2.01642 -0.143609 -2.13056 
0.0340674 0.985446 0.353041 -0.203991 -1.72037 -0.942633 0.0658532 0.20283 0.11421 -2.01642 -0.143609 -2.16545 
0.0340674 0.985446 0.353041 -0.203991 -1.72037 -0.977522 0.0658532 0.20283 0.11421 -2.01642 -0.143609 -2.20034 
0.0340674 0.985446 0.353041 -0.203991 -1.72037 -1.01241 0.0658532 0.20283 0.11421 -2.01642 -0.143609 -2.23523 
0.0340674 0.985446 0.353041 -0.203991 -1.72037 -1.0473 0.0658532 0.20283 0.11421 -2.01642 -0.143609 -2.27012 
0.0340674 0.985446 0.353041 -0.203991 -1.72037 -1.08219 0.0658532 0.20283 0.11421 -2.01642 -0.143609 -2.30501 
0.0340674 0.985446 0.353041 -0.203991 -1.72037 -1.11708 0.0658532 0.20283 0.11421 -2.01642 -0.143609 -2.3399 
0.0340674 0.985446 0.353041 -0.203991 -1.72037 -1.15197 0.0658532 0.20283 0.11421 -2.01642 -0.143609 -2.37479 
0.0340674 0.985446 0.353041 -0.203991 -1.72037 -1.18686 0.0658532 0.20283 0.11421 -2.01642 -0.143609 -2.40968 
0.0340674 0.985446 0.353041 -0.203991 -1.72037 -1.22174 0.0658532 0.20283 0.11421 -2.01642 -0.143609 -2.44456 
0.0340674 0.985446 0.353041 -0.203991 -1.72037 -1.25663 0.0658532 0.20283 0.11421 -2.01642 -0.143609 -2.47945 
0.0340674 0.985446 0.353041 -0.203991 -1.72037 -1.29152 0.0658532 0.20283 0.11421 -2.01642 -0.143609 -2.51434 
0.0340674 0.985446 0.353041 -0.203991 -1.72037 -1.32641 0.0658532 0.20283 0.11421 -2.01642 -0.143609 -2.54923 
0.0340674 0.985446 0.353041 -0.203991 -1.72037 -1.3613 0.0658532 0.20283 0.11421 -2.01642 -0.143609 -2.58412 
0.0340674 0.985446 0.353041 -0.203991 -1.72037 -1.39619 0.0658532 0.20283 0.11421 -2.01642 -0.143609 -2.61901 
0.0340674 0.985446 0.353041 -0.203991 -1.72037 -1.43108 0.0658532 0.20283 0.11421 -2.01642 -0.143609 -2.6539 
0.0340674 0.985446 0.353041 -0.203991 -1.72037 -1.46597 0.0658532 0.20283 0.11421 -2.01642 -0.143609 -2.68879 
0.0340674 0.985446 0.353041 -0.203991 -1.72037 -1.50086 0.0658532 0.20283 0.11421 -2.01642 -0.143609 -2.72368 
0.0340674 0.985446 0.353041 -0.203991 -1.72037 -1.53574 0.0658532 0.20283 0.11421 -2.01642 -0.143609 -2.75856 
0.0340674 0.985446 0.353041 -0.203991 -1.72037 -1.57063 0.0658532 0.20283 0.11421 -2.01642 -0.143609 -2.79345 
0.0340674 0.985446 0.353041 -0.203991 -1.72037 -1.60552 0.0658532 0.20283 0.11421 -2.01642 -0.143609 -2.82834 
0.0340674 0.985446 0.353041 -0.203991 -1.72037 -1.64041 0.0658532 0.20283 0.11421 -2.01642 -0.143609 -2.86323 
0.0340674 0.985446 0.353041 -0.203991 -1.72037 -1.6753 0.0658532 0.20283 0.11421 -2.01642 -0.143609 -2.89812 
0.0340674 0.985446 0.353041 -0.203991 -1.72037 -1.71019 0.0658532 0.20283 0.11421 -2.01642 -0.143609 -2.93301 
0.0340674 0.985446 0.353041 -0.203991 -1.72037 -1.74508 0.0658532 0.20283 0.11421 -2.01642 -0.143609 -2.9679 
0.0340674 0.985446 0.353041 -0.203991 -1.72037 -1.77997 0.0658532 0.20283 0.11421 -2.01642 -0.143609 -3.00279 
0.0340674 0.985446 0.353041 -0.203991 -1.72037 -1.81486 0.0658532 0.20283 0.11421 -2.01642 -0.143609 -3.03768 
0.0340674 0.985446 0.353041 -0.203991 -1.72037 -1.84974 0.0658532 0.20283 0.11421 -2.01642 -0.143609 -3.07256 
0.0340674 0.985446 0.353041 -0.203991 -1.72037 -1.88463 0.0658532 0.20283 0.11421 -2.01642 -0.143609 -3.10745 
0.0340674 0.985446 0.353041 -0.203991 -1.72037 -1.91952 0.0658532 0.20283 0.11421 -2.01642 -0.143609 -3.14234 
0.0340674 0.985446 0.353041 -0.203991 -1.72037 -1.95441 0.0658532 0.20283 0.11421 -2.01642 -0.143609 -3.17723 
0.0340674 0.985446 0.353041 -0.203991 -1.72037 -1.9893 0.0658532 0.20283 0.11421 -2.01642 -0.143609 -3.21212 
0.0340674 0.985446 0.353041 -0.203991 -1.72037 -2.02419 0.0658532 0.20283 0.11421 -2.01642 -0.143609 -3.24701 
0.0340674 0.985446 0.353041 -0.203991 -1.72037 -2.05908 0.0658532 0.20283 0.11421 -2.01642 -0.143609 -3.2819 
0.0340674 0.985446 0.353041 -0.203991 -1.72037 -2.09397 0.0658532 0.20283 0.11421 -2.01642 -0.143609 -3.31679 
0.0340674 0.985446 0.353041 -0.203991 -1.72037 -2.12886 0.0658532 0.20283 0.11421 -2.01642 -0.143609 -3.35168 
0.0340674 0.985446 0.353041 -0.203991 -1.72037 -2.16374 0.0658532 0.20283 0.11421 -2.01642 -0.143609 -3.38656 
0.0340674 0.985446 0.353041 -0.203991 -1.72037 -2.19863 0.0658532 0.20283 0.11421 -2.01642 -0.143609 -3.42145 
0.0340674 0.985446 0.353041 -0.203991 -1.72037 -2.23352 0.0658532 0.20283 0.11421 -2.01642 -0.143609 -3.45634 
0.0340674 0.985446 0.353041 -0.203991 -1.72037 -2.26841 0.0658532 0.20283 0.11421 -2.01642 -0.143609 -3.49123 
0.0340674 0.985446 0.353041 -0.203991 -1.72037 -2.3033 0.0658532 0.20283 0.11421 -2.01642 -0.143609 -3.52612 
0.0340674 0.985446 0.353041 -0.203991 -1.72037 -2.33819 0.0658532 0.20283 0.11421 -2.01642 -0.143609 -3.56101 
0.0340674 0.985446 0.353041 -0.203991 -1.72037 -2.37308 0.0658532 0.20283 0.11421 -2.01642 -0.143609 -3.5959 
0.0340674 0.985446 0.353041 -0.203991 -1.72037 -2.40797 0.0658532 0.20283 0.11421 -2.01642 -0.143609 -3.63079 
0.0340674 0.985446 0.353041 -0.203991 -1.72037 -2.44286 0.0658532 0.20283 0.11421 -2.01642 -0.143609 -3.66568 
0.0340674 0.985446 0.353041 -0.203991 -1.72037 -2.47774 0.0658532 0.20283 0.11421 -2.01642 -0.143609 -3.70056 
0.0340674 0.985446 0.353041 -0.203991 -1.72037 -2.51263 0.0658532 0.20283 0.11421 -2.01642 -0.143609 -3.73545 
0.0340674 0.985446 0.353041 -0.203991 -1.72037 -2.54752 0.0658532 0.20283 0.11421 -2.01642 -0.143609 -3.77034 
0.0340674 0.985446 0.353041 -0.203991 -1.72037 -2.58241 0.0658532 0.20283 0.11421 -2.01642 -0.143609 -3.80523 
0.0340674 0.985446 0.353041 -0.203991 -1.72037 -2.6173 0.0658532 0.20283 0.11421 -2.01642 -0.143609 -3.84012 
0.0340674 0.985446 0.353041 -0.203991 -1.72037 -2.65219 0.0658532 0.20283 0.11421 -2.01642 -0.143609 -3.87501 
0.0340674 0.985446 0.353041 -0.203991 -1.72037 -2.68708 0.0658532 0.20283 0.11421 -2.01642 -0.143609 -3.9099 
0.0340674 0.985446 0.353041 -0.203991 -1.72037 -2.72197 0.0658532 0.20283 0.11421 -2.01642 -0.143609 -3.94479 
0.0340674 0.985446 0.353041 -0.203991 -1.72037 -2.75686 0.0658532 0.20283 0.11421 -2.01642 -0.143609 -3.97968 
0.0340674 0.985446 0.353041 -0.203991 -1.72037 -2.79174 0.0658532 0.20283 0.11421 -2.01642 -0.143609 -4.01456 
0.0340674 0.985446 0.353041 -0.203991 -1.72037 -2.82663 0.0658532 0.20283 0.11421 -2.01642 -0.143609 -4.04945 
0.0340674 0.985446 0.353041 -0.203991 -1.72037 -2.86152 0.0658532 0.20283 0.11421 -2.01642 -0.143609 -4.08434 
0.0340674 0.985446 0.353041 -0.203991 -1.72037 -2.89641 0.0658532 0.20283 0.11421 -2.01642 -0.143609 -4.11923 
0.0340674 0.985446 0.353041 -0.203991 -1.72037 -2.9313 0.0658532 0.20283 0.11421 -2.01642 -0.143609 -4.15412 
0.0340674 0.985446 0.353041 -0.203991 -1.72037 -2.96619 0.0658532 0.20283 0.11421 -2.01642 -0.143609 -4.18901 
0.0340674 0.985446 0.353041 -0.203991 -1.72037 -3.00108 0.0658532 0.20283 0.11421 -2.01642 -0.143609 -4.2239 
0.0340674 0.985446 0.353041 -0.203991 -1.72037 -3.03597 0.0658532 0.20283 0.11421 -2.01642 -0.143609 -4.25879 
0.0340674 0.985446 0.353041 -0.203991 -1.72037 -3.07086 0.0658532 0.20283 0.11421 -2.01642 -0.143609 -4.29368 
0.0340674 0.985446 0.353041 -0.203991 -1.72037 -3.10574 0.0658532 0.20283 0.11421 -2.01642 -0.143609 -4.32856 
0.0340674 0.985446 0.353041 -0.203991 -1.72037 -3.14063 0.0658532 0.20283 0.11421 -2.01642 -0.143609 -4.36345 
0.0340674 0.985446 0.353041 -0.203991 -1.72037 -3.17552 0.0658532 0.20283 0.11421 -2.01642 -0.143609 -4.39834 
0.0340674 0.985446 0.353041 -0.203991 -1.72037 -3.21041 0.0658532 0.20283 0.11421 -2.01642 -0.143609 -4.43323 
0.0340674 0.985446 0.353041 -0.203991 -1.72037 -3.2453 0.0658532 0.20283 0.11421 -2.01642 -0.143609 -4.46812 
0.0340674 0.985446 0.353041 -0.203991 -1.72037 -3.28019 0.0658532 0.20283 0.11421 -2.01642 -0.143609 -4.50301 
0.0340674 0.985446 0.353041 -0.203991 -1.72037 -3.31508 0.0658532 0.20283 0.11421 -2.01642 -0.143609 -4.5379 
0.0340674 0.985446 0.353041 -0.203991 -1.72037 -3.34997 0.0658532 0.20283 0.11421 -2.01642 -0.143609 -4.57279 
0.0340674 0.985446 0.353041 -0.203991 -1.72037 -3.38486 0.0658532 0.20283 0.11421 -2.01642 -0.143609 -4.60768 
0.0340674 0.985446 0.353041 -0.203991 -1.72037 -3.41974 0.0658532 0.20283 0.11421 -2.01642 -0.143609 -4.64256 
0.0340674 0.985446 0.353041 -0.203991 -1.72037 -3.45463 0.0658532 0.20283 0.11421 -2.01642 -0.143609 -4.67745 
0.0340674 0.985446 0.353041 -0.203991 -1.72037 -3.48952 0.0658532 0.20283 0.11421 -2.01642 -0.143609 -4.71234 
0.0340674 0.985446 0.353041 -0.203991 -1.72037 -3.52441 0.0658532 0.20283 0.11421 -2.01642 -0.143609 -4.74723 
0.0340674 0.985446 0.353041 -0.203991 -1.72037 -3.5593 0.0658532 0.20283 0.11421 -2.01642 -0.143609 -4.78212 
0.0340674 0.985446 0.353041 -0.203991 -1.72037 -3.59419 0.0658532 0.20283 0.11421 -2.01642 -0.143609 -4.81701 
0.0340674 0.985446 0.353041 -0.203991 -1.72037 -3.62908 0.0658532 0.20283 0.11421 -2.01642 -0.143609 -4.8519 
0.0340674 0.985446 0.353041 -0.203991 -1.72037 -3.66397 0.0658532 0.20283 0.11421 -2.01642 -0.143609 -4.88679 
0.0340674 0.985446 0.353041 -0.203991 -1.72037 -3.69886 0.0658532 0.20283 0.11421 -2.01642 -0.143609 -4.92168 
0.0340674 0.985446 0.353041 -0.203991 -1.72037 -3.73374 0.0658532 0.20283 0.11421 -2.01642 -0.143609 -4.95656 
0.0340674 0.985446 0.353041 -0.203991 -1.72037 -3.76863 0.0658532 0.20283 0.11421 -2.01642 -0.143609 -4.99145 
0.0340674 0.985446 0.353041 -0.203991 -1.72037 -3.80352 0.0658532 0.20283 0.11421 -2.01642 -0.143609 -5.02634 
0.0340674 0.985446 0.353041 -0.203991 -1.72037 -3.83841 0.0658532 0.20283 0.11421 -2.01642 -0.143609 -5.06123 
0.0340674 0.985446 0.353041 -0.203991 -1.72037 -3.8733 0.0658532 0.20283 0.11421 -2.01642 -0.143609 -5.09612 
0.0340674 0.985446 0.353041 -0.203991 -1.72037 -3.90819 0.0658532 0.20283 0.11421 -2.01642 -0.143609 -5.13101 
0.0340674 0.985446 0.353041 -0.203991 -1.72037 -3.94308 0.0658532 0.20283 0.11421 -2.01642 -0.143609 -5.1659 
0.0340674 0.985446 0.353041 -0.203991 -1.72037 -3.97797 0.0658532 0.20283 0.11421 -2.01642 -0.143609 -5.20079 
0.0340674 0.985446 0.353041 -0.203991 -1.72037 -4.01286 0.0658532 0.20283 0.11421 -2.01642 -0.143609 -5.23568 
0.0340674 0.985446 0.353041 -0.203991 -1.72037 -4.04774 0.0658532 0.20283 0.11421 -2.01642 -0.143609 -5.27056 
0.0340674 0.985446 0.353041 -0.203991 -1.72037 -4.08263 0.0658532 0.20283 0.11421 -2.01642 -0.143609 -5.30545 
0.0340674 0.985446 0.353041 -0.203991 -1.72037 -4.11752 0.0658532 0.20283 0.11421 -2.01642 -0.143609 -5.34034 
0.0340674 0.985446 0.353041 -0.203991 -1.72037 -4.15241 0.0658532 0.20283 0.11421 -2.01642 -0.143609 -5.37523 
0.0340674 0.985446 0.353041 -0.203991 -1.72037 -4.1873 0.0658532 0.20283 0.11421 -2.01642 -0.143609 -5.41012 
0.0340674 0.985446 0.353041 -0.203991 -1.72037 -4.22219 0.0658532 0.20283 0.11421 -2.01642 -0.143609 -5.44501 
0.0340674 0.985446 0.353041 -0.203991 -1.72037 -4.25708 0.0658532 0.20283 0.11421 -2.01642 -0.143609 -5.4799 
0.0340674 0.985446 0.353041 -0.203991 -1.72037 -4.29197 0.0658532 0.20283 0.11421 -2.01642 -0.143609 -5.51479 
0.0340674 0.985446 0.353041 -0.203991 -1.72037 -4.32686 0.0658532 0.20283 0.11421 -2.01642 -0.143609 -5.54968 
0.0340674 0.985446 0.353041 -0.203991 -1.72037 -4.36174 0.0658532 0.20283 0.11421 -2.01642 -0.143609 -5.58456 
0.0340674 0.985446 0.353041 -0.203991 -1.72037 -4.39663 0.0658532 0.20283 0.11421 -2.01642 -0.143609 -5.61945 
0.0340674 0.985446 0.353041 -0.203991 -1.72037 -4.43152 0.0658532 0.20283 0.11421 -2.01642 -0.143609 -5.65434 
0.0340674 0.985446 0.353041 -0.203991 -1.72037 -4.46641 0.0658532 0.20283 0.11421 -2.01642 -0.143609 -5.68923 
0.0340674 0.985446 0.353041 -0.203991 -1.72037 -4.5013 0.0658532 0.20283 0.11421 -2.01642 -0.143609 -5.72412 
0.0340674 0.985446 0.353041 -0.203991 -1.72037 -4.53619 0.0658532 0.20283 0.11421 -2.01642 -0.143609 -5.75901 
0.0340674 0.985446 0.353041 -0.203991 -1.72037 -4.57108 0.0658532 0.20283 0.11421 -2.01642 -0.143609 -5.7939 
0.0340674 0.985446 0.353041 -0.203991 -1.72037 -4.60597 0.0658532 0.20283 0.11421 -2.01642 -0.143609 -5.82879 
0.0340674 0.985446 0.353041 -0.203991 -1.72037 -4.64086 0.0658532 0.20283 0.11421 -2.01642 -0.143609 -5.86368 
0.0340674 0.985446 0.353041 -0.203991 -1.72037 -4.67574 0.0658532 0.20283 0.11421 -2.01642 -0.143609 -5.89856 
0.0340674 0.985446 0.353041 -0.203991 -1.72037 -4.71063 0.0658532 0.20283 0.11421 -2.01642 -0.143609 -5.93345 
0.0340674 0.985446 0.353041 -0.203991 -1.72037 -4.74552 0.0658532 0.20283 0.11421 -2.01642 -0.143609 -5.96834 
0.0340674 0.985446 0.353041 -0.203991 -1.72037 -4.78041 0.0658532 0.20283 0.11421 -2.01642 -0.143609 -6.00323 
0.0340674 0.985446 0.353041 -0.203991 -1.72037 -4.8153 0.0658532 0.20283 0.11421 -2.01642 -0.143609 -6.03812 
0.0340674 0.985446 0.353041 -0.203991 -1.72037 -4.85019 0.0658532 0.20283 0.11421 -2.01642 -0.143609 -6.07301 
0.0340674 0.985446 0.353041 -0.203991 -1.72037 -4.88508 0.0658532 0.20283 0.11421 -2.01642 -0.143609 -6.1079 
0.0340674 0.985446 0.353041 -0.203991 -1.72037 -4.91997 0.0658532 0.20283 0.11421 -2.01642 -0.143609 -6.14279 
0.0340674 0.985446 0.353041 -0.203991 -1.72037 -4.95486 0.0658532 0.20283 0.11421 -2.01642 -0.143609 -6.17768 
0.0340674 0.985446 0.353041 -0.203991 -1.72037 -4.98974 0.0658532 0.20283 0.11421 -2.01642 -0.143609 -6.21256 
0.0340674 0.985446 0.353041 -0.203991 -1.72037 -5.02463 0.0658532 0.20283 0.11421 -2.01642 -0.143609 -6.24745 
0.0340674 0.985446 0.353041 -0.203991 -1.72037 -5.05952 0.0658532 0.20283 0.11421 -2.01642 -0.143609 -6.28234 
0.0340674 0.985446 0.353041 -0.203991 -1.72037 -5.09441 0.0658532 0.20283 0.11421 -2.01642 -0.143609 -6.31723 
0.0340674 0.985446 0.353041 -0.203991 -1.72037 -5.1293 0.0658532 0.20283 0.11421 -2.01642 -0.143609 -6.35212 
0.0340674 0.985446 0.353041 -0.203991 -1.72037 -5.16419 0.0658532 0.20283 0.11421 -2.01642 -0.143609 -6.38701 
0.0340674 0.985446 0.353041 -0.203991 -1.72037 -5.19908 0.0658532 0.20283 0.11421 -2.01642 -0.143609 -6.4219 
0.0340674 0.985446 0.353041 -0.203991 -1.72037 -5.23397 0.0658532 0.20283 0.11421 -2.01642 -0.143609 -6.45679 
0.0340674 0.985446 0.353041 -0.203991 -1.72037 -5.26886 0.0658532 0.20283 0.11421 -2.01642 -0.143609 -6.49168 
0.0340674 0.985446 0.353041 -0.203991 -1.72037 -5.30374 0.0658532 0.20283 0.11421 -2.01642 -0.143609 -6.52656 
0.0340674 0.985446 0.353041 -0.203991 -1.72037 -5.33863 0.0658532 0.20283 0.11421 -2.01642 -0.143609 -6.56145 
0.0340674 0.985446 0.353041 -0.203991 -1.72037 -5.37352 0.0658532 0.20283 0.11421 -2.01642 -0.143609 -6.59634 
0.0340674 0.985446 0.353041 -0.203991 -1.72037 -5.40841 0.0658532 0.20283 0.11421 -2.01642 -0.143609 -6.63123 
0.0340674 0.985446 0.353041 -0.203991 -1.72037 -5.4433 0.0658532 0.20283 0.11421 -2.01642 -0.143609 -6.66612 
0.0340674 0.985446 0.353041 -0.203991 -1.72037 -5.47819 0.0658532 0.20283 0.11421 -2.01642 -0.143609 -6.70101 
0.0340674 0.985446 0.353041 -0.203991 -1.72037 -5.51308 0.0658532 0.20283 0.11421 -2.01642 -0.143609 -6.7359 
0.0340674 0.985446 0.353041 -0.203991 -1.72037 -5.54797 0.0658532 0.20283 0.11421 -2.01642 -0.143609 -6.77079 
0.0340674 0.985446 0.353041 -0.203991 -1.72037 -5.58286 0.0658532 0.20283 0.11421 -2.01642 -0.143609 -6.80568 
0.0340674 0.985446 0.353041 -0.203991 -1.72037 -5.61774 0.0658532 0.20283 0.11421 -2.01642 -0.143609 -6.84056 
0.0340674 0.985446 0.353041 -0.203991 -1.72037 -5.65263 0.0658532 0.20283 0.11421 -2.01642 -0.143609 -6.87545 
0.0340674 0.985446 0.353041 -0.203991 -1.72037 -5.68752 0.0658532 0.20283 0.11421 -2.01642 -0.143609 -6.91034 
0.0340674 0.985446 0.353041 -0.203991 -1.72037 -5.72241 0.0658532 0.20283 0.11421 -2.01642 -0.143609 -6.87545 
0.0340674 0.985446 0.353041 -0.203991 -1.72037 -5.7573 0.0658532 0.20283 0.11421 -2.01642 -0.143609 -6.87545 
0.0340674 0.985446 0.353041 -0.203991 -1.72037 -5.79219 0.0658532 0.20283 0.11421 -2.01642 -0.143609 -6.87545 
0.0340674 0.985446 0.353041 -0.203991 -1.72037 -5.82708 0.0658532 0.20283 0.11421 -2.01642 -0.143609 -6.87545 
0.0340674 0.985446 0.353041 -0.203991 -1.72037 -5.86197 0.0658532 0.20283 0.11421 -2.01642 -0.143609 -6.87545 
0.0340674 0.985446 0.353041 -0.203991 -1.72037 -5.89686 0.0658532 0.20283 0.11421 -2.01642 -0.143609 -6.87545 
0.0340674 0.985446 0.353041 -0.203991 -1.72037 -5.93174 0.0658532 0.20283 0.11421 -2.01642 -0.143609 -6.87545 
0.0340674 0.985446 0.353041 -0.203991 -1.72037 -5.96663 0.0658532 0.20283 0.11421 -2.01642 -0.143609 -6.87545 
0.0340674 0.985446 0.353041 -0.203991 -1.72037 -6.00152 0.0658532 0.20283 0.11421 -2.01642 -0.143609 -6.87545 
0.0340674 0.985446 0.353041 -0.203991 -1.72037 -6.03641 0.0658532 0.20283 0.11421 -2.01642 -0.143609 -6.87545 
0.0340674 0.985446 0.353041 -0.203991 -1.72037 -6.0713 0.0658532 0.20283 0.11421 -2.01642 -0.143609 -6.87545 
0.0340674 0.985446 0.353041 -0.203991 -1.72037 -6.10619 0.0658532 0.20283 0.11421 -2.01642 -0.143609 -6.87545 
0.0340674 0.985446 0.353041 -0.203991 -1.72037 -6.14108 0.0658532 0.20283 0.11421 -2.01642 -0.143609 -6.87545 
0.0340674 0.985446 0.353041 -0.203991 -1.72037 -6.17597 0.0658532 0.20283 0.11421 -2.01642 -0.143609 -6.87545 
0.0340674 0.985446 0.353041 -0.203991 -1.72037 -6.21086 0.0658532 0.20283 0.11421 -2.01642 -0.143609 -6.87545 
0.0340674 0.985446 0.353041 -0.203991 -1.72037 -6.24574 0.0658532 0.20283 0.11421 -2.01642 -0.143609 -6.87545 
0.0340674 0.985446 0.353041 -0.203991 -1.72037 -6.28063 0.0658532 0.20283 0.11421 -2.01642 -0.143609 -6.87545 
0.0340674 0.985446 0.353041 -0.203991 -1.72037 -6.31552 0.0658532 0.20283 0.11421 -2.01642 -0.143609 -6.87545 
0.0340674 0.985446 0.353041 -0.203991 -1.72037 -6.35041 0.0658532 0.20283 0.11421 -2.01642 -0.143609 -6.87545 
0.0340674 0.985446 0.353041 -0.203991 -1.72037 -6.3853 0.0658532 0.20283 0.11421 -2.01642 -0.143609 -6.87545 
0.0340674 0.985446 0.353041 -0.203991 -1.72037 -6.42019 0.0658532 0.20283 0.11421 -2.01642 -0.143609 -6.87545 
0.0340674 0.985446 0.353041 -0.203991 -1.72037 -6.45508 0.0658532 0.20283 0.11421 -2.01642 -0.143609 -6.87545 
0.0340674 0.985446 0.353041 -0.203991 -1.72037 -6.48997 0.0658532 0.20283 0.11421 -2.01642 -0.143609 -6.87545 
0.0340674 0.985446 0.353041 -0.203991 -1.72037 -6.52486 0.0658532 0.20283 0.11421 -2.01642 -0.143609 -6.87545 
0.0340674 0.985446 0.353041 -0.203991 -1.72037 -6.55974 0.0658532 0.20283 0.11421 -2.01642 -0.143609 -6.87545 
0.0340674 0.985446 0.353041 -0.203991 -1.72037 -6.59463 0.0658532 0.20283 0.11421 -2.01642 -0.143609 -6.87545 
0.0340674 0.985446 0.353041 -0.203991 -1.72037 -6.62952 0.0658532 0.20283 0.11421 -2.01642 -0.143609 -6.87545 
0.0340674 0.985446 0.353041 -0.203991 -1.72037 -6.66441 0.0658532 0.20283 0.11421 -2.01642 -0.143609 -6.87545 
0.0340674 0.985446 0.353041 -0.203991 -1.72037 -6.6993 0.0658532 0.20283 0.11421 -2.01642 -0.143609 -6.87545 
0.0340674 0.985446 0.353041 -0.203991 -1.72037 -6.73419 0.0658532 0.20283 0.11421 -2.01642 -0.143609 -6.87545 
0.0340674 0.985446 0.353041 -0.203991 -1.72037 -6.76908 0.0658532 0.20283 0.11421 -2.01642 -0.143609 -6.87545 
0.0340674 0.985446 0.353041 -0.203991 -1.72037 -6.80397 0.0658532 0.20283 0.11421 -2.01642 -0.143609 -6.87545 
0.0340674 0.985446 0.353041 -0.203991 -1.72037 -6.83886 0.0658532 0.20283 0.11421 -2.01642 -0.143609 -6.87545 
0.0340674 0.985446 0.353041 -0.203991 -1.72037 -6.87374 0.0658532 0.20283 0.11421 -2.01642 -0.143609 -6.87545 
0.0340674 0.985446 0.353041 -0.203991 -1.72037 -6.90863 0.0658532 0.20283 0.11421 -2.01642 -0.143609 -6.87545 

