0 0.264091 -0.140898 -0 -1.69399 2.98452 0.0318262 0.256964 -0.125467 -0.00299456 -1.71539 2.89749 
0.487704 0.431585 -0.855001 1.2645 -1.82138 1.22295 0.67633 -0.0294228 0.535506 0.545733 -1.25326 2.96008 
0.43035 0.294607 -0.945399 2.27643 -1.6684 -0.314642 -0.260906 0.131044 0.758371 0.292687 -1.17067 -0.12933 
0.229567 -0.115137 -0.332672 2.63796 -1.16968 0.915286 1.02359 0.738075 -0.625497 1.65353 -1.90793 1.1662 
0.518321 0.0253799 -0.633373 2.55731 -1.26584 0.385789 0.591965 -0.282002 0.31739 0.874112 -0.911066 1.07012 
0.518321 0.0253799 -0.633373 2.55731 -1.26584 0.3509 0.591965 -0.282002 0.31739 0.874112 -0.911066 1.03523 
0.518321 0.0253799 -0.633373 2.55731 -1.26584 0.316011 0.591965 -0.282002 0.31739 0.874112 -0.911066 1.00034 
0.518321 0.0253799 -0.633373 2.55731 -1.26584 0.281122 0.591965 -0.282002 0.31739 0.874112 -0.911066 0.965453 
0.518321 0.0253799 -0.633373 2.55731 -1.26584 0.246233 0.591965 -0.282002 0.31739 0.874112 -0.911066 0.930564 
0.518321 0.0253799 -0.633373 2.55731 -1.26584 0.211345 0.591965 -0.282002 0.31739 0.874112 -0.911066 0.895676 
0.518321 0.0253799 -0.633373 2.55731 -1.26584 0.176456 0.591965 -0.282002 0.31739 0.874112 -0.911066 0.860787 
0.518321 0.0253799 -0.633373 2.55731 -1.26584 0.141567 0.591965 -0.282002 0.31739 0.874112 -0.911066 0.825898 
0.518321 0.0253799 -0.633373 2.55731 -1.26584 0.106678 0.591965 -0.282002 0.31739 0.874112 -0.911066 0.791009 
0.518321 0.0253799 -0.633373 2.55731 -1.26584 0.071789 0.591965 -0.282002 0.31739 0.874112 -0.911066 0.75612 
0.518321 0.0253799 -0.633373 2.55731 -1.26584 0.0369001 0.591965 -0.282002 0.31739 0.874112 -0.911066 0.721231 
0.518321 0.0253799 -0.633373 2.55731 -1.26584 0.00201122 0.591965 -0.282002 0.31739 0.874112 -0.911066 0.686342 
0.518321 0.0253799 -0.633373 2.55731 -1.26584 -0.0328777 0.591965 -0.282002 0.31739 0.874112 -0.911066 0.651453 
0.518321 0.0253799 -0.633373 2.55731 -1.26584 -0.0677666 0.591965 -0.282002 0.31739 0.874112 -0.911066 0.616564 
0.518321 0.0253799 -0.633373 2.55731 -1.26584 -0.102655 0.591965 -0.282002 0.31739 0.874112 -0.911066 0.581676 
0.518321 0.0253799 -0.633373 2.55731 -1.26584 -0.137544 0.591965 -0.282002 0.31739 0.874112 -0.911066 0.546787 
0.518321 0.0253799 -0.633373 2.55731 -1.26584 -0.172433 0.591965 -0.282002 0.31739 0.874112 -0.911066 0.511898 
0.518321 0.0253799 -0.633373 2.55731 -1.26584 -0.207322 0.591965 -0.282002 0.31739 0.874112 -0.911066 0.477009 
0.518321 0.0253799 -0.633373 2.55731 -1.26584 -0.242211 0.591965 -0.282002 0.31739 0.874112 -0.911066 0.44212 
0.518321 0.0253799 -0.633373 2.55731 -1.26584 -0.2771 0.591965 -0.282002 0.31739 0.874112 -0.911066 0.407231 
0.518321 0.0253799 -0.633373 2.55731 -1.26584 -0.311989 0.591965 -0.282002 0.31739 0.874112 -0.911066 0.372342 
0.518321 0.0253799 -0.633373 2.55731 -1.26584 -0.346878 0.591965 -0.282002 0.31739 0.874112 -0.911066 0.337453 
0.518321 0.0253799 -0.633373 2.55731 -1.26584 -0.381767 0.591965 -0.282002 0.31739 0.874112 -0.911066 0.302564 
0.518321 0.0253799 -0.633373 2.55731 -1.26584 -0.416655 0.591965 -0.282002 0.31739 0.874112 -0.911066 0.267676 
0.518321 0.0253799 -0.633373 2.55731 -1.26584 -0.451544 0.591965 -0.282002 0.31739 0.874112 -0.911066 0.232787 
0.518321 0.0253799 -0.633373 2.55731 -1.26584 -0.486433 0.591965 -0.282002 0.31739 0.874112 -0.911066 0.197898 
0.518321 0.0253799 -0.633373 2.55731 -1.26584 -0.521322 0.591965 -0.282002 0.31739 0.874112 -0.911066 0.163009 
0.518321 0.0253799 -0.633373 2.55731 -1.26584 -0.556211 0.591965 -0.282002 0.31739 0.874112 -0.911066 0.12812 
0.518321 0.0253799 -0.633373 2.55731 -1.26584 -0.5911 0.591965 -0.282002 0.31739 0.874112 -0.911066 0.0932311 
0.518321 0.0253799 -0.633373 2.55731 -1.26584 -0.625989 0.591965 -0.282002 0.31739 0.874112 -0.911066 0.0583422 
0.518321 0.0253799 -0.633373 2.55731 -1.26584 -0.660878 0.591965 -0.282002 0.31739 0.874112 -0.911066 0.0234533 
0.518321 0.0253799 -0.633373 2.55731 -1.26584 -0.695767 0.591965 -0.282002 0.31739 0.874112 -0.911066 -0.0114356 
0.518321 0.0253799 -0.633373 2.55731 -1.26584 -0.730655 0.591965 -0.282002 0.31739 0.874112 -0.911066 -0.0463244 
0.518321 0.0253799 -0.633373 2.55731 -1.26584 -0.765544 0.591965 -0.282002 0.31739 0.874112 -0.911066 -0.0812133 
0.518321 0.0253799 -0.633373 2.55731 -1.26584 -0.800433 0.591965 -0.282002 0.31739 0.874112 -0.911066 -0.116102 
0.518321 0.0253799 -0.633373 2.55731 -1.26584 -0.835322 0.591965 -0.282002 0.31739 0.874112 -0.911066 -0.150991 
0.518321 0.0253799 -0.633373 2.55731 -1.26584 -0.870211 0.591965 -0.282002 0.31739 0.874112 -0.911066 -0.18588 
0.518321 0.0253799 -0.633373 2.55731 -1.26584 -0.9051 0.591965 -0.282002 0.31739 0.874112 -0.911066 -0.220769 
0.518321 0.0253799 -0.633373 2.55731 -1.26584 -0.939989 0.591965 -0.282002 0.31739 0.874112 -0.911066 -0.255658 
0.518321 0.0253799 -0.633373 2.55731 -1.26584 -0.974878 0.591965 -0.282002 0.31739 0.874112 -0.911066 -0.290547 
0.518321 0.0253799 -0.633373 2.55731 -1.26584 -1.00977 0.591965 -0.282002 0.31739 0.874112 -0.911066 -0.325436 
0.518321 0.0253799 -0.633373 2.55731 -1.26584 -1.04466 0.591965 -0.282002 0.31739 0.874112 -0.911066 -0.360324 
0.518321 0.0253799 -0.633373 2.55731 -1.26584 -1.07954 0.591965 -0.282002 0.31739 0.874112 -0.911066 -0.395213 
0.518321 0.0253799 -0.633373 2.55731 -1.26584 -1.11443 0.591965 -0.282002 0.31739 0.874112 -0.911066 -0.430102 
0.518321 0.0253799 -0.633373 2.55731 -1.26584 -1.14932 0.591965 -0.282002 0.31739 0.874112 -0.911066 -0.464991 
0.518321 0.0253799 -0.633373 2.55731 -1.26584 -1.18421 0.591965 -0.282002 0.31739 0.874112 -0.911066 -0.49988 
0.518321 0.0253799 -0.633373 2.55731 -1.26584 -1.2191 0.591965 -0.282002 0.31739 0.874112 -0.911066 -0.534769 
0.518321 0.0253799 -0.633373 2.55731 -1.26584 -1.25399 0.591965 -0.282002 0.31739 0.874112 -0.911066 -0.569658 
0.518321 0.0253799 -0.633373 2.55731 -1.26584 -1.28888 0.591965 -0.282002 0.31739 0.874112 -0.911066 -0.604547 
0.518321 0.0253799 -0.633373 2.55731 -1.26584 -1.32377 0.591965 -0.282002 0.31739 0.874112 -0.911066 -0.639436 
0.518321 0.0253799 -0.633373 2.55731 -1.26584 -1.35866 0.591965 -0.282002 0.31739 0.874112 -0.911066 -0.674324 
0.518321 0.0253799 -0.633373 2.55731 -1.26584 -1.39354 0.591965 -0.282002 0.31739 0.874112 -0.911066 -0.709213 
0.518321 0.0253799 -0.633373 2.55731 -1.26584 -1.42843 0.591965 -0.282002 0.31739 0.874112 -0.911066 -0.744102 
0.518321 0.0253799 -0.633373 2.55731 -1.26584 -1.46332 0.591965 -0.282002 0.31739 0.874112 -0.911066 -0.778991 
0.518321 0.0253799 -0.633373 2.55731 -1.26584 -1.49821 0.591965 -0.282002 0.31739 0.874112 -0.911066 -0.81388 
0.518321 0.0253799 -0.633373 2.55731 -1.26584 -1.5331 0.591965 -0.282002 0.31739 0.874112 -0.911066 -0.848769 
0.518321 0.0253799 -0.633373 2.55731 -1.26584 -1.56799 0.591965 -0.282002 0.31739 0.874112 -0.911066 -0.883658 
0.518321 0.0253799 -0.633373 2.55731 -1.26584 -1.60288 0.591965 -0.282002 0.31739 0.874112 -0.911066 -0.918547 
0.518321 0.0253799 -0.633373 2.55731 -1.26584 -1.63777 0.591965 -0.282002 0.31739 0.874112 -0.911066 -0.953436 
0.518321 0.0253799 -0.633373 2.55731 -1.26584 -1.67266 0.591965 -0.282002 0.31739 0.874112 -0.911066 -0.988324 
0.518321 0.0253799 -0.633373 2.55731 -1.26584 -1.70754 0.591965 -0.282002 0.31739 0.874112 -0.911066 -1.02321 
0.518321 0.0253799 -0.633373 2.55731 -1.26584 -1.74243 0.591965 -0.282002 0.31739 0.874112 -0.911066 -1.0581 
0.518321 0.0253799 -0.633373 2.55731 -1.26584 -1.77732 0.591965 -0.282002 0.31739 0.874112 -0.911066 -1.09299 
0.518321 0.0253799 -0.633373 2.55731 -1.26584 -1.81221 0.591965 -0.282002 0.31739 0.874112 -0.911066 -1.12788 
0.518321 0.0253799 -0.633373 2.55731 -1.26584 -1.8471 0.591965 -0.282002 0.31739 0.874112 -0.911066 -1.16277 
0.518321 0.0253799 -0.633373 2.55731 -1.26584 -1.88199 0.591965 -0.282002 0.31739 0.874112 -0.911066 -1.19766 
0.518321 0.0253799 -0.633373 2.55731 -1.26584 -1.91688 0.591965 -0.282002 0.31739 0.874112 -0.911066 -1.23255 
0.518321 0.0253799 -0.633373 2.55731 -1.26584 -1.95177 0.591965 -0.282002 0.31739 0.874112 -0.911066 -1.26744 
0.518321 0.0253799 -0.633373 2.55731 -1.26584 -1.98666 0.591965 -0.282002 0.31739 0.874112 -0.911066 -1.30232 
0.518321 0.0253799 -0.633373 2.55731 -1.26584 -2.02154 0.591965 -0.282002 0.31739 0.874112 -0.911066 -1.33721 
0.518321 0.0253799 -0.633373 2.55731 -1.26584 -2.05643 0.591965 -0.282002 0.31739 0.874112 -0.911066 -1.3721 
0.518321 0.0253799 -0.633373 2.55731 -1.26584 -2.09132 0.591965 -0.282002 0.31739 0.874112 -0.911066 -1.40699 
0.518321 0.0253799 -0.633373 2.55731 -1.26584 -2.12621 0.591965 -0.282002 0.31739 0.874112 -0.911066 -1.44188 
0.518321 0.0253799 -0.633373 2.55731 -1.26584 -2.1611 0.591965 -0.282002 0.31739 0.874112 -0.911066 -1.47677 
0.518321 0.0253799 -0.633373 2.55731 -1.26584 -2.19599 0.591965 -0.282002 0.31739 0.874112 -0.911066 -1.51166 
0.518321 0.0253799 -0.633373 2.55731 -1.26584 -2.23088 0.591965 -0.282002 0.31739 0.874112 -0.911066 -1.54655 
0.518321 0.0253799 -0.633373 2.55731 -1.26584 -2.26577 0.591965 -0.282002 0.31739 0.874112 -0.911066 -1.58144 
0.518321 0.0253799 -0.633373 2.55731 -1.26584 -2.30066 0.591965 -0.282002 0.31739 0.874112 -0.911066 -1.61632 
0.518321 0.0253799 -0.633373 2.55731 -1.26584 -2.33554 0.591965 -0.282002 0.31739 0.874112 -0.911066 -1.65121 
0.518321 0.0253799 -0.633373 2.55731 -1.26584 -2.37043 0.591965 -0.282002 0.31739 0.874112 -0.911066 -1.6861 
0.518321 0.0253799 -0.633373 2.55731 -1.26584 -2.40532 0.591965 -0.282002 0.31739 0.874112 -0.911066 -1.72099 
0.518321 0.0253799 -0.633373 2.55731 -1.26584 -2.44021 0.591965 -0.282002 0.31739 0.874112 -0.911066 -1.75588 
0.518321 0.0253799 -0.633373 2.55731 -1.26584 -2.4751 0.591965 -0.282002 0.31739 0.874112 -0.911066 -1.79077 
0.518321 0.0253799 -0.633373 2.55731 -1.26584 -2.50999 0.591965 -0.282002 0.31739 0.874112 -0.911066 -1.82566 
0.518321 0.0253799 -0.633373 2.55731 -1.26584 -2.54488 0.591965 -0.282002 0.31739 0.874112 -0.911066 -1.86055 
0.518321 0.0253799 -0.633373 2.55731 -1.26584 -2.57977 0.591965 -0.282002 0.31739 0.874112 -0.911066 -1.89544 
0.518321 0.0253799 -0.633373 2.55731 -1.26584 -2.61466 0.591965 -0.282002 0.31739 0.874112 -0.911066 -1.93032 
0.518321 0.0253799 -0.633373 2.55731 -1.26584 -2.64954 0.591965 -0.282002 0.31739 0.874112 -0.911066 -1.96521 
0.518321 0.0253799 -0.633373 2.55731 -1.26584 -2.68443 0.591965 -0.282002 0.31739 0.874112 -0.911066 -2.0001 
0.518321 0.0253799 -0.633373 2.55731 -1.26584 -2.71932 0.591965 -0.282002 0.31739 0.874112 -0.911066 -2.03499 
0.518321 0.0253799 -0.633373 2.55731 -1.26584 -2.75421 0.591965 -0.282002 0.31739 0.874112 -0.911066 -2.06988 
0.518321 0.0253799 -0.633373 2.55731 -1.26584 -2.7891 0.591965 -0.282002 0.31739 0.874112 -0.911066 -2.10477 
0.518321 0.0253799 -0.633373 2.55731 -1.26584 -2.82399 0.591965 -0.282002 0.31739 0.874112 -0.911066 -2.13966 
0.518321 0.0253799 -0.633373 2.55731 -1.26584 -2.85888 0.591965 -0.282002 0.31739 0.874112 -0.911066 -2.17455 
0.518321 0.0253799 -0.633373 2.55731 -1.26584 -2.89377 0.591965 -0.282002 0.31739 0.874112 -0.911066 -2.20944 
0.518321 0.0253799 -0.633373 2.55731 -1.26584 -2.92866 0.591965 -0.282002 0.31739 0.874112 -0.911066 -2.24432 
0.518321 0.0253799 -0.633373 2.55731 -1.26584 -2.96354 0.591965 -0.282002 0.31739 0.874112 -0.911066 -2.27921 
0.518321 0.0253799 -0.633373 2.55731 -1.26584 -2.99843 0.591965 -0.282002 0.31739 0.874112 -0.911066 -2.3141 
0.518321 0.0253799 -0.633373 2.55731 -1.26584 -3.03332 0.591965 -0.282002 0.31739 0.874112 -0.911066 -2.34899 
0.518321 0.0253799 -0.633373 2.55731 -1.26584 -3.06821 0.591965 -0.282002 0.31739 0.874112 -0.911066 -2.38388 
0.518321 0.0253799 -0.633373 2.55731 -1.26584 -3.1031 0.591965 -0.282002 0.31739 0.874112 -0.911066 -2.41877 
0.518321 0.0253799 -0.633373 2.55731 -1.26584 -3.13799 0.591965 -0.282002 0.31739 0.874112 -0.911066 -2.45366 
0.518321 0.0253799 -0.633373 2.55731 -1.26584 -3.17288 0.591965 -0.282002 0.31739 0.874112 -0.911066 -2.48855 
0.518321 0.0253799 -0.633373 2.55731 -1.26584 -3.20777 0.591965 -0.282002 0.31739 0.874112 -0.911066 -2.52344 
0.518321 0.0253799 -0.633373 2.55731 -1.26584 -3.24266 0.591965 -0.282002 0.31739 0.874112 -0.911066 -2.55832 
0.518321 0.0253799 -0.633373 2.55731 -1.26584 -3.27754 0.591965 -0.282002 0.31739 0.874112 -0.911066 -2.59321 
0.518321 0.0253799 -0.633373 2.55731 -1.26584 -3.31243 0.591965 -0.282002 0.31739 0.874112 -0.911066 -2.6281 
0.518321 0.0253799 -0.633373 2.55731 -1.26584 -3.34732 0.591965 -0.282002 0.31739 0.874112 -0.911066 -2.66299 
0.518321 0.0253799 -0.633373 2.55731 -1.26584 -3.38221 0.591965 -0.282002 0.31739 0.874112 -0.911066 -2.69788 
0.518321 0.0253799 -0.633373 2.55731 -1.26584 -3.4171 0.591965 -0.282002 0.31739 0.874112 -0.911066 -2.73277 
0.518321 0.0253799 -0.633373 2.55731 -1.26584 -3.45199 0.591965 -0.282002 0.31739 0.874112 -0.911066 -2.76766 
0.518321 0.0253799 -0.633373 2.55731 -1.26584 -3.48688 0.591965 -0.282002 0.31739 0.874112 -0.911066 -2.80255 
0.518321 0.0253799 -0.633373 2.55731 -1.26584 -3.52177 0.591965 -0.282002 0.31739 0.874112 -0.911066 -2.83744 
0.518321 0.0253799 -0.633373 2.55731 -1.26584 -3.55666 0.591965 -0.282002 0.31739 0.874112 -0.911066 -2.87232 
0.518321 0.0253799 -0.633373 2.55731 -1.26584 -3.59154 0.591965 -0.282002 0.31739 0.874112 -0.911066 -2.90721 
0.518321 0.0253799 -0.633373 2.55731 -1.26584 -3.62643 0.591965 -0.282002 0.31739 0.874112 -0.911066 -2.9421 
0.518321 0.0253799 -0.633373 2.55731 -1.26584 -3.66132 0.591965 -0.282002 0.31739 0.874112 -0.911066 -2.97699 
0.518321 0.0253799 -0.633373 2.55731 -1.26584 -3.69621 0.591965 -0.282002 0.31739 0.874112 -0.911066 -3.01188 
0.518321 0.0253799 -0.633373 2.55731 -1.26584 -3.7311 0.591965 -0.282002 0.31739 0.874112 -0.911066 -3.04677 
0.518321 0.0253799 -0.633373 2.55731 -1.26584 -3.76599 0.591965 -0.282002 0.31739 0.874112 -0.911066 -3.08166 
0.518321 0.0253799 -0.633373 2.55731 -1.26584 -3.80088 0.591965 -0.282002 0.31739 0.874112 -0.911066 -3.11655 
0.518321 0.0253799 -0.633373 2.55731 -1.26584 -3.83577 0.591965 -0.282002 0.31739 0.874112 -0.911066 -3.15144 
0.518321 0.0253799 -0.633373 2.55731 -1.26584 -3.87066 0.591965 -0.282002 0.31739 0.874112 -0.911066 -3.18632 
0.518321 0.0253799 -0.633373 2.55731 -1.26584 -3.90554 0.591965 -0.282002 0.31739 0.874112 -0.911066 -3.22121 
0.518321 0.0253799 -0.633373 2.55731 -1.26584 -3.94043 0.591965 -0.282002 0.31739 0.874112 -0.911066 -3.2561 
0.518321 0.0253799 -0.633373 2.55731 -1.26584 -3.97532 0.591965 -0.282002 0.31739 0.874112 -0.911066 -3.29099 
0.518321 0.0253799 -0.633373 2.55731 -1.26584 -4.01021 0.591965 -0.282002 0.31739 0.874112 -0.911066 -3.32588 
0.518321 0.0253799 -0.633373 2.55731 -1.26584 -4.0451 0.591965 -0.282002 0.31739 0.874112 -0.911066 -3.36077 
0.518321 0.0253799 -0.633373 2.55731 -1.26584 -4.07999 0.591965 -0.282002 0.31739 0.874112 -0.911066 -3.39566 
0.518321 0.0253799 -0.633373 2.55731 -1.26584 -4.11488 0.591965 -0.282002 0.31739 0.874112 -0.911066 -3.43055 
0.518321 0.0253799 -0.633373 2.55731 -1.26584 -4.14977 0.591965 -0.282002 0.31739 0.874112 -0.911066 -3.46544 
0.518321 0.0253799 -0.633373 2.55731 -1.26584 -4.18466 0.591965 -0.282002 0.31739 0.874112 -0.911066 -3.50032 
0.518321 0.0253799 -0.633373 2.55731 -1.26584 -4.21954 0.591965 -0.282002 0.31739 0.874112 -0.911066 -3.53521 
0.518321 0.0253799 -0.633373 2.55731 -1.26584 -4.25443 0.591965 -0.282002 0.31739 0.874112 -0.911066 -3.5701 
0.518321 0.0253799 -0.633373 2.55731 -1.26584 -4.28932 0.591965 -0.282002 0.31739 0.874112 -0.911066 -3.60499 
0.518321 0.0253799 -0.633373 2.55731 -1.26584 -4.32421 0.591965 -0.282002 0.31739 0.874112 -0.911066 -3.63988 
0.518321 0.0253799 -0.633373 2.55731 -1.26584 -4.3591 0.591965 -0.282002 0.31739 0.874112 -0.911066 -3.67477 
0.518321 0.0253799 -0.633373 2.55731 -1.26584 -4.39399 0.591965 -0.282002 0.31739 0.874112 -0.911066 -3.70966 
0.518321 0.0253799 -0.633373 2.55731 -1.26584 -4.42888 0.591965 -0.282002 0.31739 0.874112 -0.911066 -3.74455 
0.518321 0.0253799 -0.633373 2.55731 -1.26584 -4.46377 0.591965 -0.282002 0.31739 0.874112 -0.911066 -3.77944 
0.518321 0.0253799 -0.633373 2.55731 -1.26584 -4.49866 0.591965 -0.282002 0.31739 0.874112 -0.911066 -3.81432 
0.518321 0.0253799 -0.633373 2.55731 -1.26584 -4.53354 0.591965 -0.282002 0.31739 0.874112 -0.911066 -3.84921 
0.518321 0.0253799 -0.633373 2.55731 -1.26584 -4.56843 0.591965 -0.282002 0.31739 0.874112 -0.911066 -3.8841 
0.518321 0.0253799 -0.633373 2.55731 -1.26584 -4.60332 0.591965 -0.282002 0.31739 0.874112 -0.911066 -3.91899 
0.518321 0.0253799 -0.633373 2.55731 -1.26584 -4.63821 0.591965 -0.282002 0.31739 0.874112 -0.911066 -3.95388 
0.518321 0.0253799 -0.633373 2.55731 -1.26584 -4.6731 0.591965 -0.282002 0.31739 0.874112 -0.911066 -3.98877 
0.518321 0.0253799 -0.633373 2.55731 -1.26584 -4.70799 0.591965 -0.282002 0.31739 0.874112 -0.911066 -4.02366 
0.518321 0.0253799 -0.633373 2.55731 -1.26584 -4.74288 0.591965 -0.282002 0.31739 0.874112 -0.911066 -4.05855 
0.518321 0.0253799 -0.633373 2.55731 -1.26584 -4.77777 0.591965 -0.282002 0.31739 0.874112 -0.911066 -4.09344 
0.518321 0.0253799 -0.633373 2.55731 -1.26584 -4.81266 0.591965 -0.282002 0.31739 0.874112 -0.911066 -4.12832 
0.518321 0.0253799 -0.633373 2.55731 -1.26584 -4.84754 0.591965 -0.282002 0.31739 0.874112 -0.911066 -4.16321 
0.518321 0.0253799 -0.633373 2.55731 -1.26584 -4.88243 0.591965 -0.282002 0.31739 0.874112 -0.911066 -4.1981 
0.518321 0.0253799 -0.633373 2.55731 -1.26584 -4.91732 0.591965 -0.282002 0.31739 0.874112 -0.911066 -4.23299 
0.518321 0.0253799 -0.633373 2.55731 -1.26584 -4.95221 0.591965 -0.282002 0.31739 0.874112 -0.911066 -4.26788 
0.518321 0.0253799 -0.633373 2.55731 -1.26584 -4.9871 0.591965 -0.282002 0.31739 0.874112 -0.911066 -4.30277 
0.518321 0.0253799 -0.633373 2.55731 -1.26584 -5.02199 0.591965 -0.282002 0.31739 0.874112 -0.911066 -4.33766 
0.518321 0.0253799 -0.633373 2.55731 -1.26584 -5.05688 0.591965 -0.282002 0.31739 0.874112 -0.911066 -4.37255 
0.518321 0.0253799 -0.633373 2.55731 -1.26584 -5.09177 0.591965 -0.282002 0.31739 0.874112 -0.911066 -4.40744 
0.518321 0.0253799 -0.633373 2.55731 -1.26584 -5.12666 0.591965 -0.282002 0.31739 0.874112 -0.911066 -4.44232 
0.518321 0.0253799 -0.633373 2.55731 -1.26584 -5.16154 0.591965 -0.282002 0.31739 0.874112 -0.911066 -4.47721 
0.518321 0.0253799 -0.633373 2.55731 -1.26584 -5.19643 0.591965 -0.282002 0.31739 0.874112 -0.911066 -4.5121 
0.518321 0.0253799 -0.633373 2.55731 -1.26584 -5.23132 0.591965 -0.282002 0.31739 0.874112 -0.911066 -4.54699 
0.518321 0.0253799 -0.633373 2.55731 -1.26584 -5.26621 0.591965 -0.282002 0.31739 0.874112 -0.911066 -4.58188 
0.518321 0.0253799 -0.633373 2.55731 -1.26584 -5.3011 0.591965 -0.282002 0.31739 0.874112 -0.911066 -4.61677 
0.518321 0.0253799 -0.633373 2.55731 -1.26584 -5.33599 0.591965 -0.282002 0.31739 0.874112 -0.911066 -4.65166 
0.518321 0.0253799 -0.633373 2.55731 -1.26584 -5.37088 0.591965 -0.282002 0.31739 0.874112 -0.911066 -4.68655 
0.518321 0.0253799 -0.633373 2.55731 -1.26584 -5.40577 0.591965 -0.282002 0.31739 0.874112 -0.911066 -4.72144 
0.518321 0.0253799 -0.633373 2.55731 -1.26584 -5.44066 0.591965 -0.282002 0.31739 0.874112 -0.911066 -4.75632 
0.518321 0.0253799 -0.633373 2.55731 -1.26584 -5.47554 0.591965 -0.282002 0.31739 0.874112 -0.911066 -4.79121 
0.518321 0.0253799 -0.633373 2.55731 -1.26584 -5.51043 0.591965 -0.282002 0.31739 0.874112 -0.911066 -4.8261 
0.518321 0.0253799 -0.633373 2.55731 -1.26584 -5.54532 0.591965 -0.282002 0.31739 0.874112 -0.911066 -4.86099 
0.518321 0.0253799 -0.633373 2.55731 -1.26584 -5.58021 0.591965 -0.282002 0.31739 0.874112 -0.911066 -4.89588 
0.518321 0.0253799 -0.633373 2.55731 -1.26584 -5.6151 0.591965 -0.282002 0.31739 0.874112 -0.911066 -4.93077 
0.518321 0.0253799 -0.633373 2.55731 -1.26584 -5.64999 0.591965 -0.282002 0.31739 0.874112 -0.911066 -4.96566 
0.518321 0.0253799 -0.633373 2.55731 -1.26584 -5.68488 0.591965 -0.282002 0.31739 0.874112 -0.911066 -5.00055 
0.518321 0.0253799 -0.633373 2.55731 -1.26584 -5.71977 0.591965 -0.282002 0.31739 0.874112 -0.911066 -5.03544 
0.518321 0.0253799 -0.633373 2.55731 -1.26584 -5.75466 0.591965 -0.282002 0.31739 0.874112 -0.911066 -5.07032 
0.518321 0.0253799 -0.633373 2.55731 -1.26584 -5.78954 0.591965 -0.282002 0.31739 0.874112 -0.911066 -5.10521 
0.518321 0.0253799 -0.633373 2.55731 -1.26584 -5.82443 0.591965 -0.282002 0.31739 0.874112 -0.911066 -5.1401 
0.518321 0.0253799 -0.633373 2.55731 -1.26584 -5.85932 0.591965 -0.282002 0.31739 0.874112 -0.911066 -5.17499 
0.518321 0.0253799 -0.633373 2.55731 -1.26584 -5.89421 0.591965 -0.282002 0.31739 0.874112 -0.911066 -5.20988 
0.518321 0.0253799 -0.633373 2.55731 -1.26584 -5.9291 0.591965 -0.282002 0.31739 0.874112 -0.911066 -5.24477 
0.518321 0.0253799 -0.633373 2.55731 -1.26584 -5.96399 0.591965 -0.282002 0.31739 0.874112 -0.911066 -5.27966 
0.518321 0.0253799 -0.633373 2.55731 -1.26584 -5.99888 0.591965 -0.282002 0.31739 0.874112 -0.911066 -5.31455 
0.518321 0.0253799 -0.633373 2.55731 -1.26584 -6.03377 0.591965 -0.282002 0.31739 0.874112 -0.911066 -5.34944 
0.518321 0.0253799 -0.633373 2.55731 -1.26584 -6.06866 0.591965 -0.282002 0.31739 0.874112 -0.911066 -5.38432 
0.518321 0.0253799 -0.633373 2.55731 -1.26584 -6.10354 0.591965 -0.282002 0.31739 0.874112 -0.911066 -5.41921 
0.518321 0.0253799 -0.633373 2.55731 -1.26584 -6.13843 0.591965 -0.282002 0.31739 0.874112 -0.911066 -5.4541 
0.518321 0.0253799 -0.633373 2.55731 -1.26584 -6.17332 0.591965 -0.282002 0.31739 0.874112 -0.911066 -5.48899 
0.518321 0.0253799 -0.633373 2.55731 -1.26584 -6.20821 0.591965 -0.282002 0.31739 0.874112 -0.911066 -5.52388 
0.518321 0.0253799 -0.633373 2.55731 -1.26584 -6.2431 0.591965 -0.282002 0.31739 0.874112 -0.911066 -5.55877 
0.518321 0.0253799 -0.633373 2.55731 -1.26584 -6.27799 0.591965 -0.282002 0.31739 0.874112 -0.911066 -5.59366 
0.518321 0.0253799 -0.633373 2.55731 -1.26584 -6.31288 0.591965 -0.282002 0.31739 0.874112 -0.911066 -5.62855 
0.518321 0.0253799 -0.633373 2.55731 -1.26584 -6.34777 0.591965 -0.282002 0.31739 0.874112 -0.911066 -5.66344 
0.518321 0.0253799 -0.633373 2.55731 -1.26584 -6.38266 0.591965 -0.282002 0.31739 0.874112 -0.911066 -5.69832 
0.518321 0.0253799 -0.633373 2.55731 -1.26584 -6.41754 0.591965 -0.282002 0.31739 0.874112 -0.911066 -5.73321 
0.518321 0.0253799 -0.633373 2.55731 -1.26584 -6.45243 0.591965 -0.282002 0.31739 0.874112 -0.911066 -5.7681 
0.518321 0.0253799 -0.633373 2.55731 -1.26584 -6.48732 0.591965 -0.282002 0.31739 0.874112 -0.911066 -5.80299 
0.518321 0.0253799 -0.633373 2.55731 -1.26584 -6.52221 0.591965 -0.282002 0.31739 0.874112 -0.911066 -5.83788 
0.518321 0.0253799 -0.633373 2.55731 -1.26584 -6.5571 0.591965 -0.282002 0.31739 0.874112 -0.911066 -5.87277 
0.518321 0.0253799 -0.633373 2.55731 -1.26584 -6.59199 0.591965 -0.282002 0.31739 0.874112 -0.911066 -5.90766 
0.518321 0.0253799 -0.633373 2.55731 -1.26584 -6.62688 0.591965 -0.282002 0.31739 0.874112 -0.911066 -5.94255 
0.518321 0.0253799 -0.633373 2.55731 -1.26584 -6.66177 0.591965 -0.282002 0.31739 0.874112 -0.911066 -5.97744 
0.518321 0.0253799 -0.633373 2.55731 -1.26584 -6.69666 0.591965 -0.282002 0.31739 0.874112 -0.911066 -6.01232 
0.518321 0.0253799 -0.633373 2.55731 -1.26584 -6.73154 0.591965 -0.282002 0.31739 0.874112 -0.911066 -6.04721 
0.518321 0.0253799 -0.633373 2.55731 -1.26584 -6.76643 0.591965 -0.282002 0.31739 0.874112 -0.911066 -6.0821 
0.518321 0.0253799 -0.633373 2.55731 -1.26584 -6.80132 0.591965 -0.282002 0.31739 0.874112 -0.911066 -6.11699 
0.518321 0.0253799 -0.633373 2.55731 -1.26584 -6.83621 0.591965 -0.282002 0.31739 0.874112 -0.911066 -6.15188 
0.518321 0.0253799 -0.633373 2.55731 -1.26584 -6.8711 0.591965 -0.282002 0.31739 0.874112 -0.911066 -6.18677 
0.518321 0.0253799 -0.633373 2.55731 -1.26584 -6.90599 0.591965 -0.282002 0.31739 0.874112 -0.911066 -6.22166 
0.518321 0.0253799 -0.633373 2.55731 -1.26584 -6.94088 0.591965 -0.282002 0.31739 0.874112 -0.911066 -6.25655 
0.518321 0.0253799 -0.633373 2.55731 -1.26584 -6.90599 0.591965 -0.282002 0.31739 0.874112 -0.911066 -6.29144 
0.518321 0.0253799 -0.633373 2.55731 -1.26584 -6.90599 0.591965 -0.282002 0.31739 0.874112 -0.911066 -6.32632 
0.518321 0.0253799 -0.633373 2.55731 -1.26584 -6.90599 0.591965 -0.282002 0.31739 0.874112 -0.911066 -6.36121 
0.518321 0.0253799 -0.633373 2.55731 -1.26584 -6.90599 0.591965 -0.282002 0.31739 0.874112 -0.911066 -6.3961 
0.518321 0.0253799 -0.633373 2.55731 -1.26584 -6.90599 0.591965 -0.282002 0.31739 0.874112 -0.911066 -6.43099 
0.518321 0.0253799 -0.633373 2.55731 -1.26584 -6.90599 0.591965 -0.282002 0.31739 0.874112 -0.911066 -6.46588 
0.518321 0.0253799 -0.633373 2.55731 -1.26584 -6.90599 0.591965 -0.282002 0.31739 0.874112 -0.911066 -6.50077 
0.518321 0.0253799 -0.633373 2.55731 -1.26584 -6.90599 0.591965 -0.282002 0.31739 0.874112 -0.911066 -6.53566 
0.518321 0.0253799 -0.633373 2.55731 -1.26584 -6.90599 0.591965 -0.282002 0.31739 0.874112 -0.911066 -6.57055 
0.518321 0.0253799 -0.633373 2.55731 -1.26584 -6.90599 0.591965 -0.282002 0.31739 0.874112 -0.911066 -6.60544 
0.518321 0.0253799 -0.633373 2.55731 -1.26584 -6.90599 0.591965 -0.282002 0.31739 0.874112 -0.911066 -6.64032 
0.518321 0.0253799 -0.633373 2.55731 -1.26584 -6.90599 0.591965 -0.282002 0.31739 0.874112 -0.911066 -6.67521 
0.518321 0.0253799 -0.633373 2.55731 -1.26584 -6.90599 0.591965 -0.282002 0.31739 0.874112 -0.911066 -6.7101 
0.518321 0.0253799 -0.633373 2.55731 -1.26584 -6.90599 0.591965 -0.282002 0.31739 0.874112 -0.911066 -6.74499 
0.518321 0.0253799 -0.633373 2.55731 -1.26584 -6.90599 0.591965 -0.282002 0.31739 0.874112 -0.911066 -6.77988 
0.518321 0.0253799 -0.633373 2.55731 -1.26584 -6.90599 0.591965 -0.282002 0.31739 0.874112 -0.911066 -6.81477 
0.518321 0.0253799 -0.633373 2.55731 -1.26584 -6.90599 0.591965 -0.282002 0.31739 0.874112 -0.911066 -6.84966 
0.518321 0.0253799 -0.633373 2.55731 -1.26584 -6.90599 0.591965 -0.282002 0.31739 0.874112 -0.911066 -6.88455 
0.518321 0.0253799 -0.633373 2.55731 -1.26584 -6.90599 0.591965 -0.282002 0.31739 0.874112 -0.911066 -6.91944 

