0 0.264091 -0.140898 -0 -1.69399 2.98452 0.0318262 0.256964 -0.125467 -0.00299456 -1.71539 2.89749 
0.0676874 0.19472 -0.0829977 0.06126 -1.68596 2.89253 0.00475825 0.226233 -0.175463 -0.0580204 -1.52365 2.88732 
0.135375 0.125348 -0.0250973 0.12252 -1.67793 2.80053 -0.004786 0.213769 -0.239471 -0.10839 -1.34235 2.86712 
0.203062 0.055977 0.032803 0.18378 -1.6699 2.70854 0.00475413 0.214194 -0.307004 -0.14864 -1.17439 2.83033 
0.27075 -0.0133944 0.0907034 0.24504 -1.66187 2.61654 0.0334391 0.222771 -0.368938 -0.169892 -1.02253 2.76844 
0.338437 -0.0827657 0.148604 0.3063 -1.65384 2.52455 0.0798404 0.236193 -0.418442 -0.159317 -0.890911 2.67072 
0.406124 -0.152137 0.206504 0.36756 -1.64581 2.43255 0.141076 0.253216 -0.452199 -0.10195 -0.786347 2.52621 
0.473812 -0.221508 0.264404 0.42882 -1.63778 2.34056 0.212989 0.274886 -0.471332 0.011456 -0.718786 2.33131 
0.541499 -0.29088 0.322305 0.49008 -1.62975 2.24857 0.290632 0.304 -0.4812 0.17091 -0.698142 2.10243 
0.609187 -0.360251 0.380205 0.55134 -1.62172 2.15657 0.369031 0.343849 -0.489862 0.344937 -0.72682 1.87702 
0.676874 -0.429622 0.438105 0.6126 -1.61369 2.06458 0.444002 0.396751 -0.505875 0.503385 -0.795396 1.68964 
0.744561 -0.498994 0.496006 0.67386 -1.60566 1.97258 0.512677 0.46294 -0.536218 0.63658 -0.887571 1.55227 
0.812249 -0.568365 0.553906 0.73512 -1.59764 1.88059 0.573589 0.540019 -0.584591 0.749954 -0.987667 1.45973 
0.879936 -0.637737 0.611807 0.79638 -1.58961 1.78859 0.626383 0.622735 -0.649822 0.852326 -1.08431 1.40211 
0.947623 -0.707108 0.669707 0.85764 -1.58158 1.6966 0.671358 0.702495 -0.723688 0.950312 -1.17107 1.37191 
1.01531 -0.776479 0.727607 0.9189 -1.57355 1.60461 0.708986 0.765969 -0.787455 1.04739 -1.24573 1.36751 
1.083 -0.845851 0.785508 0.98016 -1.56552 1.51261 0.73947 0.794253 -0.810109 1.14487 -1.30772 1.39458 
1.15069 -0.915222 0.843408 1.04142 -1.55749 1.42062 0.762308 0.769846 -0.761841 1.24388 -1.35225 1.46013 
1.21837 -0.984593 0.901308 1.10268 -1.54946 1.32862 0.77578 0.690072 -0.639972 1.34539 -1.3663 1.55896 
1.28606 -1.05396 0.959209 1.16394 -1.54143 1.23663 0.77613 0.564806 -0.465489 1.44676 -1.33462 1.67235 
1.35375 -1.12334 1.01711 1.2252 -1.5334 1.14463 0.756061 0.405003 -0.261872 1.54273 -1.24584 1.77681 
1.42144 -1.19271 1.07501 1.28646 -1.52537 1.05264 0.701786 0.220324 -0.0493959 1.63327 -1.0907 1.84677 
1.48912 -1.26208 1.13291 1.34772 -1.51734 0.960645 0.587691 0.0247928 0.150683 1.73971 -0.855432 1.84475 
1.55681 -1.33145 1.19081 1.40898 -1.50931 0.868651 0.372405 -0.149108 0.310039 1.97457 -0.524258 1.6538 
1.61476 -1.12811 0.970308 1.53652 -1.60093 0.818231 0.378842 -0.122627 0.272847 2.01082 -0.548885 1.66202 
1.52747 -0.953461 0.764365 1.67416 -1.56363 0.764801 0.385283 -0.096139 0.235648 2.04706 -0.573519 1.67024 
1.42033 -0.794298 0.572383 1.80676 -1.52343 0.696642 0.391725 -0.0696504 0.19845 2.08331 -0.598152 1.67846 
1.32304 -0.645542 0.393724 1.92786 -1.50773 0.625716 0.398167 -0.0431619 0.161252 2.11955 -0.622786 1.68668 
1.24029 -0.505484 0.227832 2.03401 -1.51631 0.561773 0.404609 -0.0166734 0.124053 2.1558 -0.64742 1.6949 
1.17026 -0.373539 0.074253 2.12462 -1.5422 0.509515 0.41105 0.00981514 0.086855 2.19204 -0.672054 1.70312 
1.11002 -0.249485 -0.0673617 2.20111 -1.57827 0.470077 0.417492 0.0363037 0.0496567 2.22829 -0.696687 1.71134 
1.05694 -0.133218 -0.19727 2.26581 -1.61883 0.442762 0.423934 0.0627922 0.0124583 2.26453 -0.721321 1.71956 
1.00893 -0.0246827 -0.315651 2.32119 -1.65973 0.426171 0.430375 0.0892807 -0.02474 2.30078 -0.745955 1.72778 
0.964398 0.0761561 -0.422636 2.36952 -1.69805 0.418763 0.436817 0.115769 -0.0619383 2.33702 -0.770589 1.736 
0.922143 0.169329 -0.518341 2.41273 -1.73178 0.419068 0.443259 0.142258 -0.0991367 2.37327 -0.795222 1.74423 
0.881256 0.254887 -0.602929 2.45237 -1.75957 0.425737 0.449701 0.168746 -0.136335 2.40951 -0.819856 1.75245 
0.841042 0.332942 -0.676691 2.48965 -1.78056 0.437507 0.456142 0.195235 -0.173533 2.44576 -0.84449 1.76067 
0.800968 0.403714 -0.740144 2.52549 -1.79431 0.453155 0.462584 0.221723 -0.210732 2.482 -0.869124 1.76889 
0.760626 0.46759 -0.79414 2.56055 -1.80077 0.471449 0.469026 0.248212 -0.24793 2.51825 -0.893757 1.77711 
0.719701 0.525173 -0.839955 2.59532 -1.80026 0.49113 0.475467 0.2747 -0.285128 2.55449 -0.918391 1.78533 
0.677955 0.577305 -0.87933 2.63018 -1.79345 0.51093 0.481909 0.301189 -0.322327 2.59074 -0.943025 1.79355 
0.635209 0.62507 -0.91446 2.66549 -1.7814 0.529606 0.488351 0.327677 -0.359525 2.62698 -0.967659 1.80177 
0.591333 0.669776 -0.947959 2.70165 -1.76546 0.545992 0.494793 0.354166 -0.396723 2.66323 -0.992292 1.80999 
0.546231 0.712985 -0.982887 2.73916 -1.74736 0.55904 0.501234 0.380654 -0.433922 2.69947 -1.01693 1.81821 
0.499838 0.756673 -1.02303 2.77863 -1.72929 0.567831 0.507676 0.407143 -0.47112 2.73572 -1.04156 1.82643 
0.503327 0.767934 -1.02525 2.76425 -1.71028 0.686805 0.510546 0.399377 -0.438577 2.7179 -1.01306 1.85058 
0.506817 0.779179 -1.02743 2.74986 -1.69126 0.805787 0.508455 0.402522 -0.432573 2.71525 -1.00417 1.86583 
0.510308 0.790425 -1.0296 2.73548 -1.67224 0.924768 0.502417 0.416236 -0.451229 2.72505 -1.01299 1.87505 
0.513798 0.80167 -1.03178 2.7211 -1.65321 1.04375 0.49324 0.441214 -0.494252 2.74384 -1.0385 1.88159 
0.513798 0.80167 -1.03178 2.7211 -1.65321 1.00886 0.49324 0.441214 -0.494252 2.74384 -1.0385 1.8467 
0.513798 0.80167 -1.03178 2.7211 -1.65321 0.973972 0.49324 0.441214 -0.494252 2.74384 -1.0385 1.81181 
0.513798 0.80167 -1.03178 2.7211 -1.65321 0.939083 0.49324 0.441214 -0.494252 2.74384 -1.0385 1.77692 
0.513798 0.80167 -1.03178 2.7211 -1.65321 0.904194 0.49324 0.441214 -0.494252 2.74384 -1.0385 1.74203 
0.513798 0.80167 -1.03178 2.7211 -1.65321 0.869306 0.49324 0.441214 -0.494252 2.74384 -1.0385 1.70715 
0.513798 0.80167 -1.03178 2.7211 -1.65321 0.834417 0.49324 0.441214 -0.494252 2.74384 -1.0385 1.67226 
0.513798 0.80167 -1.03178 2.7211 -1.65321 0.799528 0.49324 0.441214 -0.494252 2.74384 -1.0385 1.63737 
0.513798 0.80167 -1.03178 2.7211 -1.65321 0.764639 0.49324 0.441214 -0.494252 2.74384 -1.0385 1.60248 
0.513798 0.80167 -1.03178 2.7211 -1.65321 0.72975 0.49324 0.441214 -0.494252 2.74384 -1.0385 1.56759 
0.513798 0.80167 -1.03178 2.7211 -1.65321 0.694861 0.49324 0.441214 -0.494252 2.74384 -1.0385 1.5327 
0.513798 0.80167 -1.03178 2.7211 -1.65321 0.659972 0.49324 0.441214 -0.494252 2.74384 -1.0385 1.49781 
0.513798 0.80167 -1.03178 2.7211 -1.65321 0.625083 0.49324 0.441214 -0.494252 2.74384 -1.0385 1.46292 
0.513798 0.80167 -1.03178 2.7211 -1.65321 0.590194 0.49324 0.441214 -0.494252 2.74384 -1.0385 1.42803 
0.513798 0.80167 -1.03178 2.7211 -1.65321 0.555306 0.49324 0.441214 -0.494252 2.74384 -1.0385 1.39315 
0.513798 0.80167 -1.03178 2.7211 -1.65321 0.520417 0.49324 0.441214 -0.494252 2.74384 -1.0385 1.35826 
0.513798 0.80167 -1.03178 2.7211 -1.65321 0.485528 0.49324 0.441214 -0.494252 2.74384 -1.0385 1.32337 
0.513798 0.80167 -1.03178 2.7211 -1.65321 0.450639 0.49324 0.441214 -0.494252 2.74384 -1.0385 1.28848 
0.513798 0.80167 -1.03178 2.7211 -1.65321 0.41575 0.49324 0.441214 -0.494252 2.74384 -1.0385 1.25359 
0.513798 0.80167 -1.03178 2.7211 -1.65321 0.380861 0.49324 0.441214 -0.494252 2.74384 -1.0385 1.2187 
0.513798 0.80167 -1.03178 2.7211 -1.65321 0.345972 0.49324 0.441214 -0.494252 2.74384 -1.0385 1.18381 
0.513798 0.80167 -1.03178 2.7211 -1.65321 0.311083 0.49324 0.441214 -0.494252 2.74384 -1.0385 1.14892 
0.513798 0.80167 -1.03178 2.7211 -1.65321 0.276194 0.49324 0.441214 -0.494252 2.74384 -1.0385 1.11403 
0.513798 0.80167 -1.03178 2.7211 -1.65321 0.241306 0.49324 0.441214 -0.494252 2.74384 -1.0385 1.07915 
0.513798 0.80167 -1.03178 2.7211 -1.65321 0.206417 0.49324 0.441214 -0.494252 2.74384 -1.0385 1.04426 
0.513798 0.80167 -1.03178 2.7211 -1.65321 0.171528 0.49324 0.441214 -0.494252 2.74384 -1.0385 1.00937 
0.513798 0.80167 -1.03178 2.7211 -1.65321 0.136639 0.49324 0.441214 -0.494252 2.74384 -1.0385 0.974479 
0.513798 0.80167 -1.03178 2.7211 -1.65321 0.10175 0.49324 0.441214 -0.494252 2.74384 -1.0385 0.93959 
0.513798 0.80167 -1.03178 2.7211 -1.65321 0.0668611 0.49324 0.441214 -0.494252 2.74384 -1.0385 0.904701 
0.513798 0.80167 -1.03178 2.7211 -1.65321 0.0319722 0.49324 0.441214 -0.494252 2.74384 -1.0385 0.869812 
0.513798 0.80167 -1.03178 2.7211 -1.65321 -0.00291667 0.49324 0.441214 -0.494252 2.74384 -1.0385 0.834923 
0.513798 0.80167 -1.03178 2.7211 -1.65321 -0.0378056 0.49324 0.441214 -0.494252 2.74384 -1.0385 0.800034 
0.513798 0.80167 -1.03178 2.7211 -1.65321 -0.0726944 0.49324 0.441214 -0.494252 2.74384 -1.0385 0.765146 
0.513798 0.80167 -1.03178 2.7211 -1.65321 -0.107583 0.49324 0.441214 -0.494252 2.74384 -1.0385 0.730257 
0.513798 0.80167 -1.03178 2.7211 -1.65321 -0.142472 0.49324 0.441214 -0.494252 2.74384 -1.0385 0.695368 
0.513798 0.80167 -1.03178 2.7211 -1.65321 -0.177361 0.49324 0.441214 -0.494252 2.74384 -1.0385 0.660479 
0.513798 0.80167 -1.03178 2.7211 -1.65321 -0.21225 0.49324 0.441214 -0.494252 2.74384 -1.0385 0.62559 
0.513798 0.80167 -1.03178 2.7211 -1.65321 -0.247139 0.49324 0.441214 -0.494252 2.74384 -1.0385 0.590701 
0.513798 0.80167 -1.03178 2.7211 -1.65321 -0.282028 0.49324 0.441214 -0.494252 2.74384 -1.0385 0.555812 
0.513798 0.80167 -1.03178 2.7211 -1.65321 -0.316917 0.49324 0.441214 -0.494252 2.74384 -1.0385 0.520923 
0.513798 0.80167 -1.03178 2.7211 -1.65321 -0.351806 0.49324 0.441214 -0.494252 2.74384 -1.0385 0.486034 
0.513798 0.80167 -1.03178 2.7211 -1.65321 -0.386694 0.49324 0.441214 -0.494252 2.74384 -1.0385 0.451146 
0.513798 0.80167 -1.03178 2.7211 -1.65321 -0.421583 0.49324 0.441214 -0.494252 2.74384 -1.0385 0.416257 
0.513798 0.80167 -1.03178 2.7211 -1.65321 -0.456472 0.49324 0.441214 -0.494252 2.74384 -1.0385 0.381368 
0.513798 0.80167 -1.03178 2.7211 -1.65321 -0.491361 0.49324 0.441214 -0.494252 2.74384 -1.0385 0.346479 
0.513798 0.80167 -1.03178 2.7211 -1.65321 -0.52625 0.49324 0.441214 -0.494252 2.74384 -1.0385 0.31159 
0.513798 0.80167 -1.03178 2.7211 -1.65321 -0.561139 0.49324 0.441214 -0.494252 2.74384 -1.0385 0.276701 
0.513798 0.80167 -1.03178 2.7211 -1.65321 -0.596028 0.49324 0.441214 -0.494252 2.74384 -1.0385 0.241812 
0.513798 0.80167 -1.03178 2.7211 -1.65321 -0.630917 0.49324 0.441214 -0.494252 2.74384 -1.0385 0.206923 
0.513798 0.80167 -1.03178 2.7211 -1.65321 -0.665806 0.49324 0.441214 -0.494252 2.74384 -1.0385 0.172034 
0.513798 0.80167 -1.03178 2.7211 -1.65321 -0.700694 0.49324 0.441214 -0.494252 2.74384 -1.0385 0.137146 
0.513798 0.80167 -1.03178 2.7211 -1.65321 -0.735583 0.49324 0.441214 -0.494252 2.74384 -1.0385 0.102257 
0.513798 0.80167 -1.03178 2.7211 -1.65321 -0.770472 0.49324 0.441214 -0.494252 2.74384 -1.0385 0.0673678 
0.513798 0.80167 -1.03178 2.7211 -1.65321 -0.805361 0.49324 0.441214 -0.494252 2.74384 -1.0385 0.0324789 
0.513798 0.80167 -1.03178 2.7211 -1.65321 -0.84025 0.49324 0.441214 -0.494252 2.74384 -1.0385 -0.00241 
0.513798 0.80167 -1.03178 2.7211 -1.65321 -0.875139 0.49324 0.441214 -0.494252 2.74384 -1.0385 -0.0372989 
0.513798 0.80167 -1.03178 2.7211 -1.65321 -0.910028 0.49324 0.441214 -0.494252 2.74384 -1.0385 -0.0721878 
0.513798 0.80167 -1.03178 2.7211 -1.65321 -0.944917 0.49324 0.441214 -0.494252 2.74384 -1.0385 -0.107077 
0.513798 0.80167 -1.03178 2.7211 -1.65321 -0.979806 0.49324 0.441214 -0.494252 2.74384 -1.0385 -0.141966 
0.513798 0.80167 -1.03178 2.7211 -1.65321 -1.01469 0.49324 0.441214 -0.494252 2.74384 -1.0385 -0.176854 
0.513798 0.80167 -1.03178 2.7211 -1.65321 -1.04958 0.49324 0.441214 -0.494252 2.74384 -1.0385 -0.211743 
0.513798 0.80167 -1.03178 2.7211 -1.65321 -1.08447 0.49324 0.441214 -0.494252 2.74384 -1.0385 -0.246632 
0.513798 0.80167 -1.03178 2.7211 -1.65321 -1.11936 0.49324 0.441214 -0.494252 2.74384 -1.0385 -0.281521 
0.513798 0.80167 -1.03178 2.7211 -1.65321 -1.15425 0.49324 0.441214 -0.494252 2.74384 -1.0385 -0.31641 
0.513798 0.80167 -1.03178 2.7211 -1.65321 -1.18914 0.49324 0.441214 -0.494252 2.74384 -1.0385 -0.351299 
0.513798 0.80167 -1.03178 2.7211 -1.65321 -1.22403 0.49324 0.441214 -0.494252 2.74384 -1.0385 -0.386188 
0.513798 0.80167 -1.03178 2.7211 -1.65321 -1.25892 0.49324 0.441214 -0.494252 2.74384 -1.0385 -0.421077 
0.513798 0.80167 -1.03178 2.7211 -1.65321 -1.29381 0.49324 0.441214 -0.494252 2.74384 -1.0385 -0.455966 
0.513798 0.80167 -1.03178 2.7211 -1.65321 -1.32869 0.49324 0.441214 -0.494252 2.74384 -1.0385 -0.490854 
0.513798 0.80167 -1.03178 2.7211 -1.65321 -1.36358 0.49324 0.441214 -0.494252 2.74384 -1.0385 -0.525743 
0.513798 0.80167 -1.03178 2.7211 -1.65321 -1.39847 0.49324 0.441214 -0.494252 2.74384 -1.0385 -0.560632 
0.513798 0.80167 -1.03178 2.7211 -1.65321 -1.43336 0.49324 0.441214 -0.494252 2.74384 -1.0385 -0.595521 
0.513798 0.80167 -1.03178 2.7211 -1.65321 -1.46825 0.49324 0.441214 -0.494252 2.74384 -1.0385 -0.63041 
0.513798 0.80167 -1.03178 2.7211 -1.65321 -1.50314 0.49324 0.441214 -0.494252 2.74384 -1.0385 -0.665299 
0.513798 0.80167 -1.03178 2.7211 -1.65321 -1.53803 0.49324 0.441214 -0.494252 2.74384 -1.0385 -0.700188 
0.513798 0.80167 -1.03178 2.7211 -1.65321 -1.57292 0.49324 0.441214 -0.494252 2.74384 -1.0385 -0.735077 
0.513798 0.80167 -1.03178 2.7211 -1.65321 -1.60781 0.49324 0.441214 -0.494252 2.74384 -1.0385 -0.769966 
0.513798 0.80167 -1.03178 2.7211 -1.65321 -1.64269 0.49324 0.441214 -0.494252 2.74384 -1.0385 -0.804854 
0.513798 0.80167 -1.03178 2.7211 -1.65321 -1.67758 0.49324 0.441214 -0.494252 2.74384 -1.0385 -0.839743 
0.513798 0.80167 -1.03178 2.7211 -1.65321 -1.71247 0.49324 0.441214 -0.494252 2.74384 -1.0385 -0.874632 
0.513798 0.80167 -1.03178 2.7211 -1.65321 -1.74736 0.49324 0.441214 -0.494252 2.74384 -1.0385 -0.909521 
0.513798 0.80167 -1.03178 2.7211 -1.65321 -1.78225 0.49324 0.441214 -0.494252 2.74384 -1.0385 -0.94441 
0.513798 0.80167 -1.03178 2.7211 -1.65321 -1.81714 0.49324 0.441214 -0.494252 2.74384 -1.0385 -0.979299 
0.513798 0.80167 -1.03178 2.7211 -1.65321 -1.85203 0.49324 0.441214 -0.494252 2.74384 -1.0385 -1.01419 
0.513798 0.80167 -1.03178 2.7211 -1.65321 -1.88692 0.49324 0.441214 -0.494252 2.74384 -1.0385 -1.04908 
0.513798 0.80167 -1.03178 2.7211 -1.65321 -1.92181 0.49324 0.441214 -0.494252 2.74384 -1.0385 -1.08397 
0.513798 0.80167 -1.03178 2.7211 -1.65321 -1.95669 0.49324 0.441214 -0.494252 2.74384 -1.0385 -1.11885 
0.513798 0.80167 -1.03178 2.7211 -1.65321 -1.99158 0.49324 0.441214 -0.494252 2.74384 -1.0385 -1.15374 
0.513798 0.80167 -1.03178 2.7211 -1.65321 -2.02647 0.49324 0.441214 -0.494252 2.74384 -1.0385 -1.18863 
0.513798 0.80167 -1.03178 2.7211 -1.65321 -2.06136 0.49324 0.441214 -0.494252 2.74384 -1.0385 -1.22352 
0.513798 0.80167 -1.03178 2.7211 -1.65321 -2.09625 0.49324 0.441214 -0.494252 2.74384 -1.0385 -1.25841 
0.513798 0.80167 -1.03178 2.7211 -1.65321 -2.13114 0.49324 0.441214 -0.494252 2.74384 -1.0385 -1.2933 
0.513798 0.80167 -1.03178 2.7211 -1.65321 -2.16603 0.49324 0.441214 -0.494252 2.74384 -1.0385 -1.32819 
0.513798 0.80167 -1.03178 2.7211 -1.65321 -2.20092 0.49324 0.441214 -0.494252 2.74384 -1.0385 -1.36308 
0.513798 0.80167 -1.03178 2.7211 -1.65321 -2.23581 0.49324 0.441214 -0.494252 2.74384 -1.0385 -1.39797 
0.513798 0.80167 -1.03178 2.7211 -1.65321 -2.27069 0.49324 0.441214 -0.494252 2.74384 -1.0385 -1.43285 
0.513798 0.80167 -1.03178 2.7211 -1.65321 -2.30558 0.49324 0.441214 -0.494252 2.74384 -1.0385 -1.46774 
0.513798 0.80167 -1.03178 2.7211 -1.65321 -2.34047 0.49324 0.441214 -0.494252 2.74384 -1.0385 -1.50263 
0.513798 0.80167 -1.03178 2.7211 -1.65321 -2.37536 0.49324 0.441214 -0.494252 2.74384 -1.0385 -1.53752 
0.513798 0.80167 -1.03178 2.7211 -1.65321 -2.41025 0.49324 0.441214 -0.494252 2.74384 -1.0385 -1.57241 
0.513798 0.80167 -1.03178 2.7211 -1.65321 -2.44514 0.49324 0.441214 -0.494252 2.74384 -1.0385 -1.6073 
0.513798 0.80167 -1.03178 2.7211 -1.65321 -2.48003 0.49324 0.441214 -0.494252 2.74384 -1.0385 -1.64219 
0.513798 0.80167 -1.03178 2.7211 -1.65321 -2.51492 0.49324 0.441214 -0.494252 2.74384 -1.0385 -1.67708 
0.513798 0.80167 -1.03178 2.7211 -1.65321 -2.54981 0.49324 0.441214 -0.494252 2.74384 -1.0385 -1.71197 
0.513798 0.80167 -1.03178 2.7211 -1.65321 -2.58469 0.49324 0.441214 -0.494252 2.74384 -1.0385 -1.74685 
0.513798 0.80167 -1.03178 2.7211 -1.65321 -2.61958 0.49324 0.441214 -0.494252 2.74384 -1.0385 -1.78174 
0.513798 0.80167 -1.03178 2.7211 -1.65321 -2.65447 0.49324 0.441214 -0.494252 2.74384 -1.0385 -1.81663 
0.513798 0.80167 -1.03178 2.7211 -1.65321 -2.68936 0.49324 0.441214 -0.494252 2.74384 -1.0385 -1.85152 
0.513798 0.80167 -1.03178 2.7211 -1.65321 -2.72425 0.49324 0.441214 -0.494252 2.74384 -1.0385 -1.88641 
0.513798 0.80167 -1.03178 2.7211 -1.65321 -2.75914 0.49324 0.441214 -0.494252 2.74384 -1.0385 -1.9213 
0.513798 0.80167 -1.03178 2.7211 -1.65321 -2.79403 0.49324 0.441214 -0.494252 2.74384 -1.0385 -1.95619 
0.513798 0.80167 -1.03178 2.7211 -1.65321 -2.82892 0.49324 0.441214 -0.494252 2.74384 -1.0385 -1.99108 
0.513798 0.80167 -1.03178 2.7211 -1.65321 -2.86381 0.49324 0.441214 -0.494252 2.74384 -1.0385 -2.02597 
0.513798 0.80167 -1.03178 2.7211 -1.65321 -2.89869 0.49324 0.441214 -0.494252 2.74384 -1.0385 -2.06085 
0.513798 0.80167 -1.03178 2.7211 -1.65321 -2.93358 0.49324 0.441214 -0.494252 2.74384 -1.0385 -2.09574 
0.513798 0.80167 -1.03178 2.7211 -1.65321 -2.96847 0.49324 0.441214 -0.494252 2.74384 -1.0385 -2.13063 
0.513798 0.80167 -1.03178 2.7211 -1.65321 -3.00336 0.49324 0.441214 -0.494252 2.74384 -1.0385 -2.16552 
0.513798 0.80167 -1.03178 2.7211 -1.65321 -3.03825 0.49324 0.441214 -0.494252 2.74384 -1.0385 -2.20041 
0.513798 0.80167 -1.03178 2.7211 -1.65321 -3.07314 0.49324 0.441214 -0.494252 2.74384 -1.0385 -2.2353 
0.513798 0.80167 -1.03178 2.7211 -1.65321 -3.10803 0.49324 0.441214 -0.494252 2.74384 -1.0385 -2.27019 
0.513798 0.80167 -1.03178 2.7211 -1.65321 -3.14292 0.49324 0.441214 -0.494252 2.74384 -1.0385 -2.30508 
0.513798 0.80167 -1.03178 2.7211 -1.65321 -3.17781 0.49324 0.441214 -0.494252 2.74384 -1.0385 -2.33997 
0.513798 0.80167 -1.03178 2.7211 -1.65321 -3.21269 0.49324 0.441214 -0.494252 2.74384 -1.0385 -2.37485 
0.513798 0.80167 -1.03178 2.7211 -1.65321 -3.24758 0.49324 0.441214 -0.494252 2.74384 -1.0385 -2.40974 
0.513798 0.80167 -1.03178 2.7211 -1.65321 -3.28247 0.49324 0.441214 -0.494252 2.74384 -1.0385 -2.44463 
0.513798 0.80167 -1.03178 2.7211 -1.65321 -3.31736 0.49324 0.441214 -0.494252 2.74384 -1.0385 -2.47952 
0.513798 0.80167 -1.03178 2.7211 -1.65321 -3.35225 0.49324 0.441214 -0.494252 2.74384 -1.0385 -2.51441 
0.513798 0.80167 -1.03178 2.7211 -1.65321 -3.38714 0.49324 0.441214 -0.494252 2.74384 -1.0385 -2.5493 
0.513798 0.80167 -1.03178 2.7211 -1.65321 -3.42203 0.49324 0.441214 -0.494252 2.74384 -1.0385 -2.58419 
0.513798 0.80167 -1.03178 2.7211 -1.65321 -3.45692 0.49324 0.441214 -0.494252 2.74384 -1.0385 -2.61908 
0.513798 0.80167 -1.03178 2.7211 -1.65321 -3.49181 0.49324 0.441214 -0.494252 2.74384 -1.0385 -2.65397 
0.513798 0.80167 -1.03178 2.7211 -1.65321 -3.52669 0.49324 0.441214 -0.494252 2.74384 -1.0385 -2.68885 
0.513798 0.80167 -1.03178 2.7211 -1.65321 -3.56158 0.49324 0.441214 -0.494252 2.74384 -1.0385 -2.72374 
0.513798 0.80167 -1.03178 2.7211 -1.65321 -3.59647 0.49324 0.441214 -0.494252 2.74384 -1.0385 -2.75863 
0.513798 0.80167 -1.03178 2.7211 -1.65321 -3.63136 0.49324 0.441214 -0.494252 2.74384 -1.0385 -2.79352 
0.513798 0.80167 -1.03178 2.7211 -1.65321 -3.66625 0.49324 0.441214 -0.494252 2.74384 -1.0385 -2.82841 
0.513798 0.80167 -1.03178 2.7211 -1.65321 -3.70114 0.49324 0.441214 -0.494252 2.74384 -1.0385 -2.8633 
0.513798 0.80167 -1.03178 2.7211 -1.65321 -3.73603 0.49324 0.441214 -0.494252 2.74384 -1.0385 -2.89819 
0.513798 0.80167 -1.03178 2.7211 -1.65321 -3.77092 0.49324 0.441214 -0.494252 2.74384 -1.0385 -2.93308 
0.513798 0.80167 -1.03178 2.7211 -1.65321 -3.80581 0.49324 0.441214 -0.494252 2.74384 -1.0385 -2.96797 
0.513798 0.80167 -1.03178 2.7211 -1.65321 -3.84069 0.49324 0.441214 -0.494252 2.74384 -1.0385 -3.00285 
0.513798 0.80167 -1.03178 2.7211 -1.65321 -3.87558 0.49324 0.441214 -0.494252 2.74384 -1.0385 -3.03774 
0.513798 0.80167 -1.03178 2.7211 -1.65321 -3.91047 0.49324 0.441214 -0.494252 2.74384 -1.0385 -3.07263 
0.513798 0.80167 -1.03178 2.7211 -1.65321 -3.94536 0.49324 0.441214 -0.494252 2.74384 -1.0385 -3.10752 
0.513798 0.80167 -1.03178 2.7211 -1.65321 -3.98025 0.49324 0.441214 -0.494252 2.74384 -1.0385 -3.14241 
0.513798 0.80167 -1.03178 2.7211 -1.65321 -4.01514 0.49324 0.441214 -0.494252 2.74384 -1.0385 -3.1773 
0.513798 0.80167 -1.03178 2.7211 -1.65321 -4.05003 0.49324 0.441214 -0.494252 2.74384 -1.0385 -3.21219 
0.513798 0.80167 -1.03178 2.7211 -1.65321 -4.08492 0.49324 0.441214 -0.494252 2.74384 -1.0385 -3.24708 
0.513798 0.80167 -1.03178 2.7211 -1.65321 -4.11981 0.49324 0.441214 -0.494252 2.74384 -1.0385 -3.28197 
0.513798 0.80167 -1.03178 2.7211 -1.65321 -4.15469 0.49324 0.441214 -0.494252 2.74384 -1.0385 -3.31685 
0.513798 0.80167 -1.03178 2.7211 -1.65321 -4.18958 0.49324 0.441214 -0.494252 2.74384 -1.0385 -3.35174 
0.513798 0.80167 -1.03178 2.7211 -1.65321 -4.22447 0.49324 0.441214 -0.494252 2.74384 -1.0385 -3.38663 
0.513798 0.80167 -1.03178 2.7211 -1.65321 -4.25936 0.49324 0.441214 -0.494252 2.74384 -1.0385 -3.42152 
0.513798 0.80167 -1.03178 2.7211 -1.65321 -4.29425 0.49324 0.441214 -0.494252 2.74384 -1.0385 -3.45641 
0.513798 0.80167 -1.03178 2.7211 -1.65321 -4.32914 0.49324 0.441214 -0.494252 2.74384 -1.0385 -3.4913 
0.513798 0.80167 -1.03178 2.7211 -1.65321 -4.36403 0.49324 0.441214 -0.494252 2.74384 -1.0385 -3.52619 
0.513798 0.80167 -1.03178 2.7211 -1.65321 -4.39892 0.49324 0.441214 -0.494252 2.74384 -1.0385 -3.56108 
0.513798 0.80167 -1.03178 2.7211 -1.65321 -4.43381 0.49324 0.441214 -0.494252 2.74384 -1.0385 -3.59597 
0.513798 0.80167 -1.03178 2.7211 -1.65321 -4.46869 0.49324 0.441214 -0.494252 2.74384 -1.0385 -3.63085 
0.513798 0.80167 -1.03178 2.7211 -1.65321 -4.50358 0.49324 0.441214 -0.494252 2.74384 -1.0385 -3.66574 
0.513798 0.80167 -1.03178 2.7211 -1.65321 -4.53847 0.49324 0.441214 -0.494252 2.74384 -1.0385 -3.70063 
0.513798 0.80167 -1.03178 2.7211 -1.65321 -4.57336 0.49324 0.441214 -0.494252 2.74384 -1.0385 -3.73552 
0.513798 0.80167 -1.03178 2.7211 -1.65321 -4.60825 0.49324 0.441214 -0.494252 2.74384 -1.0385 -3.77041 
0.513798 0.80167 -1.03178 2.7211 -1.65321 -4.64314 0.49324 0.441214 -0.494252 2.74384 -1.0385 -3.8053 
0.513798 0.80167 -1.03178 2.7211 -1.65321 -4.67803 0.49324 0.441214 -0.494252 2.74384 -1.0385 -3.84019 
0.513798 0.80167 -1.03178 2.7211 -1.65321 -4.71292 0.49324 0.441214 -0.494252 2.74384 -1.0385 -3.87508 
0.513798 0.80167 -1.03178 2.7211 -1.65321 -4.74781 0.49324 0.441214 -0.494252 2.74384 -1.0385 -3.90997 
0.513798 0.80167 -1.03178 2.7211 -1.65321 -4.78269 0.49324 0.441214 -0.494252 2.74384 -1.0385 -3.94485 
0.513798 0.80167 -1.03178 2.7211 -1.65321 -4.81758 0.49324 0.441214 -0.494252 2.74384 -1.0385 -3.97974 
0.513798 0.80167 -1.03178 2.7211 -1.65321 -4.85247 0.49324 0.441214 -0.494252 2.74384 -1.0385 -4.01463 
0.513798 0.80167 -1.03178 2.7211 -1.65321 -4.88736 0.49324 0.441214 -0.494252 2.74384 -1.0385 -4.04952 
0.513798 0.80167 -1.03178 2.7211 -1.65321 -4.92225 0.49324 0.441214 -0.494252 2.74384 -1.0385 -4.08441 
0.513798 0.80167 -1.03178 2.7211 -1.65321 -4.95714 0.49324 0.441214 -0.494252 2.74384 -1.0385 -4.1193 
0.513798 0.80167 -1.03178 2.7211 -1.65321 -4.99203 0.49324 0.441214 -0.494252 2.74384 -1.0385 -4.15419 
0.513798 0.80167 -1.03178 2.7211 -1.65321 -5.02692 0.49324 0.441214 -0.494252 2.74384 -1.0385 -4.18908 
0.513798 0.80167 -1.03178 2.7211 -1.65321 -5.06181 0.49324 0.441214 -0.494252 2.74384 -1.0385 -4.22397 
0.513798 0.80167 -1.03178 2.7211 -1.65321 -5.09669 0.49324 0.441214 -0.494252 2.74384 -1.0385 -4.25885 
0.513798 0.80167 -1.03178 2.7211 -1.65321 -5.13158 0.49324 0.441214 -0.494252 2.74384 -1.0385 -4.29374 
0.513798 0.80167 -1.03178 2.7211 -1.65321 -5.16647 0.49324 0.441214 -0.494252 2.74384 -1.0385 -4.32863 
0.513798 0.80167 -1.03178 2.7211 -1.65321 -5.20136 0.49324 0.441214 -0.494252 2.74384 -1.0385 -4.36352 
0.513798 0.80167 -1.03178 2.7211 -1.65321 -5.23625 0.49324 0.441214 -0.494252 2.74384 -1.0385 -4.39841 
0.513798 0.80167 -1.03178 2.7211 -1.65321 -5.27114 0.49324 0.441214 -0.494252 2.74384 -1.0385 -4.4333 
0.513798 0.80167 -1.03178 2.7211 -1.65321 -5.30603 0.49324 0.441214 -0.494252 2.74384 -1.0385 -4.46819 
0.513798 0.80167 -1.03178 2.7211 -1.65321 -5.34092 0.49324 0.441214 -0.494252 2.74384 -1.0385 -4.50308 
0.513798 0.80167 -1.03178 2.7211 -1.65321 -5.37581 0.49324 0.441214 -0.494252 2.74384 -1.0385 -4.53797 
0.513798 0.80167 -1.03178 2.7211 -1.65321 -5.41069 0.49324 0.441214 -0.494252 2.74384 -1.0385 -4.57285 
0.513798 0.80167 -1.03178 2.7211 -1.65321 -5.44558 0.49324 0.441214 -0.494252 2.74384 -1.0385 -4.60774 
0.513798 0.80167 -1.03178 2.7211 -1.65321 -5.48047 0.49324 0.441214 -0.494252 2.74384 -1.0385 -4.64263 
0.513798 0.80167 -1.03178 2.7211 -1.65321 -5.51536 0.49324 0.441214 -0.494252 2.74384 -1.0385 -4.67752 
0.513798 0.80167 -1.03178 2.7211 -1.65321 -5.55025 0.49324 0.441214 -0.494252 2.74384 -1.0385 -4.71241 
0.513798 0.80167 -1.03178 2.7211 -1.65321 -5.58514 0.49324 0.441214 -0.494252 2.74384 -1.0385 -4.7473 
0.513798 0.80167 -1.03178 2.7211 -1.65321 -5.62003 0.49324 0.441214 -0.494252 2.74384 -1.0385 -4.78219 
0.513798 0.80167 -1.03178 2.7211 -1.65321 -5.65492 0.49324 0.441214 -0.494252 2.74384 -1.0385 -4.81708 
0.513798 0.80167 -1.03178 2.7211 -1.65321 -5.68981 0.49324 0.441214 -0.494252 2.74384 -1.0385 -4.85197 
0.513798 0.80167 -1.03178 2.7211 -1.65321 -5.72469 0.49324 0.441214 -0.494252 2.74384 -1.0385 -4.88685 
0.513798 0.80167 -1.03178 2.7211 -1.65321 -5.75958 0.49324 0.441214 -0.494252 2.74384 -1.0385 -4.92174 
0.513798 0.80167 -1.03178 2.7211 -1.65321 -5.79447 0.49324 0.441214 -0.494252 2.74384 -1.0385 -4.95663 
0.513798 0.80167 -1.03178 2.7211 -1.65321 -5.82936 0.49324 0.441214 -0.494252 2.74384 -1.0385 -4.99152 
0.513798 0.80167 -1.03178 2.7211 -1.65321 -5.86425 0.49324 0.441214 -0.494252 2.74384 -1.0385 -5.02641 
0.513798 0.80167 -1.03178 2.7211 -1.65321 -5.89914 0.49324 0.441214 -0.494252 2.74384 -1.0385 -5.0613 
0.513798 0.80167 -1.03178 2.7211 -1.65321 -5.93403 0.49324 0.441214 -0.494252 2.74384 -1.0385 -5.09619 
0.513798 0.80167 -1.03178 2.7211 -1.65321 -5.96892 0.49324 0.441214 -0.494252 2.74384 -1.0385 -5.13108 
0.513798 0.80167 -1.03178 2.7211 -1.65321 -6.00381 0.49324 0.441214 -0.494252 2.74384 -1.0385 -5.16597 
0.513798 0.80167 -1.03178 2.7211 -1.65321 -6.03869 0.49324 0.441214 -0.494252 2.74384 -1.0385 -5.20085 
0.513798 0.80167 -1.03178 2.7211 -1.65321 -6.07358 0.49324 0.441214 -0.494252 2.74384 -1.0385 -5.23574 
0.513798 0.80167 -1.03178 2.7211 -1.65321 -6.10847 0.49324 0.441214 -0.494252 2.74384 -1.0385 -5.27063 
0.513798 0.80167 -1.03178 2.7211 -1.65321 -6.14336 0.49324 0.441214 -0.494252 2.74384 -1.0385 -5.30552 
0.513798 0.80167 -1.03178 2.7211 -1.65321 -6.17825 0.49324 0.441214 -0.494252 2.74384 -1.0385 -5.34041 
0.513798 0.80167 -1.03178 2.7211 -1.65321 -6.21314 0.49324 0.441214 -0.494252 2.74384 -1.0385 -5.3753 
0.513798 0.80167 -1.03178 2.7211 -1.65321 -6.24803 0.49324 0.441214 -0.494252 2.74384 -1.0385 -5.41019 
0.513798 0.80167 -1.03178 2.7211 -1.65321 -6.28292 0.49324 0.441214 -0.494252 2.74384 -1.0385 -5.44508 
0.513798 0.80167 -1.03178 2.7211 -1.65321 -6.31781 0.49324 0.441214 -0.494252 2.74384 -1.0385 -5.47997 
0.513798 0.80167 -1.03178 2.7211 -1.65321 -6.35269 0.49324 0.441214 -0.494252 2.74384 -1.0385 -5.51485 
0.513798 0.80167 -1.03178 2.7211 -1.65321 -6.38758 0.49324 0.441214 -0.494252 2.74384 -1.0385 -5.54974 
0.513798 0.80167 -1.03178 2.7211 -1.65321 -6.42247 0.49324 0.441214 -0.494252 2.74384 -1.0385 -5.58463 
0.513798 0.80167 -1.03178 2.7211 -1.65321 -6.45736 0.49324 0.441214 -0.494252 2.74384 -1.0385 -5.61952 
0.513798 0.80167 -1.03178 2.7211 -1.65321 -6.49225 0.49324 0.441214 -0.494252 2.74384 -1.0385 -5.65441 
0.513798 0.80167 -1.03178 2.7211 -1.65321 -6.52714 0.49324 0.441214 -0.494252 2.74384 -1.0385 -5.6893 
0.513798 0.80167 -1.03178 2.7211 -1.65321 -6.56203 0.49324 0.441214 -0.494252 2.74384 -1.0385 -5.72419 
0.513798 0.80167 -1.03178 2.7211 -1.65321 -6.59692 0.49324 0.441214 -0.494252 2.74384 -1.0385 -5.75908 
0.513798 0.80167 -1.03178 2.7211 -1.65321 -6.63181 0.49324 0.441214 -0.494252 2.74384 -1.0385 -5.79397 
0.513798 0.80167 -1.03178 2.7211 -1.65321 -6.66669 0.49324 0.441214 -0.494252 2.74384 -1.0385 -5.82885 
0.513798 0.80167 -1.03178 2.7211 -1.65321 -6.70158 0.49324 0.441214 -0.494252 2.74384 -1.0385 -5.86374 
0.513798 0.80167 -1.03178 2.7211 -1.65321 -6.73647 0.49324 0.441214 -0.494252 2.74384 -1.0385 -5.89863 
0.513798 0.80167 -1.03178 2.7211 -1.65321 -6.77136 0.49324 0.441214 -0.494252 2.74384 -1.0385 -5.93352 
0.513798 0.80167 -1.03178 2.7211 -1.65321 -6.80625 0.49324 0.441214 -0.494252 2.74384 -1.0385 -5.96841 
0.513798 0.80167 -1.03178 2.7211 -1.65321 -6.84114 0.49324 0.441214 -0.494252 2.74384 -1.0385 -6.0033 
0.513798 0.80167 -1.03178 2.7211 -1.65321 -6.87603 0.49324 0.441214 -0.494252 2.74384 -1.0385 -6.03819 
0.513798 0.80167 -1.03178 2.7211 -1.65321 -6.91092 0.49324 0.441214 -0.494252 2.74384 -1.0385 -6.07308 
0.513798 0.80167 -1.03178 2.7211 -1.65321 -6.87603 0.49324 0.441214 -0.494252 2.74384 -1.0385 -6.10797 
0.513798 0.80167 -1.03178 2.7211 -1.65321 -6.87603 0.49324 0.441214 -0.494252 2.74384 -1.0385 -6.14285 
0.513798 0.80167 -1.03178 2.7211 -1.65321 -6.87603 0.49324 0.441214 -0.494252 2.74384 -1.0385 -6.17774 
0.513798 0.80167 -1.03178 2.7211 -1.65321 -6.87603 0.49324 0.441214 -0.494252 2.74384 -1.0385 -6.21263 
0.513798 0.80167 -1.03178 2.7211 -1.65321 -6.87603 0.49324 0.441214 -0.494252 2.74384 -1.0385 -6.24752 
0.513798 0.80167 -1.03178 2.7211 -1.65321 -6.87603 0.49324 0.441214 -0.494252 2.74384 -1.0385 -6.28241 
0.513798 0.80167 -1.03178 2.7211 -1.65321 -6.87603 0.49324 0.441214 -0.494252 2.74384 -1.0385 -6.3173 
0.513798 0.80167 -1.03178 2.7211 -1.65321 -6.87603 0.49324 0.441214 -0.494252 2.74384 -1.0385 -6.35219 
0.513798 0.80167 -1.03178 2.7211 -1.65321 -6.87603 0.49324 0.441214 -0.494252 2.74384 -1.0385 -6.38708 
0.513798 0.80167 -1.03178 2.7211 -1.65321 -6.87603 0.49324 0.441214 -0.494252 2.74384 -1.0385 -6.42197 
0.513798 0.80167 -1.03178 2.7211 -1.65321 -6.87603 0.49324 0.441214 -0.494252 2.74384 -1.0385 -6.45685 
0.513798 0.80167 -1.03178 2.7211 -1.65321 -6.87603 0.49324 0.441214 -0.494252 2.74384 -1.0385 -6.49174 
0.513798 0.80167 -1.03178 2.7211 -1.65321 -6.87603 0.49324 0.441214 -0.494252 2.74384 -1.0385 -6.52663 
0.513798 0.80167 -1.03178 2.7211 -1.65321 -6.87603 0.49324 0.441214 -0.494252 2.74384 -1.0385 -6.56152 
0.513798 0.80167 -1.03178 2.7211 -1.65321 -6.87603 0.49324 0.441214 -0.494252 2.74384 -1.0385 -6.59641 
0.513798 0.80167 -1.03178 2.7211 -1.65321 -6.87603 0.49324 0.441214 -0.494252 2.74384 -1.0385 -6.6313 
0.513798 0.80167 -1.03178 2.7211 -1.65321 -6.87603 0.49324 0.441214 -0.494252 2.74384 -1.0385 -6.66619 
0.513798 0.80167 -1.03178 2.7211 -1.65321 -6.87603 0.49324 0.441214 -0.494252 2.74384 -1.0385 -6.70108 
0.513798 0.80167 -1.03178 2.7211 -1.65321 -6.87603 0.49324 0.441214 -0.494252 2.74384 -1.0385 -6.73597 
0.513798 0.80167 -1.03178 2.7211 -1.65321 -6.87603 0.49324 0.441214 -0.494252 2.74384 -1.0385 -6.77085 
0.513798 0.80167 -1.03178 2.7211 -1.65321 -6.87603 0.49324 0.441214 -0.494252 2.74384 -1.0385 -6.80574 
0.513798 0.80167 -1.03178 2.7211 -1.65321 -6.87603 0.49324 0.441214 -0.494252 2.74384 -1.0385 -6.84063 
0.513798 0.80167 -1.03178 2.7211 -1.65321 -6.87603 0.49324 0.441214 -0.494252 2.74384 -1.0385 -6.87552 
0.513798 0.80167 -1.03178 2.7211 -1.65321 -6.87603 0.49324 0.441214 -0.494252 2.74384 -1.0385 -6.91041 
