2505
1.1022 0 -0.00346961
2.20435 0 -0.0138783
3.30642 0 -0.0312257
4.40835 0 -0.0555111
5.51011 0 -0.0867335
6.61165 0 -0.124892
7.71293 0 -0.169984
8.81391 0 -0.222009
9.91453 0 -0.280964
11.0148 0 -0.346848
12.1146 0 -0.419657
13.2139 0 -0.499388
14.3127 0 -0.586039
15.4109 0 -0.679606
16.5085 0 -0.780086
17.6055 0 -0.887473
18.7017 0 -1.00176
19.7972 0 -1.12296
20.892 0 -1.25104
21.9859 0 -1.38602
23.0789 0 -1.52788
24.171 0 -1.67662
25.2622 0 -1.83223
26.3524 0 -1.9947
27.4415 0 -2.16404
28.5295 0 -2.34023
29.6164 0 -2.52327
30.7021 0 -2.71315
31.7866 0 -2.90986
32.8699 0 -3.11339
33.9518 0 -3.32374
35.0324 0 -3.54089
36.1116 0 -3.76485
37.1894 0 -3.99559
38.2657 0 -4.23312
39.3405 0 -4.47742
40.4137 0 -4.72848
41.4854 0 -4.98629
42.5553 0 -5.25084
43.6236 0 -5.52212
44.6902 0 -5.80013
45.755 0 -6.08484
46.818 0 -6.37625
47.8791 0 -6.67435
48.9383 0 -6.97912
49.9956 0 -7.29056
51.0509 0 -7.60864
52.1042 0 -7.93336
53.1554 0 -8.26471
54.2046 0 -8.60267
55.2515 0 -8.94723
56.2963 0 -9.29837
57.3388 0 -9.65608
58.3791 0 -10.0204
59.4171 0 -10.3912
60.4527 0 -10.7685
61.4859 0 -11.1524
62.5166 0 -11.5427
63.5449 0 -11.9395
64.5707 0 -12.3428
65.5939 0 -12.7526
66.6145 0 -13.1688
67.6325 0 -13.5913
68.6478 0 -14.0203
69.6603 0 -14.4557
70.6701 0 -14.8975
71.6771 0 -15.3456
72.6813 0 -15.8
73.6826 0 -16.2607
74.6809 0 -16.7278
75.6764 0 -17.2011
76.6688 0 -17.6806
77.6581 0 -18.1665
78.6444 0 -18.6585
79.6276 0 -19.1567
80.6076 0 -19.6611
81.5844 0 -20.1717
82.558 0 -20.6884
83.5283 0 -21.2112
84.4953 0 -21.7401
85.459 0 -22.2751
86.4192 0 -22.8162
87.3761 0 -23.3633
88.3294 0 -23.9164
89.2793 0 -24.4755
90.2256 0 -25.0405
91.1684 0 -25.6116
92.1076 0 -26.1885
93.0431 0 -26.7713
93.9749 0 -27.36
94.9029 0 -27.9546
95.8273 0 -28.555
96.7478 0 -29.1612
97.6645 0 -29.7732
98.5773 0 -30.391
99.4862 0 -31.0144
100.391 0 -31.6436
101.292 0 -32.2785
102.189 0 -32.9191
103.082 0 -33.5652
103.971 0 -34.217
104.856 0 -34.8744
105.736 0 -35.5373
106.613 0 -36.2058
107.485 0 -36.8797
108.353 0 -37.5592
109.216 0 -38.244
110.075 0 -38.9344
110.93 0 -39.6301
111.781 0 -40.3311
112.627 0 -41.0375
113.468 0 -41.7493
114.306 0 -42.4663
115.138 0 -43.1885
115.966 0 -43.916
116.79 0 -44.6487
117.608 0 -45.3866
118.422 0 -46.1296
119.232 0 -46.8777
120.037 0 -47.6309
120.837 0 -48.3892
121.632 0 -49.1524
122.422 0 -49.9207
123.208 0 -50.6939
123.988 0 -51.472
124.764 0 -52.2551
125.535 0 -53.043
126.3 0 -53.8358
127.061 0 -54.6333
127.817 0 -55.4357
128.567 0 -56.2427
129.313 0 -57.0545
130.053 0 -57.871
130.789 0 -58.6921
131.519 0 -59.5178
132.244 0 -60.3481
132.963 0 -61.1829
133.678 0 -62.0223
134.387 0 -62.8661
135.091 0 -63.7144
135.789 0 -64.5671
136.482 0 -65.4242
137.17 0 -66.2857
137.852 0 -67.1514
138.528 0 -68.0214
139.2 0 -68.8957
139.865 0 -69.7741
140.525 0 -70.6568
141.18 0 -71.5436
141.829 0 -72.4345
142.472 0 -73.3294
143.11 0 -74.2284
143.742 0 -75.1314
144.368 0 -76.0383
144.989 0 -76.9492
145.604 0 -77.864
146.213 0 -78.7826
146.816 0 -79.705
147.414 0 -80.6312
148.005 0 -81.5612
148.591 0 -82.4948
149.171 0 -83.4321
149.745 0 -84.3731
150.313 0 -85.3177
150.875 0 -86.2658
151.431 0 -87.2174
151.981 0 -88.1725
152.525 0 -89.1311
153.063 0 -90.093
153.595 0 -91.0584
154.121 0 -92.027
154.641 0 -92.999
155.155 0 -93.9742
155.662 0 -94.9526
156.163 0 -95.9342
156.659 0 -96.919
157.148 0 -97.9068
157.63 0 -98.8977
158.107 0 -99.8916
158.577 0 -100.888
159.041 0 -101.888
159.498 0 -102.891
159.95 0 -103.897
160.394 0 -104.905
160.833 0 -105.916
161.265 0 -106.93
161.691 0 -107.947
162.11 0 -108.966
162.523 0 -109.988
162.93 0 -111.013
163.33 0 -112.04
163.724 0 -113.069
164.111 0 -114.101
164.491 0 -115.135
164.865 0 -116.172
165.233 0 -117.211
165.594 0 -118.253
165.948 0 -119.296
166.296 0 -120.342
166.637 0 -121.39
166.972 0 -122.441
167.3 0 -123.493
167.621 0 -124.547
167.936 0 -125.603
168.244 0 -126.662
168.546 0 -127.722
168.84 0 -128.784
169.129 0 -129.848
169.41 0 -130.914
169.685 0 -131.981
169.952 0 -133.05
170.214 0 -134.121
170.468 0 -135.193
170.716 0 -136.267
170.957 0 -137.343
171.191 0 -138.42
171.418 0 -139.498
171.639 0 -140.578
171.852 0 -141.66
172.059 0 -142.742
172.259 0 -143.826
172.453 0 -144.911
172.639 0 -145.998
172.819 0 -147.085
172.992 0 -148.174
173.158 0 -149.263
173.317 0 -150.354
173.469 0 -151.446
173.614 0 -152.538
173.752 0 -153.632
173.884 0 -154.726
174.009 0 -155.821
174.126 0 -156.917
174.237 0 -158.014
174.341 0 -159.111
174.438 0 -160.209
174.528 0 -161.307
174.611 0 -162.406
174.688 0 -163.506
174.757 0 -164.606
174.819 0 -165.706
174.875 0 -166.807
174.923 0 -167.908
174.965 0 -169.01
175 0 -170.111
175.028 0 -171.213
175.048 0 -172.315
175.062 0 -173.417
175.069 0 -174.52
175.069 0 -175.622
175.062 0 -176.724
175.048 0 -177.826
175.028 0 -178.928
175 0 -180.03
174.965 0 -181.132
174.923 0 -182.233
174.875 0 -183.334
174.819 0 -184.435
174.757 0 -185.535
174.688 0 -186.635
174.611 0 -187.735
174.528 0 -188.834
174.438 0 -189.933
174.341 0 -191.03
174.237 0 -192.128
174.126 0 -193.224
174.008 0 -194.32
173.884 0 -195.415
173.752 0 -196.51
173.614 0 -197.603
173.469 0 -198.696
173.316 0 -199.787
173.157 0 -200.878
172.991 0 -201.968
172.819 0 -203.056
172.639 0 -204.144
172.453 0 -205.23
172.259 0 -206.315
172.059 0 -207.399
171.852 0 -208.482
171.638 0 -209.563
171.418 0 -210.643
171.191 0 -211.721
170.956 0 -212.798
170.715 0 -213.874
170.468 0 -214.948
170.213 0 -216.02
169.952 0 -217.091
169.684 0 -218.16
169.41 0 -219.228
169.128 0 -220.293
168.84 0 -221.357
168.545 0 -222.419
168.244 0 -223.48
167.936 0 -224.538
167.621 0 -225.594
167.3 0 -226.648
166.972 0 -227.701
166.637 0 -228.751
166.296 0 -229.799
165.948 0 -230.845
165.593 0 -231.888
165.232 0 -232.93
164.865 0 -233.969
164.491 0 -235.006
164.11 0 -236.04
163.723 0 -237.072
163.329 0 -238.102
162.929 0 -239.129
162.523 0 -240.153
162.11 0 -241.175
161.691 0 -242.194
161.265 0 -243.211
160.833 0 -244.225
160.394 0 -245.236
159.949 0 -246.245
159.498 0 -247.25
159.04 0 -248.253
158.576 0 -249.253
158.106 0 -250.25
157.63 0 -251.244
157.147 0 -252.234
156.658 0 -253.222
156.163 0 -254.207
155.662 0 -255.189
155.154 0 -256.167
154.64 0 -257.142
154.121 0 -258.114
153.595 0 -259.083
153.063 0 -260.048
152.525 0 -261.01
151.981 0 -261.969
151.431 0 -262.924
150.875 0 -263.875
150.312 0 -264.824
149.744 0 -265.768
149.17 0 -266.709
148.591 0 -267.646
148.005 0 -268.58
147.413 0 -269.51
146.816 0 -270.436
146.212 0 -271.359
145.603 0 -272.277
144.988 0 -273.192
144.368 0 -274.103
143.741 0 -275.01
143.109 0 -275.913
142.472 0 -276.812
141.828 0 -277.707
141.179 0 -278.598
140.525 0 -279.484
139.864 0 -280.367
139.199 0 -281.245
138.528 0 -282.12
137.851 0 -282.99
137.169 0 -283.855
136.481 0 -284.717
135.788 0 -285.574
135.09 0 -286.427
134.386 0 -287.275
133.677 0 -288.119
132.962 0 -288.958
132.243 0 -289.793
131.518 0 -290.623
130.788 0 -291.449
130.053 0 -292.27
129.312 0 -293.086
128.567 0 -293.898
127.816 0 -294.705
127.06 0 -295.508
126.299 0 -296.305
125.534 0 -297.098
124.763 0 -297.886
123.987 0 -298.669
123.207 0 -299.447
122.421 0 -300.22
121.631 0 -300.989
120.836 0 -301.752
120.036 0 -302.51
119.231 0 -303.263
118.422 0 -304.011
117.607 0 -304.754
116.789 0 -305.492
115.965 0 -306.225
115.137 0 -306.952
114.305 0 -307.675
113.467 0 -308.392
112.626 0 -309.103
111.78 0 -309.81
110.929 0 -310.511
110.074 0 -311.207
109.215 0 -311.897
108.352 0 -312.582
107.484 0 -313.261
106.612 0 -313.935
105.735 0 -314.604
104.855 0 -315.266
103.97 0 -315.924
103.081 0 -316.576
102.188 0 -317.222
101.291 0 -317.862
100.39 0 -318.497
99.4851 0 -319.126
98.5762 0 -319.75
97.6634 0 -320.368
96.7467 0 -320.98
95.8262 0 -321.586
94.9019 0 -322.186
93.9738 0 -322.781
93.042 0 -323.369
92.1065 0 -323.952
91.1673 0 -324.529
90.2245 0 -325.1
89.2782 0 -325.665
88.3283 0 -326.224
87.3749 0 -326.777
86.4181 0 -327.325
85.4578 0 -327.866
84.4942 0 -328.401
83.5272 0 -328.929
82.5569 0 -329.452
81.5833 0 -329.969
80.6064 0 -330.48
79.6264 0 -330.984
78.6433 0 -331.482
77.657 0 -331.974
76.6676 0 -332.46
75.6752 0 -332.94
74.6798 0 -333.413
73.6814 0 -333.88
72.6801 0 -334.341
71.676 0 -334.795
70.669 0 -335.243
69.6591 0 -335.685
68.6466 0 -336.12
67.6313 0 -336.549
66.6133 0 -336.972
65.5927 0 -337.388
64.5695 0 -337.798
63.5437 0 -338.201
62.5154 0 -338.598
61.4846 0 -338.988
60.4514 0 -339.372
59.4158 0 -339.749
58.3779 0 -340.12
57.3376 0 -340.484
56.2951 0 -340.842
55.2503 0 -341.193
54.2033 0 -341.538
53.1542 0 -341.876
52.103 0 -342.207
51.0497 0 -342.532
49.9944 0 -342.85
48.9371 0 -343.161
47.8779 0 -343.466
46.8168 0 -343.764
45.7538 0 -344.056
44.689 0 -344.34
43.6224 0 -344.618
42.5541 0 -344.89
41.4841 0 -345.154
40.4125 0 -345.412
39.3393 0 -345.663
38.2645 0 -345.907
37.1882 0 -346.145
36.1104 0 -346.375
35.0312 0 -346.599
33.9506 0 -346.817
32.8686 0 -347.027
31.7854 0 -347.23
30.7009 0 -347.427
29.6151 0 -347.617
28.5282 0 -347.8
27.4402 0 -347.976
26.3511 0 -348.146
25.2609 0 -348.308
24.1698 0 -348.464
23.0776 0 -348.612
21.9846 0 -348.754
20.8907 0 -348.889
19.796 0 -349.017
18.7004 0 -349.138
17.6042 0 -349.253
16.5072 0 -349.36
15.4096 0 -349.461
14.3114 0 -349.554
13.2126 0 -349.641
12.1133 0 -349.72
11.0135 0 -349.793
9.91325 0 -349.859
8.81262 0 -349.918
7.71165 0 -349.97
6.61037 0 -350.015
5.50883 0 -350.053
4.40707 0 -350.085
3.30513 0 -350.109
2.20306 0 -350.126
1.10091 0 -350.137
-0.00128614 0 -350.14
-1.10348 0 -350.137

1.1022 0.00270532 -0.00221765
2.20435 0.0108177 -0.00887249
3.30641 0.0243314 -0.0199672
4.40834 0.0432406 -0.0355042
5.5101 0.067539 -0.0554857
6.61163 0.0972201 -0.0799135
7.7129 0.132277 -0.108789
8.81385 0.172702 -0.142114
9.91446 0.218489 -0.17989
11.0147 0.269629 -0.222117
12.1144 0.326114 -0.268796
13.2137 0.387937 -0.319927
14.3125 0.455087 -0.375511
15.4106 0.527557 -0.435547
16.5082 0.605337 -0.500035
17.6051 0.688417 -0.568974
18.7013 0.776788 -0.642363
19.7968 0.870439 -0.720202
20.8914 0.96936 -0.802488
21.9853 1.07354 -0.88922
23.0782 1.18297 -0.980397
24.1703 1.29764 -1.07601
25.2613 1.41753 -1.17607
26.3514 1.54263 -1.28057
27.4405 1.67294 -1.3895
28.5284 1.80843 -1.50286
29.6152 1.9491 -1.62064
30.7009 2.09494 -1.74285
31.7853 2.24592 -1.86948
32.8685 2.40205 -2.00053
33.9504 2.56329 -2.13599
35.031 2.72964 -2.27585
36.1102 2.90109 -2.42012
37.1879 3.07762 -2.56878
38.2643 3.25921 -2.72183
39.3391 3.44585 -2.87927
40.4124 3.63753 -3.04109
41.4841 3.83422 -3.20728
42.5541 4.03592 -3.37785
43.6226 4.24261 -3.55277
44.6893 4.45427 -3.73205
45.7543 4.67088 -3.91567
46.8175 4.89243 -4.10364
47.8789 5.11889 -4.29593
48.9385 5.35027 -4.49256
49.9961 5.58652 -4.6935
51.0519 5.82765 -4.89875
52.1056 6.07362 -5.1083
53.1574 6.32443 -5.32215
54.2071 6.58005 -5.54028
55.2548 6.84046 -5.76268
56.3003 7.10565 -5.98935
57.3437 7.3756 -6.22028
58.3849 7.65029 -6.45545
59.4239 7.92969 -6.69487
60.4606 8.21379 -6.93851
61.495 8.50256 -7.18636
62.5271 8.796 -7.43843
63.5568 9.09407 -7.69469
64.5842 9.39677 -7.95514
65.609 9.70405 -8.21976
66.6315 10.0159 -8.48854
67.6514 10.3323 -8.76148
68.6688 10.6533 -9.03856
69.6836 10.9788 -9.31977
70.6958 11.3087 -9.6051
71.7054 11.6431 -9.89453
72.7123 11.982 -10.1881
73.7165 12.3253 -10.4857
74.718 12.673 -10.7873
75.7167 13.0251 -11.0931
76.7126 13.3815 -11.4028
77.7057 13.7423 -11.7167
78.6959 14.1073 -12.0345
79.6832 14.4767 -12.3563
80.6677 14.8504 -12.6821
81.6491 15.2282 -13.0119
82.6276 15.6103 -13.3457
83.6031 15.9966 -13.6834
84.5756 16.3871 -14.025
85.545 16.7817 -14.3705
86.5113 17.1804 -14.72
87.4745 17.5833 -15.0734
88.4345 17.9902 -15.4306
89.3914 18.4011 -15.7917
90.345 18.8161 -16.1566
91.2955 19.2351 -16.5254
92.2426 19.6581 -16.8979
93.1865 20.085 -17.2743
94.1271 20.5158 -17.6545
95.0644 20.9506 -18.0384
95.9982 21.3892 -18.4261
96.9288 21.8317 -18.8175
97.8559 22.278 -19.2127
98.7795 22.7281 -19.6115
99.6998 23.182 -20.0141
100.616 23.6396 -20.4203
101.53 24.1009 -20.8302
102.439 24.566 -21.2437
103.346 25.0347 -21.6608
104.248 25.5071 -22.0816
105.147 25.9831 -22.5059
106.043 26.4627 -22.9338
106.934 26.9459 -23.3653
107.823 27.4326 -23.8003
108.707 27.9228 -24.2388
109.588 28.4165 -24.6808
110.465 28.9137 -25.1263
111.338 29.4143 -25.5753
112.208 29.9183 -26.0277
113.073 30.4258 -26.4836
113.935 30.9365 -26.9429
114.793 31.4507 -27.4055
115.648 31.9681 -27.8716
116.498 32.4888 -28.341
117.345 33.0127 -28.8138
118.188 33.5399 -29.2899
119.027 34.0703 -29.7693
119.862 34.6039 -30.252
120.693 35.1406 -30.7379
121.52 35.6804 -31.2272
122.343 36.2234 -31.7196
123.162 36.7694 -32.2153
123.977 37.3184 -32.7142
124.788 37.8705 -33.2162
125.596 38.4255 -33.7214
126.399 38.9835 -34.2298
127.198 39.5444 -34.7413
127.993 40.1083 -35.2558
128.784 40.675 -35.7735
129.571 41.2446 -36.2943
130.354 41.8171 -36.8181
131.132 42.3923 -37.3449
131.907 42.9703 -37.8747
132.678 43.551 -38.4075
133.444 44.1345 -38.9434
134.206 44.7207 -39.4821
134.964 45.3095 -40.0238
135.718 45.901 -40.5684
136.468 46.4952 -41.116
137.213 47.0919 -41.6664
137.955 47.6911 -42.2196
138.692 48.2929 -42.7757
139.425 48.8973 -43.3347
140.154 49.5041 -43.8964
140.878 50.1134 -44.4609
141.598 50.7251 -45.0282
142.315 51.3392 -45.5983
143.026 51.9557 -46.171
143.734 52.5746 -46.7465
144.437 53.1958 -47.3247
145.136 53.8194 -47.9055
145.831 54.4452 -48.489
146.522 55.0732 -49.0752
147.208 55.7035 -49.6639
147.89 56.336 -50.2553
148.568 56.9707 -50.8492
149.241 57.6075 -51.4457
149.91 58.2465 -52.0447
150.575 58.8876 -52.6463
151.235 59.5307 -53.2504
151.892 60.176 -53.8569
152.544 60.8232 -54.4659
153.191 61.4725 -55.0774
153.835 62.1237 -55.6913
154.474 62.7769 -56.3076
155.108 63.432 -56.9263
155.739 64.0891 -57.5474
156.365 64.748 -58.1708
156.987 65.4088 -58.7966
157.604 66.0714 -59.4247
158.217 66.7358 -60.0551
158.826 67.4021 -60.6878
159.431 68.0701 -61.3227
160.031 68.7398 -61.9599
160.627 69.4113 -62.5994
161.218 70.0844 -63.241
161.806 70.7593 -63.8848
162.389 71.4357 -64.5308
162.968 72.1138 -65.179
163.542 72.7935 -65.8293
164.112 73.4748 -66.4817
164.678 74.1577 -67.1363
165.239 74.8421 -67.7929
165.797 75.5279 -68.4516
166.35 76.2153 -69.1123
166.898 76.9042 -69.7751
167.443 77.5945 -70.4399
167.983 78.2862 -71.1067
168.519 78.9793 -71.7754
169.05 79.6739 -72.4462
169.578 80.3697 -73.1189
170.101 81.0669 -73.7935
170.62 81.7655 -74.47
171.134 82.4653 -75.1485
171.645 83.1664 -75.8288
172.151 83.8687 -76.511
172.653 84.5723 -77.195
173.151 85.2771 -77.8808
173.644 85.9831 -78.5685
174.133 86.6902 -79.258
174.618 87.3985 -79.9492
175.099 88.108 -80.6422
175.576 88.8185 -81.337
176.049 89.5301 -82.0335
176.517 90.2428 -82.7317
176.981 90.9566 -83.4317
177.441 91.6714 -84.1333
177.897 92.3872 -84.8365
178.349 93.104 -85.5415
178.797 93.8217 -86.248
179.24 94.5405 -86.9562
179.68 95.2601 -87.666
180.115 95.9807 -88.3774
180.547 96.7022 -89.0904
180.974 97.4245 -89.8049
181.397 98.1477 -90.521
181.816 98.8718 -91.2386
182.231 99.5967 -91.9577
182.642 100.322 -92.6783
183.049 101.049 -93.4004
183.452 101.776 -94.124
183.851 102.504 -94.849
184.246 103.233 -95.5755
184.637 103.962 -96.3034
185.024 104.693 -97.0327
185.407 105.423 -97.7635
185.786 106.155 -98.4956
186.161 106.887 -99.2291
186.532 107.62 -99.9639
186.9 108.353 -100.7
187.263 109.088 -101.438
187.623 109.822 -102.176
187.978 110.557 -102.917
188.33 111.293 -103.658
188.678 112.03 -104.401
189.022 112.766 -105.145
189.362 113.504 -105.89
189.699 114.242 -106.636
190.031 114.98 -107.384
190.36 115.719 -108.133
190.685 116.458 -108.883
191.007 117.198 -109.634
191.324 117.938 -110.387
191.638 118.678 -111.14
191.948 119.419 -111.895
192.255 120.161 -112.651
192.558 120.902 -113.408
192.857 121.644 -114.166
193.152 122.387 -114.926
193.444 123.13 -115.686
193.732 123.873 -116.447
194.016 124.616 -117.21
194.297 125.36 -117.973
194.575 126.103 -118.738
194.848 126.848 -119.503
195.119 127.592 -120.27
195.385 128.337 -121.038
195.648 129.082 -121.806
195.908 129.827 -122.576
196.164 130.572 -123.346
196.417 131.317 -124.118
196.666 132.063 -124.891
196.912 132.809 -125.664
197.154 133.555 -126.438
197.393 134.301 -127.214
197.628 135.047 -127.99
197.86 135.794 -128.767
198.089 136.54 -129.545
198.314 137.287 -130.324
198.536 138.033 -131.104
198.755 138.78 -131.884
198.97 139.527 -132.666
199.182 140.274 -133.448
199.391 141.021 -134.231
199.597 141.768 -135.015
199.799 142.515 -135.8
199.998 143.262 -136.585
200.194 144.009 -137.372
200.387 144.756 -138.159
200.576 145.503 -138.947
200.763 146.25 -139.736
200.946 146.997 -140.525
201.126 147.744 -141.315
201.303 148.491 -142.106
201.477 149.238 -142.898
201.648 149.985 -143.69
201.816 150.732 -144.484
201.98 151.478 -145.277
202.142 152.225 -146.072
202.301 152.971 -146.867
202.457 153.718 -147.663
202.609 154.464 -148.46
202.759 155.21 -149.257
202.906 155.956 -150.055
203.05 156.702 -150.853
203.191 157.448 -151.653
203.329 158.194 -152.452
203.465 158.939 -153.253
203.597 159.685 -154.054
203.727 160.43 -154.856
203.854 161.175 -155.658
203.978 161.92 -156.461
204.099 162.664 -157.264
204.218 163.409 -158.069
204.334 164.153 -158.873
204.447 164.897 -159.678
204.557 165.641 -160.484
204.665 166.384 -161.291
204.77 167.128 -162.098
204.873 167.871 -162.905
204.973 168.614 -163.713
205.07 169.357 -164.522
205.164 170.099 -165.331
205.256 170.842 -166.14
205.346 171.584 -166.95
205.433 172.325 -167.761
205.517 173.067 -168.572
205.599 173.808 -169.384
205.679 174.549 -170.196
205.756 175.29 -171.008
205.83 176.03 -171.822
205.902 176.77 -172.635
205.972 177.51 -173.449
206.04 178.25 -174.264
206.104 178.989 -175.079
206.167 179.728 -175.894
206.227 180.466 -176.71
206.285 181.205 -177.526
206.341 181.943 -178.343
206.394 182.681 -179.16
206.446 183.418 -179.978
206.494 184.155 -180.796
206.541 184.892 -181.614
206.586 185.628 -182.433
206.628 186.365 -183.252
206.668 187.1 -184.072
206.706 187.836 -184.892
206.742 188.571 -185.712
206.776 189.306 -186.533
206.807 190.04 -187.354
206.837 190.774 -188.176
206.864 191.508 -188.998
206.89 192.242 -189.82
206.913 192.975 -190.643
206.935 193.707 -191.466
206.954 194.44 -192.29
206.972 195.172 -193.113
206.987 195.903 -193.938
207.001 196.635 -194.762
207.013 197.366 -195.587
207.023 198.096 -196.412
207.031 198.827 -197.238
207.037 199.556 -198.064
207.041 200.286 -198.89
207.044 201.015 -199.716
207.044 201.744 -200.543
207.043 202.472 -201.37
207.04 203.2 -202.198
207.036 203.928 -203.026
207.03 204.655 -203.854
207.022 205.382 -204.682
207.012 206.109 -205.511
207.001 206.835 -206.34
206.988 207.561 -207.169
206.973 208.287 -207.999
206.957 209.012 -208.829
206.939 209.736 -209.659
206.92 210.461 -210.49
206.899 211.185 -211.321
206.876 211.908 -212.152
206.852 212.632 -212.983
206.827 213.355 -213.815
206.8 214.077 -214.647
206.771 214.799 -215.479
206.741 215.521 -216.311
206.71 216.242 -217.144
206.678 216.963 -217.977
206.643 217.684 -218.81
206.608 218.404 -219.644
206.571 219.124 -220.478
206.533 219.844 -221.312
206.494 220.563 -222.146
206.453 221.282 -222.98
206.411 222.001 -223.815
206.368 222.719 -224.65
206.323 223.436 -225.485
206.278 224.154 -226.321
206.231 224.871 -227.157
206.183 225.588 -227.993
206.133 226.304 -228.829
206.083 227.02 -229.665
206.031 227.736 -230.502
205.979 228.451 -231.339
205.925 229.166 -232.176
205.87 229.881 -233.013
205.814 230.595 -233.851
205.757 231.309 -234.689
205.7 232.022 -235.527
205.641 232.736 -236.365
205.581 233.448 -237.204
205.52 234.161 -238.042
205.458 234.873 -238.881
205.395 235.585 -239.72
205.332 236.297 -240.56
205.267 237.008 -241.399
205.202 237.719 -242.239
205.136 238.43 -243.079
205.069 239.14 -243.919
205.001 239.85 -244.759
204.932 240.56 -245.6
204.863 241.269 -246.441
204.792 241.978 -247.281
204.721 242.687 -248.123
204.65 243.395 -248.964
204.577 244.103 -249.805
204.504 244.811 -250.647
204.43 245.519 -251.489
204.356 246.226 -252.331
204.281 246.933 -253.173
204.205 247.64 -254.016
204.129 248.346 -254.858
204.052 249.052 -255.701
203.975 249.758 -256.544
203.897 250.464 -257.387
203.818 251.169 -258.231
203.739 251.874 -259.074
203.66 252.579 -259.918
203.58 253.283 -260.762
203.5 253.988 -261.606
203.419 254.692 -262.45
203.338 255.395 -263.294
203.256 256.099 -264.139
203.174 256.802 -264.984
203.092 257.505 -265.829
203.009 258.208 -266.674
202.926 258.91 -267.519
202.843 259.613 -268.364
202.759 260.315 -269.21
202.675 261.017 -270.055
202.591 261.718 -270.901
202.506 262.42 -271.747
202.422 263.121 -272.593
202.337 263.822 -273.44
202.252 264.523 -274.286
202.167 265.224 -275.133
202.081 265.924 -275.98
201.996 266.624 -276.827
201.91 267.324 -277.674
201.825 268.024 -278.521
201.739 268.724 -279.368
201.653 269.423 -280.216
201.567 270.123 -281.063
201.482 270.822 -281.911
201.396 271.521 -282.759
201.31 272.219 -283.607
201.224 272.918 -284.455
201.138 273.617 -285.303
201.053 274.315 -286.152
200.967 275.013 -287
200.881 275.711 -287.849
200.796 276.409 -288.698
200.711 277.107 -289.547
200.626 277.805 -290.396
200.541 278.502 -291.245
200.456 279.2 -292.094
200.372 279.897 -292.943
200.287 280.594 -293.793
200.203 281.291 -294.643
200.12 281.988 -295.492
200.036 282.685 -296.342
199.953 283.382 -297.192
199.87 284.079 -298.042
199.787 284.775 -298.892
199.705 285.472 -299.743
199.623 286.168 -300.593
199.542 286.865 -301.443
199.461 287.561 -302.294
199.38 288.257 -303.145
199.3 288.953 -303.995
199.221 289.65 -304.846
199.141 290.346 -305.697
199.063 291.042 -306.548
198.984 291.738 -307.399
198.907 292.434 -308.25
198.83 293.13 -309.101
198.753 293.826 -309.953
198.677 294.521 -310.804
198.602 295.217 -311.656
198.527 295.913 -312.507
198.453 296.609 -313.359
198.379 297.305 -314.21
198.307 298 -315.062
198.234 298.696 -315.914
198.163 299.392 -316.766
198.092 300.088 -317.618
198.022 300.784 -318.469
197.953 301.48 -319.321
197.885 302.176 -320.173
197.817 302.871 -321.025

1.10219 0.00427687 -0.00154645
2.20431 0.0171166 -0.00615925
3.30628 0.038532 -0.0137983
4.40802 0.068535 -0.024423
5.50946 0.107136 -0.0379927
6.61053 0.154346 -0.0544661
7.71114 0.210172 -0.0738016
8.81123 0.274623 -0.0959575
9.91073 0.347705 -0.120891
11.0095 0.429423 -0.148561
12.1076 0.519784 -0.178923
13.2049 0.618789 -0.211935
14.3012 0.726441 -0.247553
15.3966 0.842743 -0.285733
16.4909 0.967693 -0.326431
17.5842 1.10129 -0.369604
18.6762 1.24354 -0.415205
19.767 1.39443 -0.463192
20.8564 1.55396 -0.513517
21.9444 1.72213 -0.566136
23.031 1.89893 -0.621003
24.116 2.08435 -0.678072
25.1993 2.27839 -0.737298
26.281 2.48104 -0.798633
27.3609 2.69228 -0.862031
28.439 2.91212 -0.927446
29.5152 3.14052 -0.99483
30.5893 3.37749 -1.06414
31.6615 3.62301 -1.13532
32.7315 3.87706 -1.20832
33.7994 4.13963 -1.28311
34.865 4.4107 -1.35963
35.9283 4.69026 -1.43783
36.9892 4.97829 -1.51767
38.0476 5.27476 -1.59909
39.1036 5.57965 -1.68205
40.1569 5.89295 -1.7665
41.2076 6.21464 -1.85239
42.2556 6.54468 -1.93967
43.3009 6.88306 -2.0283
44.3432 7.22975 -2.11821
45.3827 7.58473 -2.20938
46.4193 7.94796 -2.30173
47.4528 8.31942 -2.39524
48.4832 8.69909 -2.48984
49.5104 9.08693 -2.58548
50.5345 9.48291 -2.68213
51.5553 9.887 -2.77972
52.5728 10.2992 -2.8782
53.5869 10.7194 -2.97754
54.5975 11.1476 -3.07767
55.6047 11.5838 -3.17856
56.6083 12.028 -3.28014
57.6083 12.4801 -3.38237
58.6047 12.94 -3.4852
59.5973 13.4078 -3.58858
60.5862 13.8834 -3.69246
61.5713 14.3667 -3.79679
62.5525 14.8577 -3.90152
63.5298 15.3565 -4.0066
64.5031 15.8628 -4.11199
65.4724 16.3768 -4.21762
66.4376 16.8983 -4.32346
67.3987 17.4273 -4.42945
68.3557 17.9638 -4.53555
69.3084 18.5078 -4.6417
70.2569 19.0591 -4.74785
71.2011 19.6177 -4.85396
72.141 20.1836 -4.95998
73.0765 20.7568 -5.06586
74.0075 21.3371 -5.17155
74.9341 21.9246 -5.277
75.8562 22.5192 -5.38216
76.7738 23.1208 -5.48698
77.6867 23.7295 -5.59142
78.5951 24.3451 -5.69543
79.4987 24.9676 -5.79896
80.3977 25.5969 -5.90196
81.292 26.233 -6.00439
82.1815 26.8759 -6.10619
83.0662 27.5255 -6.20733
83.946 28.1817 -6.30775
84.821 28.8445 -6.4074
85.6911 29.5138 -6.50624
86.5563 30.1896 -6.60422
87.4165 30.8718 -6.7013
88.2718 31.5604 -6.79744
89.122 32.2554 -6.89257
89.9672 32.9565 -6.98666
90.8073 33.6639 -7.07967
91.6424 34.3774 -7.17154
92.4723 35.097 -7.26224
93.2971 35.8227 -7.35171
94.1167 36.5543 -7.43992
94.9312 37.2918 -7.52682
95.7404 38.0352 -7.61235
96.5445 38.7844 -7.69649
97.3433 39.5394 -7.77919
98.1368 40.3 -7.8604
98.9251 41.0663 -7.94008
99.708 41.8381 -8.01819
100.486 42.6154 -8.09468
101.258 43.3982 -8.16952
102.025 44.1864 -8.24265
102.787 44.9799 -8.31405
103.543 45.7787 -8.38366
104.294 46.5827 -8.45144
105.039 47.3919 -8.51737
105.779 48.2061 -8.58138
106.514 49.0254 -8.64345
107.243 49.8496 -8.70353
107.967 50.6788 -8.76158
108.686 51.5128 -8.81757
109.399 52.3515 -8.87146
110.106 53.1951 -8.92319
110.808 54.0432 -8.97275
111.505 54.896 -9.02008
112.196 55.7534 -9.06516
112.882 56.6152 -9.10793
113.562 57.4814 -9.14838
114.237 58.3521 -9.18645
114.907 59.227 -9.22211
115.571 60.1061 -9.25532
116.229 60.9894 -9.28606
116.882 61.8769 -9.31427
117.53 62.7684 -9.33994
118.172 63.6639 -9.36301
118.809 64.5634 -9.38346
119.44 65.4667 -9.40126
120.066 66.3738 -9.41636
120.686 67.2847 -9.42873
121.301 68.1993 -9.43835
121.911 69.1175 -9.44517
122.515 70.0393 -9.44916
123.114 70.9646 -9.4503
123.708 71.8934 -9.44854
124.296 72.8255 -9.44386
124.879 73.761 -9.43623
125.456 74.6998 -9.4256
126.028 75.6417 -9.41196
126.595 76.5869 -9.39527
127.157 77.5351 -9.37551
127.713 78.4863 -9.35263
128.264 79.4406 -9.32661
128.81 80.3977 -9.29742
129.35 81.3578 -9.26504
129.886 82.3206 -9.22943
130.416 83.2861 -9.19056
130.941 84.2544 -9.14842
131.46 85.2253 -9.10295
131.975 86.1987 -9.05416
132.485 87.1747 -9.00199
132.989 88.1531 -8.94643
133.488 89.1339 -8.88745
133.983 90.1171 -8.82503
134.472 91.1025 -8.75914
134.956 92.0902 -8.68974
135.436 93.08 -8.61683
135.91 94.072 -8.54037
136.379 95.066 -8.46033
136.844 96.062 -8.3767
137.304 97.06 -8.28945
137.759 98.0598 -8.19856
138.209 99.0615 -8.10399
138.654 100.065 -8.00574
139.094 101.07 -7.90377
139.53 102.077 -7.79807
139.961 103.086 -7.68861
140.387 104.096 -7.57537
140.809 105.107 -7.45833
141.226 106.12 -7.33747
141.638 107.135 -7.21276
142.046 108.151 -7.08419
142.45 109.168 -6.95174
142.849 110.186 -6.81538
143.243 111.206 -6.6751
143.633 112.227 -6.53088
144.019 113.248 -6.3827
144.4 114.271 -6.23053
144.777 115.295 -6.07437
145.15 116.32 -5.91419
145.518 117.346 -5.74998
145.882 118.372 -5.58171
146.242 119.4 -5.40938
146.598 120.428 -5.23295
146.95 121.457 -5.05243
147.298 122.486 -4.86779
147.641 123.516 -4.67901
147.981 124.547 -4.48608
148.317 125.578 -4.28899
148.649 126.61 -4.08772
148.977 127.642 -3.88225
149.301 128.674 -3.67257
149.621 129.707 -3.45867
149.937 130.74 -3.24053
150.25 131.773 -3.01813
150.559 132.807 -2.79148
150.865 133.84 -2.56054
151.167 134.874 -2.32532
151.465 135.907 -2.08579
151.76 136.941 -1.84194
152.052 137.975 -1.59377
152.34 139.008 -1.34127
152.624 140.042 -1.08441
152.905 141.075 -0.823189
153.183 142.108 -0.557599
153.458 143.14 -0.287628
153.73 144.173 -0.0132657
153.998 145.205 0.265498
154.263 146.237 0.548673
154.525 147.268 0.836268
154.784 148.299 1.12829
155.04 149.329 1.42475
155.294 150.358 1.72566
155.544 151.388 2.03102
155.791 152.416 2.34084
156.036 153.444 2.65513
156.278 154.471 2.9739
156.517 155.497 3.29715
156.753 156.522 3.62489
156.987 157.547 3.95713
157.218 158.571 4.29386
157.447 159.593 4.63511
157.673 160.615 4.98087
157.897 161.636 5.33114
158.119 162.656 5.68594
158.338 163.675 6.04527
158.555 164.692 6.40913
158.769 165.709 6.77752
158.982 166.724 7.15046
159.192 167.738 7.52793
159.4 168.75 7.90996
159.606 169.762 8.29653
159.81 170.772 8.68765
160.012 171.781 9.08332
160.212 172.788 9.48355
160.411 173.794 9.88834
160.607 174.798 10.2977
160.802 175.801 10.7116
160.995 176.802 11.13
161.187 177.802 11.5531
161.377 178.8 11.9806
161.565 179.796 12.4128
161.752 180.791 12.8495
161.937 181.783 13.2907
162.121 182.775 13.7366
162.304 183.764 14.1869
162.485 184.751 14.6418
162.665 185.737 15.1013
162.844 186.72 15.5653
163.022 187.702 16.0339
163.198 188.682 16.507
163.374 189.66 16.9847
163.548 190.635 17.4669
163.722 191.609 17.9536
163.894 192.58 18.4448
164.066 193.549 18.9406
164.237 194.517 19.4409
164.408 195.482 19.9457
164.577 196.444 20.455
164.746 197.405 20.9688
164.914 198.363 21.4871
165.082 199.318 22.0099
165.25 200.272 22.5371
165.417 201.223 23.0689
165.583 202.171 23.6051
165.749 203.117 24.1457
165.915 204.061 24.6908
166.081 205.001 25.2404
166.246 205.94 25.7943
166.412 206.876 26.3527
166.577 207.809 26.9155
166.742 208.739 27.4827
166.908 209.667 28.0543
167.073 210.592 28.6303
167.239 211.514 29.2106
167.404 212.434 29.7953
167.57 213.351 30.3844
167.737 214.265 30.9777
167.903 215.176 31.5754
168.07 216.084 32.1774
168.238 216.989 32.7837
168.405 217.891 33.3942
168.574 218.79 34.009
168.743 219.686 34.6281
168.913 220.579 35.2514
169.083 221.469 35.8789
169.254 222.356 36.5106
169.426 223.24 37.1465
169.599 224.12 37.7865
169.773 224.998 38.4307
169.947 225.872 39.0791
170.123 226.742 39.7315
170.3 227.61 40.3881
170.478 228.474 41.0487
170.657 229.335 41.7133
170.837 230.192 42.382
171.019 231.046 43.0548
171.201 231.897 43.7315
171.386 232.744 44.4122
171.571 233.588 45.0968
171.758 234.428 45.7854
171.947 235.264 46.4778
172.137 236.097 47.1742
172.329 236.927 47.8744
172.522 237.752 48.5785
172.718 238.574 49.2863
172.914 239.393 49.998
173.113 240.207 50.7134
173.314 241.018 51.4325
173.516 241.825 52.1554
173.721 242.628 52.8819
173.928 243.428 53.6121
174.136 244.223 54.346
174.347 245.015 55.0834
174.56 245.802 55.8244
174.775 246.586 56.5689
174.992 247.366 57.317
175.212 248.142 58.0685
175.434 248.913 58.8235
175.658 249.681 59.5819
175.885 250.445 60.3436
176.115 251.204 61.1088
176.347 251.959 61.8772
176.581 252.711 62.649
176.818 253.457 63.424
177.058 254.2 64.2022
177.301 254.939 64.9837
177.546 255.673 65.7682
177.795 256.403 66.5559
178.046 257.128 67.3467
178.3 257.85 68.1405
178.557 258.567 68.9373
178.817 259.279 69.7371
179.08 259.987 70.5398
179.346 260.691 71.3454
179.615 261.39 72.1538
179.888 262.084 72.9651
180.164 262.774 73.7791
180.443 263.46 74.5959
180.725 264.141 75.4153
181.011 264.817 76.2374
181.3 265.489 77.0621
181.592 266.156 77.8893
181.888 266.818 78.7191
182.188 267.476 79.5513
182.491 268.129 80.386
182.798 268.777 81.223
183.108 269.42 82.0624
183.422 270.059 82.9041
183.74 270.693 83.748
184.062 271.321 84.5941
184.387 271.945 85.4423
184.717 272.565 86.2926
185.05 273.179 87.145
185.387 273.788 87.9994
185.728 274.392 88.8557
186.073 274.992 89.7139
186.422 275.586 90.574
186.776 276.175 91.4358
187.133 276.76 92.2994
187.494 277.339 93.1647
187.86 277.913 94.0316
188.23 278.482 94.9001
188.604 279.046 95.7701
188.983 279.605 96.6416
189.366 280.158 97.5145
189.753 280.706 98.3887
190.144 281.25 99.2642
190.54 281.787 100.141
190.941 282.32 101.019
191.346 282.847 101.898
191.755 283.369 102.778
192.169 283.886 103.659
192.587 284.398 104.542
193.011 284.904 105.424
193.438 285.404 106.308
193.871 285.9 107.193
194.308 286.39 108.078
194.75 286.874 108.964
195.196 287.353 109.851
195.648 287.827 110.738
196.104 288.295 111.625
196.565 288.758 112.513
197.031 289.215 113.401
197.501 289.667 114.289
197.977 290.113 115.178
198.458 290.553 116.067
198.943 290.989 116.956
199.433 291.418 117.844
199.929 291.842 118.733
200.429 292.26 119.622
200.934 292.673 120.51
201.445 293.08 121.398
201.96 293.482 122.286
202.481 293.878 123.173
203.006 294.268 124.06
203.537 294.652 124.946
204.073 295.031 125.831
204.614 295.404 126.716
205.16 295.772 127.6
205.711 296.134 128.483
206.268 296.49 129.366
206.829 296.84 130.247
207.396 297.185 131.127
207.968 297.524 132.006
208.545 297.857 132.884
209.128 298.184 133.761
209.715 298.506 134.636
210.308 298.822 135.51
210.906 299.132 136.382
211.51 299.437 137.253
212.118 299.735 138.122
212.732 300.028 138.989
213.351 300.315 139.854
213.976 300.597 140.718
214.606 300.872 141.58
215.241 301.142 142.439
215.881 301.406 143.297
216.526 301.665 144.152
217.177 301.917 145.005
217.833 302.164 145.855
218.495 302.405 146.704
219.161 302.64 147.549
219.833 302.869 148.392
220.51 303.093 149.233
221.193 303.311 150.07
221.88 303.523 150.905
222.573 303.729 151.737
223.271 303.93 152.566
223.975 304.125 153.392
224.683 304.314 154.215
225.397 304.497 155.035
226.116 304.675 155.851
226.84 304.847 156.664
227.57 305.013 157.473
228.304 305.174 158.279
229.044 305.329 159.082
229.788 305.478 159.881
230.538 305.622 160.675
231.293 305.759 161.467
232.053 305.892 162.254
232.818 306.018 163.037
233.588 306.139 163.816
234.363 306.255 164.591
235.144 306.365 165.362
235.929 306.469 166.129
236.719 306.568 166.891
237.514 306.661 167.649
238.314 306.749 168.402
239.118 306.831 169.15
239.928 306.908 169.894
240.743 306.979 170.633
241.562 307.045 171.368
242.386 307.105 172.097
243.215 307.16 172.822
244.048 307.21 173.541
244.887 307.254 174.255
245.73 307.293 174.965
246.577 307.326 175.668
247.429 307.355 176.367
248.286 307.378 177.06
249.147 307.396 177.748
250.013 307.408 178.43
250.883 307.416 179.106
251.758 307.418 179.777
252.637 307.415 180.442
253.52 307.407 181.101
254.408 307.395 181.754
255.3 307.377 182.401
256.196 307.354 183.042
257.096 307.326 183.677
258.001 307.293 184.306
258.91 307.255 184.929
259.823 307.212 185.545
260.739 307.165 186.155
261.66 307.112 186.759
262.585 307.055 187.356
263.514 306.993 187.946
264.446 306.927 188.53
265.382 306.855 189.107
266.322 306.78 189.677
267.266 306.699 190.241
268.214 306.614 190.798
269.165 306.525 191.348
270.12 306.431 191.89
271.078 306.332 192.426
272.039 306.229 192.955
273.005 306.122 193.476
273.973 306.011 193.99
274.945 305.895 194.497
275.92 305.775 194.997
276.898 305.651 195.489
277.88 305.523 195.974
278.864 305.39 196.452
279.852 305.254 196.921
280.843 305.113 197.384
281.836 304.969 197.838
282.833 304.821 198.285
283.832 304.668 198.725

1.1022 0.000225408 -0.000333161
2.20441 0.00089884 -0.00131808
3.30661 0.0020161 -0.0029329
4.40881 0.00357295 -0.00515571
5.51101 0.00556516 -0.0079646
6.61321 0.00798845 -0.0113376
7.7154 0.0108386 -0.0152528
8.81759 0.0141112 -0.019688
9.91978 0.0178019 -0.0246214
11.022 0.0219065 -0.0300308
12.1241 0.0264206 -0.0358942
13.2263 0.0313398 -0.0421894
14.3285 0.0366596 -0.0488943
15.4307 0.0423757 -0.0559869
16.5328 0.0484837 -0.0634448
17.635 0.054979 -0.071246
18.7371 0.0618572 -0.0793683
19.8393 0.0691138 -0.0877894
20.9414 0.0767443 -0.0964871
22.0436 0.0847441 -0.105439
23.1457 0.0931088 -0.114623
24.2478 0.101834 -0.124017
25.3499 0.110914 -0.133599
26.4521 0.120346 -0.143346
27.5542 0.130124 -0.153236
28.6563 0.140244 -0.163247
29.7584 0.150702 -0.173356
30.8605 0.161491 -0.183541
31.9626 0.172609 -0.19378
33.0647 0.18405 -0.20405
34.1668 0.195809 -0.21433
35.2689 0.207883 -0.224596
36.371 0.220265 -0.234827
37.4731 0.232951 -0.245001
38.5751 0.245937 -0.255094
39.6772 0.259218 -0.265085
40.7793 0.272789 -0.274951
41.8814 0.286645 -0.28467
42.9835 0.300781 -0.294219
44.0855 0.315193 -0.303577
45.1876 0.329876 -0.312722
46.2897 0.344824 -0.32163
47.3917 0.360034 -0.33028
48.4938 0.375499 -0.338649
49.5958 0.391216 -0.346716
50.6979 0.407179 -0.354457
51.8 0.423384 -0.361851
52.902 0.439825 -0.368876
54.0041 0.456497 -0.375509
55.1061 0.473396 -0.381728
56.2082 0.490517 -0.387512
57.3103 0.507855 -0.392837
58.4123 0.525404 -0.397683
59.5144 0.54316 -0.402027
60.6164 0.561118 -0.405846
61.7185 0.579272 -0.409119
62.8205 0.597619 -0.411824
63.9226 0.616152 -0.413939
65.0246 0.634866 -0.415442
66.1266 0.653758 -0.416311
67.2287 0.67282 -0.416525
68.3307 0.69205 -0.41606
69.4328 0.711441 -0.414897
70.5348 0.730988 -0.413012
71.6368 0.750686 -0.410384
72.7388 0.770531 -0.406992
73.8408 0.790517 -0.402813
74.9429 0.810639 -0.397827
76.0449 0.830891 -0.392011
77.1469 0.85127 -0.385344
78.2488 0.871769 -0.377804
79.3508 0.892384 -0.36937
80.4528 0.913109 -0.360022
81.5548 0.93394 -0.349736
82.6567 0.95487 -0.338492
83.7586 0.975896 -0.326269
84.8606 0.997011 -0.313045
85.9625 1.01821 -0.2988
87.0644 1.03949 -0.283512
88.1662 1.06084 -0.267159
89.2681 1.08227 -0.249722
90.3699 1.10375 -0.231179
91.4718 1.1253 -0.211509
92.5735 1.1469 -0.190691
93.6753 1.16855 -0.168705
94.7771 1.19024 -0.145529
95.8788 1.21197 -0.121144
96.9805 1.23373 -0.095528
98.0821 1.25552 -0.068661
99.1838 1.27733 -0.0405225
100.285 1.29916 -0.0110919
101.387 1.321 0.0196509
102.488 1.34285 0.0517264
103.59 1.3647 0.0851547
104.691 1.38654 0.119956
105.793 1.40838 0.15615
106.894 1.4302 0.193758
107.995 1.452 0.232798
109.097 1.47378 0.273292
110.198 1.49553 0.315258
111.299 1.51725 0.358716
112.4 1.53892 0.403686
113.501 1.56055 0.450188
114.602 1.58213 0.49824
115.703 1.60365 0.547863
116.804 1.62512 0.599076
117.904 1.64651 0.651898
119.005 1.66784 0.706347
120.106 1.68908 0.762444
121.206 1.71025 0.820206
122.307 1.73133 0.879654
123.407 1.75232 0.940804
124.507 1.77321 1.00368
125.607 1.79399 1.06829
126.707 1.81467 1.13466
127.807 1.83524 1.20282
128.907 1.85569 1.27276
130.007 1.87602 1.34452
131.106 1.89621 1.41812
132.206 1.91628 1.49356
133.305 1.93621 1.57087
134.404 1.95599 1.65007
135.503 1.97562 1.73117
136.602 1.9951 1.8142
137.701 2.01442 1.89916
138.799 2.03358 1.98607
139.898 2.05256 2.07496
140.996 2.07137 2.16585
142.094 2.09001 2.25873
143.192 2.10846 2.35365
144.29 2.12671 2.4506
145.388 2.14478 2.54961
146.485 2.16264 2.6507
147.582 2.1803 2.75387
148.679 2.19775 2.85916
149.776 2.21499 2.96656
150.873 2.232 3.07611
151.969 2.24879 3.18781
153.065 2.26535 3.30168
154.161 2.28167 3.41774
155.257 2.29776 3.536
156.352 2.3136 3.65648
157.448 2.32919 3.77919
158.543 2.34453 3.90415
159.637 2.3596 4.03138
160.732 2.37442 4.16088
161.826 2.38896 4.29267
162.92 2.40323 4.42677
164.014 2.41722 4.5632
165.107 2.43092 4.70196
166.2 2.44434 4.84307
167.293 2.45746 4.98654
168.385 2.47029 5.1324
169.477 2.48281 5.28064
170.569 2.49502 5.43129
171.661 2.50692 5.58437
172.752 2.5185 5.73987
173.842 2.52976 5.89782
174.933 2.5407 6.05823
176.023 2.5513 6.22111
177.113 2.56157 6.38647
178.202 2.57149 6.55434
179.291 2.58107 6.72471
180.379 2.5903 6.8976
181.467 2.59918 7.07303
182.555 2.60769 7.251
183.642 2.61585 7.43153
184.729 2.62363 7.61463
185.816 2.63104 7.80032
186.902 2.63807 7.98859
187.987 2.64472 8.17947
189.072 2.65099 8.37296
190.157 2.65686 8.56907
191.241 2.66234 8.76783
192.325 2.66742 8.96922
193.408 2.6721 9.17328
194.49 2.67636 9.38
195.573 2.68022 9.5894
196.654 2.68366 9.80148
197.735 2.68667 10.0163
198.816 2.68926 10.2337
199.896 2.69143 10.454
200.975 2.69315 10.6769
202.054 2.69444 10.9025
203.132 2.69529 11.1309
204.21 2.69569 11.3621
205.287 2.69565 11.596
206.364 2.69514 11.8327
207.439 2.69418 12.0721
208.515 2.69276 12.3144
209.589 2.69087 12.5594
210.663 2.68851 12.8072
211.737 2.68567 13.0578
212.809 2.68236 13.3113
213.881 2.67857 13.5675
214.953 2.67429 13.8266
216.023 2.66952 14.0885
217.093 2.66425 14.3533
218.162 2.65849 14.6209
219.231 2.65223 14.8914
220.299 2.64546 15.1647
221.366 2.63819 15.4409
222.432 2.6304 15.7199
223.497 2.6221 16.0018
224.562 2.61328 16.2866
225.626 2.60393 16.5743
226.689 2.59406 16.8649
227.752 2.58366 17.1584
228.813 2.57273 17.4547
229.874 2.56126 17.754
230.934 2.54925 18.0562
231.993 2.5367 18.3613
233.051 2.5236 18.6692
234.108 2.50995 18.9802
235.165 2.49575 19.294
236.221 2.481 19.6108
237.275 2.46568 19.9304
238.329 2.4498 20.2531
239.382 2.43335 20.5786
240.434 2.41634 20.9071
241.485 2.39875 21.2385
242.535 2.38059 21.5728
243.584 2.36185 21.9101
244.632 2.34254 22.2504
245.68 2.32263 22.5935
246.726 2.30214 22.9397
247.771 2.28107 23.2887
248.815 2.2594 23.6407
249.859 2.23713 23.9957
250.901 2.21427 24.3536
251.942 2.19081 24.7144
252.982 2.16674 25.0782
254.021 2.14207 25.4449
255.059 2.11679 25.8146
256.096 2.0909 26.1873
257.132 2.0644 26.5628
258.167 2.03729 26.9413
259.201 2.00955 27.3228
260.233 1.98119 27.7072
261.265 1.95222 28.0945
262.295 1.92261 28.4848
263.325 1.89238 28.878
264.353 1.86153 29.2742
265.38 1.83004 29.6733
266.405 1.79791 30.0753
267.43 1.76515 30.4802
268.453 1.73175 30.8881
269.476 1.69772 31.2988
270.497 1.66304 31.7125
271.516 1.62771 32.1291
272.535 1.59175 32.5487
273.552 1.55513 32.9711
274.569 1.51786 33.3964
275.584 1.47995 33.8247
276.597 1.44138 34.2558
277.61 1.40215 34.6898
278.621 1.36227 35.1267
279.631 1.32173 35.5665
280.639 1.28054 36.0092
281.646 1.23868 36.4547
282.652 1.19616 36.9031
283.657 1.15297 37.3544
284.66 1.10912 37.8085
285.662 1.0646 38.2655
286.663 1.01942 38.7253
287.662 0.97356 39.1879
288.66 0.927033 39.6534
289.657 0.879835 40.1217
290.652 0.831963 40.5929
291.646 0.783417 41.0668
292.639 0.734196 41.5435
293.63 0.684298 42.0231
294.62 0.633722 42.5054
295.608 0.582468 42.9905
296.595 0.530534 43.4784
297.581 0.47792 43.9691
298.565 0.424624 44.4625
299.548 0.370646 44.9587
300.529 0.315986 45.4576
301.509 0.260641 45.9592
302.487 0.204613 46.4636
303.464 0.147899 46.9707
304.44 0.0904989 47.4805
305.414 0.0324128 47.993
306.386 -0.0263602 48.5082
307.357 -0.0858206 49.0261
308.327 -0.145969 49.5467
309.295 -0.206806 50.0699
310.262 -0.268331 50.5958
311.227 -0.330546 51.1243
312.191 -0.39345 51.6555
313.153 -0.457044 52.1892
314.114 -0.521328 52.7256
315.073 -0.586302 53.2646
316.031 -0.651966 53.8062
316.987 -0.718321 54.3504
317.942 -0.785367 54.8972
318.895 -0.853104 55.4465
319.847 -0.921531 55.9984
320.797 -0.990649 56.5528
321.745 -1.06046 57.1097
322.692 -1.13096 57.6692
323.638 -1.20215 58.2311
324.582 -1.27403 58.7956
325.524 -1.3466 59.3625
326.465 -1.41986 59.932
327.404 -1.49381 60.5038
328.342 -1.56845 61.0782
329.278 -1.64377 61.6549
330.213 -1.71979 62.2341
331.146 -1.7965 62.8157
332.078 -1.87389 63.3997
333.008 -1.95197 63.9861
333.936 -2.03074 64.5749
334.863 -2.11019 65.166
335.788 -2.19033 65.7595
336.712 -2.27115 66.3553
337.634 -2.35266 66.9534
338.555 -2.43485 67.5539
339.474 -2.51773 68.1566
340.392 -2.60128 68.7617
341.307 -2.68552 69.369
342.222 -2.77044 69.9785
343.135 -2.85604 70.5903
344.046 -2.94232 71.2044
344.956 -3.02928 71.8206
345.864 -3.11691 72.4391
346.77 -3.20522 73.0597
347.675 -3.29421 73.6826
348.579 -3.38386 74.3076
349.481 -3.4742 74.9347
350.381 -3.5652 75.564
351.28 -3.65688 76.1954
352.177 -3.74922 76.8289
353.073 -3.84223 77.4645
353.967 -3.93591 78.1021
354.859 -4.03026 78.7419
355.75 -4.12527 79.3836
356.64 -4.22094 80.0275
357.528 -4.31728 80.6733
358.414 -4.41428 81.3211
359.299 -4.51193 81.971
360.182 -4.61025 82.6228
361.064 -4.70922 83.2765
361.945 -4.80884 83.9323
362.823 -4.90912 84.5899
363.701 -5.01005 85.2495
364.576 -5.11163 85.9109
365.451 -5.21386 86.5743
366.324 -5.31674 87.2395
367.195 -5.42026 87.9066
368.065 -5.52443 88.5755
368.933 -5.62924 89.2462
369.8 -5.73469 89.9188
370.665 -5.84077 90.5932
371.529 -5.9475 91.2693
372.391 -6.05486 91.9472
373.252 -6.16285 92.6268
374.112 -6.27148 93.3082
374.97 -6.38073 93.9913
375.827 -6.49061 94.6761
376.682 -6.60112 95.3626
377.536 -6.71225 96.0507
378.388 -6.824 96.7405
379.239 -6.93638 97.432
380.089 -7.04937 98.1251
380.937 -7.16298 98.8197
381.783 -7.2772 99.516
382.629 -7.39203 100.214
383.473 -7.50747 100.913
384.316 -7.62352 101.614
385.157 -7.74018 102.317
385.997 -7.85743 103.021
386.835 -7.97529 103.726
387.673 -8.09375 104.433
388.508 -8.21281 105.142
389.343 -8.33246 105.852
390.176 -8.4527 106.563
391.008 -8.57353 107.276
391.839 -8.69495 107.99
392.669 -8.81695 108.705
393.497 -8.93954 109.422
394.324 -9.0627 110.141
395.149 -9.18645 110.86
395.974 -9.31077 111.581
396.797 -9.43566 112.303
397.619 -9.56113 113.027
398.44 -9.68716 113.752
399.259 -9.81376 114.478
400.077 -9.94092 115.205
400.895 -10.0686 115.934
401.711 -10.1969 116.663
402.525 -10.3258 117.394
403.339 -10.4552 118.127
404.152 -10.5851 118.86
404.963 -10.7156 119.594
405.773 -10.8466 120.33
406.583 -10.9782 121.067
407.391 -11.1103 121.804
408.198 -11.243 122.543
409.004 -11.3762 123.283
409.809 -11.5099 124.024
410.613 -11.6441 124.766
411.415 -11.7789 125.509
412.217 -11.9142 126.253
413.018 -12.05 126.998
413.818 -12.1864 127.744
414.617 -12.3232 128.491
415.415 -12.4606 129.239
416.212 -12.5985 129.988
417.008 -12.7368 130.738
417.803 -12.8757 131.488
418.597 -13.0151 132.24
419.39 -13.155 132.992
420.182 -13.2954 133.745
420.974 -13.4363 134.499
421.765 -13.5776 135.254
422.554 -13.7195 136.01
423.343 -13.8618 136.766
424.131 -14.0046 137.524
424.919 -14.1479 138.281
425.705 -14.2917 139.04
426.491 -14.4359 139.8
427.276 -14.5806 140.56
428.06 -14.7258 141.32
428.844 -14.8715 142.082
429.626 -15.0175 142.844
430.408 -15.1641 143.607
431.19 -15.3111 144.37
431.971 -15.4586 145.134
432.751 -15.6065 145.898
433.53 -15.7548 146.664
434.309 -15.9036 147.429
435.087 -16.0528 148.195
435.864 -16.2025 148.962
436.641 -16.3526 149.729
437.418 -16.5031 150.497
438.194 -16.654 151.265
438.969 -16.8054 152.034
439.744 -16.9571 152.803
440.518 -17.1093 153.573
441.292 -17.2619 154.343
442.065 -17.415 155.113
442.838 -17.5684 155.884
443.61 -17.7222 156.655
444.382 -17.8764 157.427
445.153 -18.031 158.199
445.924 -18.186 158.971
446.695 -18.3414 159.743
447.465 -18.4972 160.516
448.235 -18.6533 161.289
449.005 -18.8099 162.062
449.774 -18.9668 162.836
450.543 -19.1241 163.61
451.312 -19.2817 164.384
452.081 -19.4397 165.158
452.849 -19.5981 165.932
453.617 -19.7568 166.707
454.385 -19.9159 167.481
455.152 -20.0753 168.256
455.919 -20.2351 169.031
456.687 -20.3952 169.806
457.453 -20.5557 170.581
458.22 -20.7165 171.357
458.987 -20.8776 172.132
459.754 -21.0391 172.907
460.52 -21.2008 173.682
461.287 -21.3629 174.458
462.053 -21.5253 175.233
462.819 -21.6881 176.008
463.586 -21.8511 176.784
464.352 -22.0145 177.559
465.118 -22.1781 178.334
465.884 -22.3421 179.109
466.651 -22.5063 179.884
467.417 -22.6708 180.659
468.184 -22.8357 181.434
468.95 -23.0008 182.209
469.717 -23.1662 182.983
470.483 -23.3318 183.757
471.25 -23.4977 184.531
472.017 -23.664 185.305
472.785 -23.8304 186.079
473.552 -23.9971 186.852
474.32 -24.1641 187.626
475.087 -24.3314 188.398
475.855 -24.4989 189.171
476.624 -24.6666 189.943
477.392 -24.8346 190.715
478.161 -25.0028 191.487
478.93 -25.1712 192.258
479.699 -25.3399 193.029
480.469 -25.5088 193.8
481.239 -25.6779 194.57
482.01 -25.8473 195.34
482.78 -26.0168 196.109
483.552 -26.1866 196.878
484.323 -26.3565 197.647
485.095 -26.5267 198.415
485.868 -26.6971 199.182

1.1022 0.00299841 0.00174571
2.20435 0.011968 0.00702626
3.30642 0.0268694 0.0159063
4.40835 0.0476625 0.02845
5.51011 0.0743061 0.044721
6.61165 0.106758 0.064782
7.71293 0.144976 0.0886955
8.81391 0.188915 0.116523
9.91454 0.238531 0.148326
11.0148 0.293778 0.184165
12.1146 0.35461 0.2241
13.2139 0.420979 0.26819
14.3127 0.492836 0.316493
15.4109 0.570133 0.369067
16.5085 0.652819 0.42597
17.6055 0.740844 0.487257
18.7018 0.834155 0.552986
19.7973 0.9327 0.62321
20.8921 1.03643 0.697985
21.986 1.14528 0.777364
23.0791 1.2592 0.8614
24.1713 1.37814 0.950145
25.2625 1.50204 1.04365
26.3527 1.63084 1.14197
27.4419 1.76448 1.24515
28.53 1.9029 1.35323
29.617 2.04605 1.46628
30.7029 2.19386 1.58434
31.7875 2.34628 1.70744
32.8709 2.50323 1.83565
33.9531 2.66466 1.969
35.0339 2.83051 2.10754
36.1133 3.00071 2.25131
37.1914 3.17519 2.40036
38.268 3.35389 2.55472
39.3431 3.53675 2.71445
40.4167 3.72369 2.87957
41.4888 3.91465 3.05012
42.5592 4.10956 3.22616
43.6281 4.30835 3.40771
44.6952 4.51096 3.59481
45.7606 4.71731 3.78749
46.8243 4.92733 3.9858
47.8862 5.14096 4.18976
48.9463 5.35811 4.39941
50.0045 5.57872 4.61478
51.0608 5.80272 4.83591
52.1151 6.03002 5.06281
53.1675 6.26057 5.29553
54.2179 6.49427 5.53409
55.2663 6.73107 5.77852
56.3125 6.97088 6.02885
57.3567 7.21362 6.28509
58.3987 7.45923 6.54728
59.4385 7.70762 6.81545
60.4762 7.95871 7.0896
61.5115 8.21244 7.36977
62.5446 8.46871 7.65598
63.5754 8.72746 7.94824
64.6038 8.9886 8.24658
65.6298 9.25205 8.55102
66.6535 9.51774 8.86156
67.6747 9.78559 9.17823
68.6934 10.0555 9.50105
69.7096 10.3274 9.83002
70.7233 10.6012 10.1652
71.7344 10.8769 10.5065
72.7429 11.1543 10.854
73.7488 11.4334 11.2077
74.7521 11.714 11.5677
75.7527 11.9962 11.9338
76.7505 12.2798 12.3062
77.7457 12.5647 12.6849
78.7381 12.8509 13.0697
79.7277 13.1383 13.4608
80.7144 13.4267 13.8582
81.6984 13.7161 14.2618
82.6795 14.0065 14.6717
83.6577 14.2977 15.0878
84.633 14.5897 15.5102
85.6053 14.8823 15.9389
86.5748 15.1755 16.3738
87.5412 15.4692 16.8149
88.5046 15.7634 17.2623
89.465 16.0578 17.7159
90.4224 16.3525 18.1757
91.3767 16.6474 18.6418
92.3279 16.9424 19.1141
93.276 17.2373 19.5926
94.221 17.5322 20.0773
95.1628 17.8269 20.5681
96.1015 18.1213 21.0652
97.037 18.4154 21.5684
97.9693 18.709 22.0777
98.8984 19.0021 22.5932
99.8242 19.2947 23.1148
100.747 19.5865 23.6425
101.666 19.8776 24.1762
102.582 20.1679 24.716
103.495 20.4572 25.2619
104.405 20.7455 25.8138
105.311 21.0326 26.3716
106.214 21.3186 26.9355
107.113 21.6034 27.5053
108.009 21.8868 28.081
108.902 22.1687 28.6626
109.791 22.4492 29.2501
110.678 22.728 29.8434
111.56 23.0052 30.4426
112.439 23.2806 31.0475
113.315 23.5541 31.6582
114.188 23.8257 32.2746
115.057 24.0954 32.8967
115.922 24.3629 33.5245
116.784 24.6283 34.1579
117.643 24.8914 34.7968
118.498 25.1522 35.4414
119.35 25.4106 36.0914
120.198 25.6665 36.7469
121.043 25.9198 37.4079
121.885 26.1705 38.0743
122.722 26.4185 38.746
123.557 26.6637 39.4231
124.388 26.9061 40.1054
125.215 27.1454 40.793
126.039 27.3818 41.4858
126.86 27.615 42.1837
127.677 27.8451 42.8867
128.491 28.0719 43.5948
129.301 28.2954 44.3079
130.108 28.5156 45.0259
130.911 28.7322 45.7489
131.711 28.9453 46.4767
132.507 29.1548 47.2094
133.3 29.3606 47.9468
134.09 29.5627 48.6889
134.876 29.7609 49.4357
135.658 29.9553 50.1871
136.437 30.1456 50.9431
137.213 30.332 51.7035
137.986 30.5142 52.4684
138.754 30.6923 53.2377
139.52 30.8662 54.0114
140.282 31.0358 54.7893
141.041 31.201 55.5714
141.797 31.3618 56.3577
142.549 31.5181 57.1481
143.298 31.6698 57.9425
144.043 31.817 58.7409
144.785 31.9594 59.5433
145.524 32.0972 60.3495
146.26 32.2301 61.1595
146.992 32.3582 61.9732
147.721 32.4814 62.7906
148.447 32.5996 63.6116
149.169 32.7128 64.4361
149.889 32.8209 65.2642
150.605 32.9239 66.0956
151.318 33.0216 66.9304
152.028 33.1142 67.7684
152.735 33.2014 68.6097
153.438 33.2834 69.4541
154.139 33.3599 70.3016
154.836 33.4309 71.1521
155.531 33.4965 72.0055
156.222 33.5565 72.8618
156.911 33.611 73.7208
157.596 33.6597 74.5826
158.278 33.7029 75.4471
158.958 33.7402 76.3142
159.634 33.7719 77.1837
160.308 33.7976 78.0557
160.979 33.8176 78.9301
161.647 33.8316 79.8067
162.312 33.8397 80.6856
162.974 33.8419 81.5666
163.634 33.838 82.4497
164.291 33.828 83.3348
164.945 33.812 84.2218
165.596 33.7899 85.1106
166.245 33.7616 86.0012
166.891 33.7271 86.8936
167.534 33.6863 87.7875
168.175 33.6393 88.683
168.814 33.5861 89.5799
169.449 33.5265 90.4783
170.083 33.4606 91.3779
170.714 33.3883 92.2788
171.342 33.3096 93.1808
171.968 33.2245 94.084
172.592 33.1329 94.9881
173.213 33.0349 95.8932
173.832 32.9304 96.7991
174.449 32.8193 97.7057
175.064 32.7018 98.6131
175.676 32.5776 99.5211
176.286 32.447 100.43
176.895 32.3097 101.339
177.501 32.1658 102.248
178.104 32.0153 103.158
178.706 31.8581 104.067
179.306 31.6944 104.977
179.904 31.5239 105.888
180.5 31.3468 106.798
181.094 31.163 107.708
181.687 30.9725 108.617
182.277 30.7754 109.527
182.866 30.5715 110.436
183.453 30.3609 111.345
184.038 30.1436 112.253
184.622 29.9196 113.161
185.204 29.6889 114.068
185.785 29.4514 114.974
186.363 29.2073 115.88
186.941 28.9564 116.785
187.517 28.6988 117.688
188.091 28.4345 118.591
188.665 28.1634 119.493
189.236 27.8857 120.393
189.807 27.6013 121.292
190.376 27.3102 122.19
190.944 27.0124 123.086
191.511 26.7079 123.981
192.077 26.3968 124.875
192.642 26.079 125.766
193.205 25.7546 126.656
193.768 25.4236 127.544
194.329 25.0859 128.431
194.89 24.7417 129.315
195.45 24.3909 130.197
196.009 24.0335 131.077
196.567 23.6696 131.955
197.124 23.2991 132.831
197.681 22.9222 133.705
198.237 22.5387 134.576
198.792 22.1489 135.444
199.347 21.7526 136.31
199.901 21.3498 137.174
200.455 20.9408 138.034
201.008 20.5253 138.892
201.561 20.1035 139.747
202.114 19.6755 140.6
202.666 19.2411 141.449
203.218 18.8006 142.295
203.769 18.3538 143.138
204.321 17.9009 143.978
204.872 17.4418 144.815
205.423 16.9766 145.649
205.975 16.5053 146.479
206.526 16.0281 147.305
207.077 15.5448 148.129
207.628 15.0556 148.948
208.179 14.5605 149.764
208.731 14.0595 150.576
209.282 13.5526 151.385
209.834 13.04 152.19
210.386 12.5217 152.99
210.939 11.9976 153.787
211.492 11.4679 154.58
212.045 10.9326 155.369
212.599 10.3917 156.153
213.153 9.84531 156.934
213.708 9.29346 157.71
214.263 8.73618 158.482
214.819 8.17355 159.25
215.376 7.6056 160.013
215.933 7.03239 160.771
216.491 6.45397 161.526
217.05 5.8704 162.275
217.61 5.28173 163.02
218.171 4.68802 163.76
218.732 4.08932 164.496
219.295 3.48569 165.227
219.859 2.87719 165.953
220.423 2.26388 166.674
220.989 1.64581 167.39
221.556 1.02305 168.101
222.124 0.39565 168.807
222.693 -0.236317 169.508
223.264 -0.872793 170.204
223.835 -1.51372 170.894
224.409 -2.15902 171.58
224.983 -2.80864 172.26
225.559 -3.46252 172.935
226.137 -4.12058 173.605
226.716 -4.78276 174.269
227.296 -5.44899 174.928
227.878 -6.11921 175.581
228.462 -6.79335 176.229
229.047 -7.47133 176.871
229.634 -8.15309 177.508
230.223 -8.83857 178.139
230.813 -9.52767 178.765
231.406 -10.2203 179.385
232 -10.9165 179.999
232.596 -11.6161 180.607
233.194 -12.319 181.21
233.794 -13.0252 181.807
234.396 -13.7347 182.398
235 -14.4472 182.983
235.606 -15.1628 183.562
236.214 -15.8813 184.136
236.824 -16.6028 184.703
237.436 -17.3271 185.264
238.051 -18.0541 185.82
238.668 -18.7838 186.369
239.287 -19.5161 186.913
239.908 -20.2509 187.45
240.532 -20.9881 187.982
241.158 -21.7277 188.507
241.786 -22.4696 189.026
242.417 -23.2136 189.539
243.05 -23.9598 190.046
243.686 -24.708 190.547
244.325 -25.4581 191.041
244.966 -26.2102 191.53
245.609 -26.964 192.012
246.255 -27.7195 192.488
246.904 -28.4767 192.958
247.555 -29.2354 193.422
248.209 -29.9955 193.879
248.866 -30.7571 194.33
249.526 -31.5199 194.775
250.188 -32.284 195.214
250.853 -33.0491 195.646
251.521 -33.8154 196.072
252.192 -34.5826 196.492
252.865 -35.3506 196.906
253.542 -36.1195 197.313
254.221 -36.8891 197.714
254.904 -37.6593 198.109
255.589 -38.43 198.498
256.278 -39.2013 198.88
256.969 -39.9728 199.256
257.663 -40.7447 199.626
258.361 -41.5168 199.99
259.061 -42.289 200.347
259.765 -43.0612 200.699
260.472 -43.8334 201.044
261.182 -44.6055 201.383
261.895 -45.3773 201.715
262.611 -46.1489 202.042
263.33 -46.92 202.362
264.053 -47.6907 202.676
264.779 -48.4608 202.985
265.508 -49.2303 203.287
266.24 -49.9991 203.583
266.976 -50.767 203.872
267.715 -51.5341 204.156
268.457 -52.3002 204.434
269.202 -53.0652 204.706
269.951 -53.8291 204.972
270.703 -54.5917 205.231
271.459 -55.3531 205.485
272.217 -56.113 205.733
272.98 -56.8715 205.975
273.745 -57.6284 206.212
274.514 -58.3837 206.442
275.287 -59.1373 206.667
276.062 -59.889 206.886
276.842 -60.6389 207.099
277.624 -61.3868 207.306
278.41 -62.1327 207.508
279.2 -62.8764 207.704
279.993 -63.618 207.894
280.789 -64.3572 208.079
281.589 -65.0941 208.259
282.392 -65.8286 208.432
283.199 -66.5605 208.601
284.009 -67.2898 208.764
284.822 -68.0164 208.921
285.64 -68.7403 209.074
286.46 -69.4613 209.221
287.284 -70.1795 209.362
288.112 -70.8946 209.499
288.943 -71.6067 209.63
289.777 -72.3157 209.756
290.615 -73.0214 209.877
291.456 -73.7239 209.993
292.301 -74.423 210.104
293.15 -75.1186 210.211
294.001 -75.8108 210.312
294.857 -76.4994 210.408
295.715 -77.1843 210.5
296.577 -77.8656 210.587
297.443 -78.543 210.669
298.312 -79.2166 210.746
299.184 -79.8862 210.819
300.06 -80.5519 210.888
300.939 -81.2135 210.952
301.822 -81.8709 211.011
302.708 -82.5242 211.067
303.597 -83.1732 211.117
304.49 -83.8179 211.164
305.386 -84.4581 211.206
306.286 -85.094 211.245
307.189 -85.7253 211.279
308.095 -86.352 211.309
309.004 -86.9741 211.336
309.917 -87.5915 211.358
310.833 -88.2041 211.376
311.753 -88.8119 211.391
312.675 -89.4148 211.402
313.601 -90.0128 211.41
314.53 -90.6058 211.414
315.462 -91.1938 211.414
316.398 -91.7766 211.411
317.337 -92.3543 211.404
318.278 -92.9267 211.395
319.223 -93.4939 211.382
320.172 -94.0558 211.365
321.123 -94.6123 211.346
322.077 -95.1633 211.324
323.034 -95.7089 211.299
323.995 -96.249 211.27
324.958 -96.7835 211.239
325.925 -97.3124 211.206
326.894 -97.8357 211.169
327.866 -98.3532 211.13
328.842 -98.865 211.088
329.82 -99.371 211.044
330.801 -99.8711 210.998
331.785 -100.365 210.949
332.772 -100.854 210.898
333.761 -101.336 210.844
334.754 -101.813 210.789
335.749 -102.283 210.731
336.747 -102.747 210.672
337.747 -103.205 210.611
338.751 -103.657 210.548
339.756 -104.103 210.483
340.765 -104.543 210.416
341.776 -104.976 210.348
342.79 -105.404 210.279
343.806 -105.824 210.208
344.825 -106.239 210.135
345.846 -106.647 210.062
346.87 -107.049 209.987
347.896 -107.444 209.911
348.924 -107.833 209.834
349.955 -108.216 209.756
350.988 -108.592 209.677
352.023 -108.961 209.598
353.061 -109.324 209.517
354.101 -109.681 209.436
355.143 -110.031 209.355
356.187 -110.374 209.272
357.233 -110.711 209.19
358.281 -111.041 209.107
359.332 -111.364 209.024
360.384 -111.681 208.941
361.439 -111.991 208.857
362.495 -112.295 208.774
363.553 -112.591 208.691
364.613 -112.882 208.607
365.675 -113.165 208.524
366.739 -113.442 208.442
367.804 -113.712 208.359
368.871 -113.975 208.277
369.94 -114.232 208.196
371.011 -114.482 208.115
372.083 -114.725 208.035
373.156 -114.961 207.956
374.231 -115.191 207.877
375.308 -115.414 207.8
376.386 -115.631 207.723
377.465 -115.84 207.647
378.546 -116.043 207.573
379.628 -116.239 207.5
380.712 -116.429 207.428
381.796 -116.612 207.358
382.882 -116.788 207.289
383.969 -116.957 207.221
385.057 -117.12 207.155
386.147 -117.276 207.091
387.237 -117.426 207.029
388.328 -117.569 206.968
389.42 -117.705 206.91
390.513 -117.835 206.853
391.607 -117.958 206.799
392.702 -118.075 206.746
393.798 -118.185 206.696
394.894 -118.288 206.648
395.991 -118.385 206.602
397.088 -118.476 206.559
398.187 -118.56 206.519
399.285 -118.638 206.48
400.385 -118.709 206.445
401.485 -118.774 206.412
402.585 -118.833 206.382
403.685 -118.885 206.355
404.786 -118.931 206.331
405.888 -118.971 206.31
406.989 -119.005 206.292
408.091 -119.032 206.277
409.193 -119.054 206.265
410.295 -119.069 206.257
411.397 -119.078 206.252
412.499 -119.081 206.25
413.601 -119.078 206.252


