0 0.264091 -0.140898 -0 -1.69399 2.98452 0.0318262 0.256964 -0.125467 -0.00299456 -1.71539 2.89749 
0.0114155 0.238321 -0.115211 0.00715782 -1.6821 2.94069 0.0272516 0.250917 -0.117417 -0.0291968 -1.69744 2.90107 
0.022831 0.212551 -0.0895233 0.0143156 -1.67022 2.89686 0.0235274 0.245746 -0.109905 -0.0544591 -1.67971 2.90424 
0.0342465 0.18678 -0.063836 0.0214735 -1.65834 2.85303 0.0206753 0.241453 -0.102898 -0.0787306 -1.66219 2.90695 
0.045662 0.16101 -0.0381486 0.0286313 -1.64645 2.8092 0.0187104 0.23805 -0.0963872 -0.101958 -1.64488 2.90916 
0.0619623 0.139829 -0.0209454 0.0403959 -1.63074 2.75978 0.0141653 0.231636 -0.0882968 -0.128527 -1.62625 2.91274 
0.0782625 0.118649 -0.0037422 0.0521605 -1.61503 2.71035 0.0104645 0.226343 -0.0807696 -0.153911 -1.60829 2.91591 
0.0945628 0.0974683 0.013461 0.0639251 -1.59933 2.66092 0.00761071 0.222174 -0.0737794 -0.17806 -1.591 2.91862 
0.110863 0.0762878 0.0306642 0.0756897 -1.58362 2.6115 0.00559994 0.219137 -0.0673121 -0.20092 -1.57436 2.92081 
0.131587 0.0612226 0.0382402 0.0930013 -1.56638 2.55669 0.00146186 0.212317 -0.0593328 -0.227705 -1.55462 2.92414 
0.152311 0.0461573 0.0458163 0.110313 -1.54915 2.50188 -0.00208719 0.206893 -0.0518388 -0.253158 -1.53629 2.92723 
0.173036 0.0310921 0.0533923 0.127624 -1.53192 2.44706 -0.0050704 0.202862 -0.0448066 -0.277233 -1.51937 2.93003 
0.19376 0.0160268 0.0609683 0.144936 -1.51468 2.39225 -0.00751554 0.200228 -0.0382327 -0.299884 -1.50386 2.93248 
0.217235 0.00838118 0.0581288 0.167951 -1.49872 2.33336 -0.010933 0.193053 -0.0305964 -0.32665 -1.48263 2.93554 
0.24071 0.00073555 0.0552893 0.190967 -1.48276 2.27447 -0.0142255 0.187508 -0.0232021 -0.352095 -1.46379 2.93857 
0.264186 -0.00691007 0.0524498 0.213982 -1.46679 2.21559 -0.0174441 0.183593 -0.016047 -0.376176 -1.44737 2.94146 
0.287661 -0.0145557 0.0496103 0.236997 -1.45083 2.1567 -0.0206377 0.181313 -0.00916126 -0.398854 -1.43334 2.94416 
0.311227 -0.0143053 0.0362104 0.264751 -1.43829 2.09631 -0.0232334 0.173903 -0.0020084 -0.425414 -1.41064 2.94721 
0.334793 -0.0140549 0.0228104 0.292505 -1.42574 2.03592 -0.0262353 0.168277 0.00524763 -0.450791 -1.39132 2.95025 
0.358359 -0.0138044 0.00941051 0.32026 -1.41319 1.97553 -0.0297188 0.164436 0.0125802 -0.474938 -1.37539 2.95314 
0.381925 -0.013554 -0.00398942 0.348014 -1.40065 1.91514 -0.0337483 0.1624 0.0199137 -0.497814 -1.36282 2.95581 
0.402807 -0.00595615 -0.0274649 0.378787 -1.39204 1.85622 -0.0356211 0.154917 0.0266205 -0.524114 -1.3391 2.9591 
0.423689 0.0016417 -0.0509404 0.40956 -1.38342 1.79729 -0.038373 0.149264 0.0337467 -0.549409 -1.31946 2.96223 
0.444571 0.00923955 -0.0744158 0.440334 -1.37481 1.73836 -0.0420964 0.145444 0.0412415 -0.573645 -1.30387 2.96506 
0.465453 0.0168374 -0.0978913 0.471107 -1.3662 1.67944 -0.0468656 0.143487 0.0489939 -0.596777 -1.29232 2.96748 
0.481685 0.0306094 -0.130651 0.503358 -1.36055 1.62393 -0.0481626 0.136108 0.0554209 -0.622818 -1.26817 2.97096 
0.497916 0.0443815 -0.16341 0.535609 -1.3549 1.56843 -0.0507189 0.130494 0.0624637 -0.648027 -1.24839 2.97416 
0.514147 0.0581535 -0.19617 0.567859 -1.34925 1.51293 -0.0546333 0.126639 0.0700563 -0.672347 -1.23295 2.97692 
0.530379 0.0719255 -0.228929 0.60011 -1.3436 1.45742 -0.0599816 0.124573 0.0780704 -0.695738 -1.2218 2.97915 
0.541118 0.0907926 -0.270436 0.633132 -1.33944 1.40554 -0.060821 0.11744 0.0844049 -0.721498 -1.19764 2.98257 
0.551858 0.10966 -0.311944 0.666154 -1.33528 1.35366 -0.0632286 0.111919 0.0914228 -0.746604 -1.17786 2.98574 
0.562597 0.128527 -0.353452 0.699175 -1.33112 1.30178 -0.0672948 0.10799 0.0990453 -0.771014 -1.16242 2.98851 
0.573336 0.147394 -0.394959 0.732197 -1.32696 1.2499 -0.073084 0.105669 0.107137 -0.794694 -1.15127 2.99079 
0.578597 0.171183 -0.445927 0.766178 -1.32308 1.20013 -0.0735387 0.098823 0.113511 -0.820117 -1.12717 2.99388 
0.583858 0.194972 -0.496895 0.800159 -1.3192 1.15036 -0.0758396 0.0934095 0.120553 -0.845103 -1.10743 2.99692 
0.589119 0.218762 -0.547863 0.83414 -1.31533 1.1006 -0.0800499 0.0893894 0.128169 -0.869624 -1.09199 2.99981 
0.59438 0.242551 -0.598831 0.868121 -1.31145 1.05083 -0.0862035 0.0867569 0.136211 -0.893662 -1.08076 3.00246 
0.594598 0.27393 -0.664716 0.904236 -1.30677 0.999065 -0.0862202 0.0800561 0.142588 -0.918706 -1.05623 3.00494 
0.594817 0.305308 -0.7306 0.940351 -1.30208 0.9473 -0.0884202 0.0747056 0.14966 -0.943562 -1.0364 3.00775 
0.595035 0.336687 -0.796485 0.976465 -1.2974 0.895535 -0.0928014 0.0706411 0.157288 -0.96821 -1.02114 3.01084 
0.595253 0.368066 -0.86237 1.01258 -1.29272 0.84377 -0.099325 0.0678357 0.16529 -0.992632 -1.01025 3.01415 
0.5787 0.368528 -0.865653 1.04997 -1.29341 0.833273 -0.0999818 0.0551562 0.197152 -1.01358 -1.00331 3.00295 
0.562147 0.368989 -0.868937 1.08735 -1.29411 0.822775 -0.100766 0.0436275 0.226885 -1.03409 -0.994737 2.99181 
0.545594 0.369451 -0.87222 1.12474 -1.29481 0.812277 -0.101673 0.0331465 0.254632 -1.05411 -0.98462 2.98076 
0.529041 0.369912 -0.875504 1.16212 -1.2955 0.80178 -0.1027 0.0236179 0.280519 -1.07364 -0.973063 2.96982 
0.512513 0.370372 -0.878782 1.19945 -1.29619 0.791299 -0.103847 0.0149648 0.304624 -1.09262 -0.960187 2.95905 
0.495986 0.370833 -0.88206 1.23678 -1.29688 0.780817 -0.10511 0.00709099 0.327092 -1.11107 -0.946064 2.94843 
0.479459 0.371293 -0.885339 1.2741 -1.29757 0.770336 -0.106487 -8.0369e-05 0.348016 -1.129 -0.930789 2.93801 
0.462931 0.371754 -0.888617 1.31143 -1.29826 0.759854 -0.107979 -0.00662137 0.367481 -1.14641 -0.91445 2.9278 
0.446404 0.372215 -0.891895 1.34876 -1.29895 0.749372 -0.10959 -0.0125961 0.385565 -1.16332 -0.897143 2.91782 
0.429876 0.372675 -0.895174 1.38609 -1.29964 0.738891 -0.111319 -0.0180719 0.402338 -1.17976 -0.878949 2.90811 
0.413349 0.373136 -0.898452 1.42342 -1.30034 0.72841 -0.113167 -0.0231088 0.417867 -1.19575 -0.859955 2.8987 
0.396822 0.373597 -0.901731 1.46075 -1.30103 0.717928 -0.115137 -0.0277629 0.43221 -1.21133 -0.840245 2.88961 
0.380294 0.374058 -0.905009 1.49808 -1.30172 0.707446 -0.117226 -0.0320894 0.445424 -1.22655 -0.819894 2.88086 
0.363767 0.374518 -0.908287 1.5354 -1.30241 0.696965 -0.119445 -0.0361353 0.457556 -1.24147 -0.798989 2.8725 
0.34724 0.374979 -0.911566 1.57273 -1.30311 0.686484 -0.121799 -0.0399464 0.46865 -1.25615 -0.77761 2.86457 
0.330712 0.37544 -0.914844 1.61006 -1.3038 0.676002 -0.12429 -0.0435654 0.478745 -1.27068 -0.755832 2.8571 
0.314185 0.375901 -0.918122 1.64739 -1.30449 0.665521 -0.12693 -0.0470337 0.487875 -1.28513 -0.733734 2.85016 
0.297658 0.376362 -0.921401 1.68472 -1.30518 0.655039 -0.129717 -0.0503853 0.496073 -1.2996 -0.711385 2.8438 
0.28113 0.376822 -0.924679 1.72204 -1.30587 0.644558 -0.132656 -0.0536531 0.503365 -1.31419 -0.688855 2.83807 
0.264603 0.377283 -0.927958 1.75937 -1.30656 0.634077 -0.135752 -0.0568661 0.509776 -1.32902 -0.666215 2.83305 
0.248075 0.377744 -0.931236 1.7967 -1.30725 0.623595 -0.139003 -0.0600481 0.515324 -1.34419 -0.643528 2.82882 
0.231548 0.378204 -0.934514 1.83403 -1.30795 0.613114 -0.142419 -0.0632232 0.520024 -1.35987 -0.620868 2.82549 
0.215021 0.378664 -0.937793 1.87135 -1.30864 0.602633 -0.146 -0.06641 0.523886 -1.3762 -0.5983 2.82316 
0.198493 0.379125 -0.941071 1.90868 -1.30933 0.592151 -0.14975 -0.0696234 0.526916 -1.39336 -0.575894 2.82199 
0.181966 0.379586 -0.944349 1.94601 -1.31002 0.581669 -0.153673 -0.0728739 0.529117 -1.41155 -0.553718 2.82211 
0.165438 0.380046 -0.947628 1.98334 -1.31072 0.571188 -0.157766 -0.0761691 0.530488 -1.43098 -0.531841 2.8237 
0.148911 0.380507 -0.950906 2.02066 -1.31141 0.560706 -0.162028 -0.0795118 0.531025 -1.45188 -0.510333 2.82696 
0.132384 0.380968 -0.954185 2.05799 -1.3121 0.550225 -0.16646 -0.0829007 0.53072 -1.4745 -0.489271 2.8321 
0.115857 0.381429 -0.957463 2.09532 -1.31279 0.539743 -0.171058 -0.0863323 0.529561 -1.49912 -0.468735 2.83936 
0.0993291 0.381889 -0.960741 2.13265 -1.31348 0.529262 -0.175818 -0.0897948 0.52753 -1.52605 -0.448807 2.84902 
0.0828016 0.38235 -0.96402 2.16997 -1.31417 0.51878 -0.180737 -0.0932739 0.524607 -1.55559 -0.429579 2.86137 
0.0662741 0.382811 -0.967298 2.2073 -1.31486 0.508299 -0.185806 -0.0967505 0.520767 -1.5881 -0.411149 2.87671 
0.0497467 0.383272 -0.970576 2.24463 -1.31555 0.497818 -0.191018 -0.1002 0.515982 -1.62389 -0.393623 2.89535 
0.0332193 0.383733 -0.973855 2.28195 -1.31624 0.487336 -0.196364 -0.103596 0.510221 -1.66331 -0.377122 2.91761 
0.016692 0.384193 -0.977133 2.31928 -1.31694 0.476855 -0.201836 -0.106904 0.503448 -1.70666 -0.361776 2.94376 
0.000164586 0.384654 -0.980411 2.35661 -1.31763 0.466374 -0.207422 -0.110088 0.495624 -1.75416 -0.347726 2.97403 
-0.0211337 0.385248 -0.984636 2.40471 -1.31852 0.452867 -0.21477 -0.113938 0.483921 -1.82174 -0.33178 3.01932 
-0.042432 0.385841 -0.988861 2.45282 -1.31941 0.439359 -0.222254 -0.117409 0.4703 -1.8964 -0.318571 3.07159 
-0.0637303 0.386435 -0.993086 2.50092 -1.3203 0.425852 -0.22984 -0.120389 0.454651 -1.97758 -0.308431 3.13025 
-0.0695232 0.392946 -1.00007 2.52154 -1.33465 0.419029 -0.221693 -0.147471 0.49526 -1.90853 -0.282907 3.0574 
-0.075316 0.399456 -1.00706 2.54217 -1.349 0.412206 -0.215421 -0.172086 0.53335 -1.82304 -0.262888 2.9655 
-0.0811088 0.405967 -1.01404 2.56279 -1.36335 0.405382 -0.211249 -0.194351 0.569176 -1.72187 -0.249199 2.85529 
-0.0869017 0.412478 -1.02103 2.58342 -1.3777 0.398559 -0.209379 -0.214345 0.602929 -1.60927 -0.242637 2.731 
-0.088108 0.414237 -1.03177 2.61398 -1.37484 0.367225 -0.269431 -0.191446 0.573835 -1.63254 -0.312315 2.71122 
-0.0893144 0.415995 -1.04252 2.64454 -1.37199 0.335891 -0.326115 -0.164174 0.53976 -1.65353 -0.38004 2.69145 
-0.0905207 0.417753 -1.05326 2.67511 -1.36913 0.304557 -0.379074 -0.13291 0.500763 -1.67369 -0.445485 2.67335 
-0.091727 0.419512 -1.064 2.70567 -1.36628 0.273223 -0.428104 -0.0980284 0.4569 -1.69364 -0.50849 2.65775 
-0.091727 0.419512 -1.064 2.70567 -1.36628 0.238334 -0.428104 -0.0980284 0.4569 -1.69364 -0.50849 2.62286 
-0.091727 0.419512 -1.064 2.70567 -1.36628 0.203445 -0.428104 -0.0980284 0.4569 -1.69364 -0.50849 2.58797 
-0.091727 0.419512 -1.064 2.70567 -1.36628 0.168556 -0.428104 -0.0980284 0.4569 -1.69364 -0.50849 2.55308 
-0.091727 0.419512 -1.064 2.70567 -1.36628 0.133667 -0.428104 -0.0980284 0.4569 -1.69364 -0.50849 2.51819 
-0.091727 0.419512 -1.064 2.70567 -1.36628 0.0987786 -0.428104 -0.0980284 0.4569 -1.69364 -0.50849 2.48331 
-0.091727 0.419512 -1.064 2.70567 -1.36628 0.0638897 -0.428104 -0.0980284 0.4569 -1.69364 -0.50849 2.44842 
-0.091727 0.419512 -1.064 2.70567 -1.36628 0.0290008 -0.428104 -0.0980284 0.4569 -1.69364 -0.50849 2.41353 
-0.091727 0.419512 -1.064 2.70567 -1.36628 -0.00588811 -0.428104 -0.0980284 0.4569 -1.69364 -0.50849 2.37864 
-0.091727 0.419512 -1.064 2.70567 -1.36628 -0.040777 -0.428104 -0.0980284 0.4569 -1.69364 -0.50849 2.34375 
-0.091727 0.419512 -1.064 2.70567 -1.36628 -0.0756659 -0.428104 -0.0980284 0.4569 -1.69364 -0.50849 2.30886 
-0.091727 0.419512 -1.064 2.70567 -1.36628 -0.110555 -0.428104 -0.0980284 0.4569 -1.69364 -0.50849 2.27397 
-0.091727 0.419512 -1.064 2.70567 -1.36628 -0.145444 -0.428104 -0.0980284 0.4569 -1.69364 -0.50849 2.23908 
-0.091727 0.419512 -1.064 2.70567 -1.36628 -0.180333 -0.428104 -0.0980284 0.4569 -1.69364 -0.50849 2.20419 
-0.091727 0.419512 -1.064 2.70567 -1.36628 -0.215221 -0.428104 -0.0980284 0.4569 -1.69364 -0.50849 2.16931 
-0.091727 0.419512 -1.064 2.70567 -1.36628 -0.25011 -0.428104 -0.0980284 0.4569 -1.69364 -0.50849 2.13442 
-0.091727 0.419512 -1.064 2.70567 -1.36628 -0.284999 -0.428104 -0.0980284 0.4569 -1.69364 -0.50849 2.09953 
-0.091727 0.419512 -1.064 2.70567 -1.36628 -0.319888 -0.428104 -0.0980284 0.4569 -1.69364 -0.50849 2.06464 
-0.091727 0.419512 -1.064 2.70567 -1.36628 -0.354777 -0.428104 -0.0980284 0.4569 -1.69364 -0.50849 2.02975 
-0.091727 0.419512 -1.064 2.70567 -1.36628 -0.389666 -0.428104 -0.0980284 0.4569 -1.69364 -0.50849 1.99486 
-0.091727 0.419512 -1.064 2.70567 -1.36628 -0.424555 -0.428104 -0.0980284 0.4569 -1.69364 -0.50849 1.95997 
-0.091727 0.419512 -1.064 2.70567 -1.36628 -0.459444 -0.428104 -0.0980284 0.4569 -1.69364 -0.50849 1.92508 
-0.091727 0.419512 -1.064 2.70567 -1.36628 -0.494333 -0.428104 -0.0980284 0.4569 -1.69364 -0.50849 1.89019 
-0.091727 0.419512 -1.064 2.70567 -1.36628 -0.529221 -0.428104 -0.0980284 0.4569 -1.69364 -0.50849 1.85531 
-0.091727 0.419512 -1.064 2.70567 -1.36628 -0.56411 -0.428104 -0.0980284 0.4569 -1.69364 -0.50849 1.82042 
-0.091727 0.419512 -1.064 2.70567 -1.36628 -0.598999 -0.428104 -0.0980284 0.4569 -1.69364 -0.50849 1.78553 
-0.091727 0.419512 -1.064 2.70567 -1.36628 -0.633888 -0.428104 -0.0980284 0.4569 -1.69364 -0.50849 1.75064 
-0.091727 0.419512 -1.064 2.70567 -1.36628 -0.668777 -0.428104 -0.0980284 0.4569 -1.69364 -0.50849 1.71575 
-0.091727 0.419512 -1.064 2.70567 -1.36628 -0.703666 -0.428104 -0.0980284 0.4569 -1.69364 -0.50849 1.68086 
-0.091727 0.419512 -1.064 2.70567 -1.36628 -0.738555 -0.428104 -0.0980284 0.4569 -1.69364 -0.50849 1.64597 
-0.091727 0.419512 -1.064 2.70567 -1.36628 -0.773444 -0.428104 -0.0980284 0.4569 -1.69364 -0.50849 1.61108 
-0.091727 0.419512 -1.064 2.70567 -1.36628 -0.808333 -0.428104 -0.0980284 0.4569 -1.69364 -0.50849 1.57619 
-0.091727 0.419512 -1.064 2.70567 -1.36628 -0.843221 -0.428104 -0.0980284 0.4569 -1.69364 -0.50849 1.54131 
-0.091727 0.419512 -1.064 2.70567 -1.36628 -0.87811 -0.428104 -0.0980284 0.4569 -1.69364 -0.50849 1.50642 
-0.091727 0.419512 -1.064 2.70567 -1.36628 -0.912999 -0.428104 -0.0980284 0.4569 -1.69364 -0.50849 1.47153 
-0.091727 0.419512 -1.064 2.70567 -1.36628 -0.947888 -0.428104 -0.0980284 0.4569 -1.69364 -0.50849 1.43664 
-0.091727 0.419512 -1.064 2.70567 -1.36628 -0.982777 -0.428104 -0.0980284 0.4569 -1.69364 -0.50849 1.40175 
-0.091727 0.419512 -1.064 2.70567 -1.36628 -1.01767 -0.428104 -0.0980284 0.4569 -1.69364 -0.50849 1.36686 
-0.091727 0.419512 -1.064 2.70567 -1.36628 -1.05255 -0.428104 -0.0980284 0.4569 -1.69364 -0.50849 1.33197 
-0.091727 0.419512 -1.064 2.70567 -1.36628 -1.08744 -0.428104 -0.0980284 0.4569 -1.69364 -0.50849 1.29708 
-0.091727 0.419512 -1.064 2.70567 -1.36628 -1.12233 -0.428104 -0.0980284 0.4569 -1.69364 -0.50849 1.26219 
-0.091727 0.419512 -1.064 2.70567 -1.36628 -1.15722 -0.428104 -0.0980284 0.4569 -1.69364 -0.50849 1.22731 
-0.091727 0.419512 -1.064 2.70567 -1.36628 -1.19211 -0.428104 -0.0980284 0.4569 -1.69364 -0.50849 1.19242 
-0.091727 0.419512 -1.064 2.70567 -1.36628 -1.227 -0.428104 -0.0980284 0.4569 -1.69364 -0.50849 1.15753 
-0.091727 0.419512 -1.064 2.70567 -1.36628 -1.26189 -0.428104 -0.0980284 0.4569 -1.69364 -0.50849 1.12264 
-0.091727 0.419512 -1.064 2.70567 -1.36628 -1.29678 -0.428104 -0.0980284 0.4569 -1.69364 -0.50849 1.08775 
-0.091727 0.419512 -1.064 2.70567 -1.36628 -1.33167 -0.428104 -0.0980284 0.4569 -1.69364 -0.50849 1.05286 
-0.091727 0.419512 -1.064 2.70567 -1.36628 -1.36655 -0.428104 -0.0980284 0.4569 -1.69364 -0.50849 1.01797 
-0.091727 0.419512 -1.064 2.70567 -1.36628 -1.40144 -0.428104 -0.0980284 0.4569 -1.69364 -0.50849 0.983083 
-0.091727 0.419512 -1.064 2.70567 -1.36628 -1.43633 -0.428104 -0.0980284 0.4569 -1.69364 -0.50849 0.948194 
-0.091727 0.419512 -1.064 2.70567 -1.36628 -1.47122 -0.428104 -0.0980284 0.4569 -1.69364 -0.50849 0.913306 
-0.091727 0.419512 -1.064 2.70567 -1.36628 -1.50611 -0.428104 -0.0980284 0.4569 -1.69364 -0.50849 0.878417 
-0.091727 0.419512 -1.064 2.70567 -1.36628 -1.541 -0.428104 -0.0980284 0.4569 -1.69364 -0.50849 0.843528 
-0.091727 0.419512 -1.064 2.70567 -1.36628 -1.57589 -0.428104 -0.0980284 0.4569 -1.69364 -0.50849 0.808639 
-0.091727 0.419512 -1.064 2.70567 -1.36628 -1.61078 -0.428104 -0.0980284 0.4569 -1.69364 -0.50849 0.77375 
-0.091727 0.419512 -1.064 2.70567 -1.36628 -1.64567 -0.428104 -0.0980284 0.4569 -1.69364 -0.50849 0.738861 
-0.091727 0.419512 -1.064 2.70567 -1.36628 -1.68055 -0.428104 -0.0980284 0.4569 -1.69364 -0.50849 0.703972 
-0.091727 0.419512 -1.064 2.70567 -1.36628 -1.71544 -0.428104 -0.0980284 0.4569 -1.69364 -0.50849 0.669083 
-0.091727 0.419512 -1.064 2.70567 -1.36628 -1.75033 -0.428104 -0.0980284 0.4569 -1.69364 -0.50849 0.634194 
-0.091727 0.419512 -1.064 2.70567 -1.36628 -1.78522 -0.428104 -0.0980284 0.4569 -1.69364 -0.50849 0.599306 
-0.091727 0.419512 -1.064 2.70567 -1.36628 -1.82011 -0.428104 -0.0980284 0.4569 -1.69364 -0.50849 0.564417 
-0.091727 0.419512 -1.064 2.70567 -1.36628 -1.855 -0.428104 -0.0980284 0.4569 -1.69364 -0.50849 0.529528 
-0.091727 0.419512 -1.064 2.70567 -1.36628 -1.88989 -0.428104 -0.0980284 0.4569 -1.69364 -0.50849 0.494639 
-0.091727 0.419512 -1.064 2.70567 -1.36628 -1.92478 -0.428104 -0.0980284 0.4569 -1.69364 -0.50849 0.45975 
-0.091727 0.419512 -1.064 2.70567 -1.36628 -1.95967 -0.428104 -0.0980284 0.4569 -1.69364 -0.50849 0.424861 
-0.091727 0.419512 -1.064 2.70567 -1.36628 -1.99455 -0.428104 -0.0980284 0.4569 -1.69364 -0.50849 0.389972 
-0.091727 0.419512 -1.064 2.70567 -1.36628 -2.02944 -0.428104 -0.0980284 0.4569 -1.69364 -0.50849 0.355083 
-0.091727 0.419512 -1.064 2.70567 -1.36628 -2.06433 -0.428104 -0.0980284 0.4569 -1.69364 -0.50849 0.320194 
-0.091727 0.419512 -1.064 2.70567 -1.36628 -2.09922 -0.428104 -0.0980284 0.4569 -1.69364 -0.50849 0.285306 
-0.091727 0.419512 -1.064 2.70567 -1.36628 -2.13411 -0.428104 -0.0980284 0.4569 -1.69364 -0.50849 0.250417 
-0.091727 0.419512 -1.064 2.70567 -1.36628 -2.169 -0.428104 -0.0980284 0.4569 -1.69364 -0.50849 0.215528 
-0.091727 0.419512 -1.064 2.70567 -1.36628 -2.20389 -0.428104 -0.0980284 0.4569 -1.69364 -0.50849 0.180639 
-0.091727 0.419512 -1.064 2.70567 -1.36628 -2.23878 -0.428104 -0.0980284 0.4569 -1.69364 -0.50849 0.14575 
-0.091727 0.419512 -1.064 2.70567 -1.36628 -2.27367 -0.428104 -0.0980284 0.4569 -1.69364 -0.50849 0.110861 
-0.091727 0.419512 -1.064 2.70567 -1.36628 -2.30855 -0.428104 -0.0980284 0.4569 -1.69364 -0.50849 0.0759722 
-0.091727 0.419512 -1.064 2.70567 -1.36628 -2.34344 -0.428104 -0.0980284 0.4569 -1.69364 -0.50849 0.0410833 
-0.091727 0.419512 -1.064 2.70567 -1.36628 -2.37833 -0.428104 -0.0980284 0.4569 -1.69364 -0.50849 0.00619444 
-0.091727 0.419512 -1.064 2.70567 -1.36628 -2.41322 -0.428104 -0.0980284 0.4569 -1.69364 -0.50849 -0.0286944 
-0.091727 0.419512 -1.064 2.70567 -1.36628 -2.44811 -0.428104 -0.0980284 0.4569 -1.69364 -0.50849 -0.0635833 
-0.091727 0.419512 -1.064 2.70567 -1.36628 -2.483 -0.428104 -0.0980284 0.4569 -1.69364 -0.50849 -0.0984722 
-0.091727 0.419512 -1.064 2.70567 -1.36628 -2.51789 -0.428104 -0.0980284 0.4569 -1.69364 -0.50849 -0.133361 
-0.091727 0.419512 -1.064 2.70567 -1.36628 -2.55278 -0.428104 -0.0980284 0.4569 -1.69364 -0.50849 -0.16825 
-0.091727 0.419512 -1.064 2.70567 -1.36628 -2.58767 -0.428104 -0.0980284 0.4569 -1.69364 -0.50849 -0.203139 
-0.091727 0.419512 -1.064 2.70567 -1.36628 -2.62255 -0.428104 -0.0980284 0.4569 -1.69364 -0.50849 -0.238028 
-0.091727 0.419512 -1.064 2.70567 -1.36628 -2.65744 -0.428104 -0.0980284 0.4569 -1.69364 -0.50849 -0.272917 
-0.091727 0.419512 -1.064 2.70567 -1.36628 -2.69233 -0.428104 -0.0980284 0.4569 -1.69364 -0.50849 -0.307806 
-0.091727 0.419512 -1.064 2.70567 -1.36628 -2.72722 -0.428104 -0.0980284 0.4569 -1.69364 -0.50849 -0.342694 
-0.091727 0.419512 -1.064 2.70567 -1.36628 -2.76211 -0.428104 -0.0980284 0.4569 -1.69364 -0.50849 -0.377583 
-0.091727 0.419512 -1.064 2.70567 -1.36628 -2.797 -0.428104 -0.0980284 0.4569 -1.69364 -0.50849 -0.412472 
-0.091727 0.419512 -1.064 2.70567 -1.36628 -2.83189 -0.428104 -0.0980284 0.4569 -1.69364 -0.50849 -0.447361 
-0.091727 0.419512 -1.064 2.70567 -1.36628 -2.86678 -0.428104 -0.0980284 0.4569 -1.69364 -0.50849 -0.48225 
-0.091727 0.419512 -1.064 2.70567 -1.36628 -2.90167 -0.428104 -0.0980284 0.4569 -1.69364 -0.50849 -0.517139 
-0.091727 0.419512 -1.064 2.70567 -1.36628 -2.93655 -0.428104 -0.0980284 0.4569 -1.69364 -0.50849 -0.552028 
-0.091727 0.419512 -1.064 2.70567 -1.36628 -2.97144 -0.428104 -0.0980284 0.4569 -1.69364 -0.50849 -0.586917 
-0.091727 0.419512 -1.064 2.70567 -1.36628 -3.00633 -0.428104 -0.0980284 0.4569 -1.69364 -0.50849 -0.621806 
-0.091727 0.419512 -1.064 2.70567 -1.36628 -3.04122 -0.428104 -0.0980284 0.4569 -1.69364 -0.50849 -0.656694 
-0.091727 0.419512 -1.064 2.70567 -1.36628 -3.07611 -0.428104 -0.0980284 0.4569 -1.69364 -0.50849 -0.691583 
-0.091727 0.419512 -1.064 2.70567 -1.36628 -3.111 -0.428104 -0.0980284 0.4569 -1.69364 -0.50849 -0.726472 
-0.091727 0.419512 -1.064 2.70567 -1.36628 -3.14589 -0.428104 -0.0980284 0.4569 -1.69364 -0.50849 -0.761361 
-0.091727 0.419512 -1.064 2.70567 -1.36628 -3.18078 -0.428104 -0.0980284 0.4569 -1.69364 -0.50849 -0.79625 
-0.091727 0.419512 -1.064 2.70567 -1.36628 -3.21567 -0.428104 -0.0980284 0.4569 -1.69364 -0.50849 -0.831139 
