0 5.712 0 0 0 0 
-0.00500683 5.69755 0.0073133 -0.337253 -0.367567 -0.014224 
-0.0100137 5.6831 0.0146266 -0.674505 -0.735135 -0.028448 
-0.0150205 5.66865 0.0219399 -1.01176 -1.1027 -0.042672 
-0.0200273 5.6542 0.0292532 -1.34901 -1.47027 -0.056896 
-0.0250341 5.63975 0.0365665 -1.68626 -1.83784 -0.07112 
-0.030041 5.6253 0.0438798 -2.02352 -2.2054 -0.085344 
-0.0350478 5.61085 0.0511931 -2.36077 -2.57297 -0.099568 
-0.0400546 5.5964 0.0585064 -2.69802 -2.94054 -0.113792 
-0.0450614 5.58195 0.0658197 -3.03527 -3.3081 -0.128016 
-0.0500683 5.5675 0.073133 -3.37253 -3.67567 -0.14224 
-0.0550751 5.55305 0.0804463 -3.70978 -4.04324 -0.156464 
-0.0600819 5.5386 0.0877596 -4.04703 -4.4108 -0.170688 
-0.0650887 5.52415 0.0950729 -4.38428 -4.77837 -0.184912 
-0.0700956 5.5097 0.102386 -4.72154 -5.14593 -0.199136 
-0.0751024 5.49525 0.1097 -5.05879 -5.5135 -0.21336 
-0.0801092 5.4808 0.117013 -5.39604 -5.88107 -0.227584 
-0.0851159 5.46635 0.124326 -5.73329 -6.24864 -0.241808 
-0.0901226 5.4519 0.13164 -6.07055 -6.61621 -0.256032 
-0.0951293 5.43745 0.138953 -6.4078 -6.98377 -0.270256 
-0.100136 5.423 0.146266 -6.74505 -7.35134 -0.28448 
-0.105143 5.40855 0.153579 -7.0823 -7.71891 -0.298704 
-0.11015 5.3941 0.160892 -7.41956 -8.08648 -0.312928 
-0.115157 5.37965 0.168206 -7.75681 -8.45404 -0.327152 
-0.120164 5.3652 0.175519 -8.09406 -8.82161 -0.341376 
-0.125164 5.35077 0.182823 -8.43088 -9.18871 -0.355581 
-0.130165 5.33634 0.190127 -8.76769 -9.5558 -0.369787 
-0.135165 5.32191 0.19743 -9.1045 -9.9229 -0.383993 
-0.140165 5.30748 0.204734 -9.44132 -10.29 -0.398198 
-0.135255 5.31478 0.201343 -9.78996 -10.647 -0.395028 
-0.130345 5.32208 0.197952 -10.1386 -11.0039 -0.391857 
-0.125435 5.32938 0.19456 -10.4873 -11.3609 -0.388687 
-0.120525 5.33668 0.191169 -10.8359 -11.7179 -0.385517 
-0.115615 5.34398 0.187778 -11.1845 -12.0749 -0.382347 
-0.110705 5.35128 0.184387 -11.5332 -12.4319 -0.379176 
-0.105795 5.35858 0.180995 -11.8819 -12.7888 -0.376005 
-0.100885 5.36588 0.177604 -12.2305 -13.1458 -0.372835 
-0.0959787 5.37317 0.174215 -12.5789 -13.5025 -0.369667 
-0.0910723 5.38047 0.170826 -12.9273 -13.8592 -0.366499 
-0.086166 5.38776 0.167438 -13.2757 -14.216 -0.363331 
-0.0812597 5.39506 0.164049 -13.6241 -14.5727 -0.360163 
-0.0763533 5.40236 0.16066 -13.9725 -14.9294 -0.356995 
-0.0714469 5.40965 0.157272 -14.3209 -15.2861 -0.353827 
-0.0665405 5.41695 0.153883 -14.6693 -15.6429 -0.350658 
-0.0616341 5.42425 0.150494 -15.0177 -15.9996 -0.34749 
-0.0567277 5.43154 0.147105 -15.3661 -16.3563 -0.344322 
-0.0518212 5.43884 0.143716 -15.7145 -16.713 -0.341154 
-0.0469148 5.44613 0.140327 -16.0629 -17.0698 -0.337986 
-0.0420084 5.45343 0.136938 -16.4113 -17.4265 -0.334818 
-0.037102 5.46073 0.133549 -16.7597 -17.7832 -0.33165 
-0.0321956 5.46802 0.130161 -17.1081 -18.1399 -0.328482 
-0.0272892 5.47532 0.126772 -17.4565 -18.4967 -0.325314 
-0.0223828 5.48261 0.123383 -17.8049 -18.8534 -0.322146 
-0.0174764 5.48991 0.119994 -18.1533 -19.2101 -0.318978 
-0.01257 5.4972 0.116606 -18.5017 -19.5669 -0.315809 
-0.00766353 5.5045 0.113217 -18.8501 -19.9236 -0.312641 
-0.00275711 5.51179 0.109828 -19.1985 -20.2803 -0.309473 
0.00214929 5.51909 0.106439 -19.5469 -20.637 -0.306305 
0.0070557 5.52638 0.10305 -19.8953 -20.9937 -0.303137 
0.0119621 5.53367 0.0996615 -20.2437 -21.3505 -0.299969 
0.0168685 5.54097 0.0962727 -20.5921 -21.7072 -0.296801 
0.0217749 5.54827 0.0928839 -20.9405 -22.0639 -0.293633 
0.0266813 5.55556 0.0894951 -21.2889 -22.4207 -0.290465 
0.0315878 5.56286 0.0861063 -21.6373 -22.7774 -0.287297 
0.0364942 5.57016 0.0827175 -21.9857 -23.1341 -0.284129 
0.0414006 5.57745 0.0793287 -22.3341 -23.4908 -0.280961 
0.046307 5.58475 0.0759399 -22.6825 -23.8475 -0.277792 
0.0512134 5.59204 0.072551 -23.0309 -24.2043 -0.274624 
0.0561198 5.59934 0.0691622 -23.3793 -24.561 -0.271456 
0.0610262 5.60663 0.0657734 -23.7277 -24.9177 -0.268288 
0.0659326 5.61393 0.0623845 -24.0761 -25.2745 -0.26512 
0.0708391 5.62122 0.0589957 -24.4245 -25.6312 -0.261952 
0.0757455 5.62852 0.0556069 -24.7729 -25.9879 -0.258784 
0.0806519 5.63582 0.0522181 -25.1213 -26.3446 -0.255616 
0.0855583 5.64311 0.0488293 -25.4697 -26.7013 -0.252447 
0.0904647 5.65041 0.0454405 -25.8181 -27.058 -0.249279 
0.0953711 5.6577 0.0420517 -26.1665 -27.4147 -0.246111 
0.100278 5.665 0.0386629 -26.5149 -27.7714 -0.242943 
0.105184 5.6723 0.0352741 -26.8633 -28.1281 -0.239775 
0.110091 5.67959 0.0318852 -27.2117 -28.4849 -0.236607 
0.114997 5.68689 0.0284964 -27.5601 -28.8416 -0.233439 
0.120736 5.69542 0.0245326 -27.9676 -29.2589 -0.229733 
0.126475 5.70396 0.0205687 -28.3752 -29.6761 -0.226028 
0.132214 5.71249 0.0166049 -28.7827 -30.0934 -0.222322 
0.0991605 5.71237 0.0124537 -29.1495 -30.4241 -0.166741 
0.066107 5.71224 0.00830245 -29.5163 -30.7547 -0.111161 
0.0330535 5.71212 0.00415122 -29.8832 -31.0853 -0.0555805 
0 5.712 0 -30.25 -31.416 0 

