0 5.712 0 0 0 0 
-0.0200273 5.6542 0.0292532 -1.34901 -1.47027 -0.056896 
-0.0400546 5.5964 0.0585064 -2.69802 -2.94054 -0.113792 
-0.0600819 5.5386 0.0877596 -4.04703 -4.4108 -0.170688 
-0.0801092 5.4808 0.117013 -5.39604 -5.88107 -0.227584 
-0.100136 5.423 0.146266 -6.74505 -7.35134 -0.28448 
-0.120164 5.3652 0.175519 -8.09406 -8.82161 -0.341376 
-0.140165 5.30748 0.204734 -9.44132 -10.29 -0.398198 
-0.120525 5.33668 0.191169 -10.8359 -11.7179 -0.385517 
-0.100885 5.36588 0.177604 -12.2305 -13.1458 -0.372835 
-0.0812597 5.39506 0.164049 -13.6241 -14.5727 -0.360163 
-0.0616341 5.42425 0.150494 -15.0177 -15.9996 -0.34749 
-0.0420084 5.45343 0.136938 -16.4113 -17.4265 -0.334818 
-0.0223828 5.48261 0.123383 -17.8049 -18.8534 -0.322146 
-0.00275711 5.51179 0.109828 -19.1985 -20.2803 -0.309473 
0.0168685 5.54097 0.0962727 -20.5921 -21.7072 -0.296801 
0.0364942 5.57016 0.0827175 -21.9857 -23.1341 -0.284129 
0.0561198 5.59934 0.0691622 -23.3793 -24.561 -0.271456 
0.0757455 5.62852 0.0556069 -24.7729 -25.9879 -0.258784 
0.0953711 5.6577 0.0420517 -26.1665 -27.4147 -0.246111 
0.114997 5.68689 0.0284964 -27.5601 -28.8416 -0.233439 
0.132214 5.71249 0.0166049 -28.7827 -30.0934 -0.222322 
0 5.712 0 -30.25 -31.416 -0 
