0 0.233468 -0.103676 -0 -1.70059 2.98452 -0.0551386 0.237163 -0.104238 -5.81305e-05 -1.71002 2.97537 
0.0227093 0.199707 -0.0809423 0.00479098 -1.66206 2.92142 -0.0641686 0.22898 -0.0943055 -0.0245233 -1.69756 2.97912 
0.0454185 0.165947 -0.0582086 0.00958195 -1.62352 2.85833 -0.0710737 0.222897 -0.0851835 -0.0461913 -1.6862 2.9815 
0.0681278 0.132186 -0.0354749 0.0143729 -1.58499 2.79523 -0.0758203 0.21889 -0.0769025 -0.0649868 -1.6758 2.98252 
0.090837 0.0984251 -0.0127412 0.0191639 -1.54645 2.73214 -0.0784074 0.216956 -0.0695577 -0.0808419 -1.66619 2.98226 
0.123296 0.0780596 -0.0112596 0.0378015 -1.50269 2.65655 -0.0858763 0.20729 -0.0585311 -0.106231 -1.65179 2.98309 
0.155755 0.057694 -0.00977808 0.0564391 -1.45893 2.58096 -0.0922035 0.200734 -0.0489948 -0.128155 -1.63982 2.98444 
0.188213 0.0373285 -0.00829653 0.0750767 -1.41516 2.50538 -0.0974449 0.19724 -0.0410598 -0.146612 -1.63009 2.9864 
0.220672 0.016963 -0.00681497 0.0937143 -1.3714 2.42979 -0.101669 0.19675 -0.0348994 -0.161624 -1.62233 2.98913 
0.258966 0.0145266 -0.0282589 0.128403 -1.33267 2.34058 -0.106211 0.185721 -0.0239 -0.187092 -1.60395 2.98611 
0.29726 0.0120902 -0.0497028 0.163091 -1.29394 2.25136 -0.11152 0.178747 -0.0142371 -0.208972 -1.5908 2.98614 
0.335555 0.00965385 -0.0711468 0.19778 -1.25522 2.16215 -0.117736 0.175724 -0.00620908 -0.227371 -1.5825 2.98937 
0.373849 0.00721747 -0.0925907 0.232468 -1.21649 2.07294 -0.124942 0.176544 -0.000228711 -0.242409 -1.5785 2.99602 
0.410444 0.0244851 -0.138283 0.280071 -1.19007 1.97502 -0.126948 0.164577 0.00967107 -0.266842 -1.55568 2.9912 
0.447039 0.0417526 -0.183976 0.327674 -1.16365 1.8771 -0.131408 0.157321 0.0190741 -0.288327 -1.54118 2.99064 
0.483635 0.0590202 -0.229668 0.375276 -1.13724 1.77918 -0.138484 0.154613 0.0275416 -0.307054 -1.53444 2.99447 
0.52023 0.0762878 -0.275361 0.422879 -1.11082 1.68126 -0.148206 0.15634 0.0344375 -0.323189 -1.53466 3.0029 
0.54864 0.114342 -0.350813 0.476851 -1.09453 1.58056 -0.148701 0.143862 0.0426642 -0.346168 -1.5084 2.99806 
0.57705 0.152395 -0.426264 0.530822 -1.07824 1.47986 -0.152704 0.136503 0.0515078 -0.367158 -1.49284 2.99756 
0.605461 0.190449 -0.501715 0.584794 -1.06195 1.37915 -0.160321 0.133978 0.0605492 -0.386371 -1.48729 3.00145 
0.633871 0.228503 -0.577167 0.638766 -1.04566 1.27845 -0.171474 0.136134 0.0690996 -0.403977 -1.4908 3.00979 
0.622789 0.230754 -0.582936 0.669094 -1.0504 1.26388 -0.17619 0.104409 0.114023 -0.441726 -1.4817 3.0263 
0.611707 0.233004 -0.588705 0.699421 -1.05513 1.24931 -0.180967 0.0743927 0.155517 -0.479411 -1.47122 3.04252 
0.600625 0.235255 -0.594475 0.729749 -1.05987 1.23474 -0.185743 0.04596 0.193886 -0.51697 -1.45952 3.05847 
0.589543 0.237505 -0.600244 0.760077 -1.06461 1.22017 -0.19046 0.0190081 0.229395 -0.554342 -1.44676 3.07418 
0.578476 0.239753 -0.606006 0.790366 -1.06934 1.20562 -0.195056 -0.00651663 0.262241 -0.591422 -1.43309 3.08964 
0.567408 0.242001 -0.611768 0.820654 -1.07408 1.19107 -0.199479 -0.0307233 0.292685 -0.628201 -1.4186 3.10486 
0.556341 0.244248 -0.61753 0.850942 -1.07881 1.17652 -0.203678 -0.0536747 0.320923 -0.664624 -1.40339 3.11982 
0.545273 0.246496 -0.623292 0.881231 -1.08354 1.16197 -0.207606 -0.075426 0.347131 -0.700641 -1.38754 3.13451 
0.55564 0.278745 -0.678693 0.908073 -1.09453 1.10307 -0.206089 -0.083221 0.350358 -0.720598 -1.35748 3.1308 
0.566007 0.310993 -0.734095 0.934916 -1.10553 1.04416 -0.205458 -0.0881092 0.354905 -0.739432 -1.33278 3.12479 
0.576375 0.343241 -0.789497 0.961758 -1.11652 0.985258 -0.205866 -0.0901483 0.360782 -0.756984 -1.31344 3.11634 
0.586742 0.37549 -0.844898 0.988601 -1.12751 0.926354 -0.207433 -0.0893325 0.367898 -0.773145 -1.29937 3.10534 
0.573151 0.375483 -0.847126 1.01946 -1.13215 0.916066 -0.215209 -0.101283 0.391324 -0.810901 -1.29634 3.10428 
0.55956 0.375476 -0.849355 1.05031 -1.13679 0.905778 -0.222601 -0.112438 0.413012 -0.847933 -1.2916 3.10243 
0.545969 0.37547 -0.851583 1.08117 -1.14143 0.895489 -0.229559 -0.122878 0.433098 -0.884188 -1.28517 3.09987 
0.532378 0.375463 -0.853811 1.11202 -1.14607 0.885201 -0.236039 -0.132676 0.451707 -0.919615 -1.27706 3.09671 
0.518796 0.375456 -0.856038 1.14285 -1.15071 0.87492 -0.241991 -0.141892 0.46894 -0.954143 -1.26731 3.09302 
0.505215 0.375449 -0.858264 1.17368 -1.15535 0.86464 -0.247396 -0.15059 0.484922 -0.987764 -1.25595 3.08888 
0.491634 0.375443 -0.860491 1.20451 -1.15999 0.854359 -0.252228 -0.158822 0.499753 -1.02045 -1.24302 3.08438 
0.478052 0.375436 -0.862718 1.23534 -1.16463 0.844078 -0.256468 -0.166633 0.513524 -1.05217 -1.22856 3.07959 
0.464471 0.375429 -0.864945 1.26617 -1.16927 0.833797 -0.260108 -0.174058 0.52632 -1.08292 -1.21264 3.07456 
0.450889 0.375422 -0.867171 1.297 -1.1739 0.823516 -0.263134 -0.181134 0.538219 -1.11268 -1.19531 3.06935 
0.437308 0.375415 -0.869398 1.32784 -1.17854 0.813235 -0.265543 -0.18789 0.549293 -1.14145 -1.17662 3.06402 
0.423727 0.375408 -0.871625 1.35867 -1.18318 0.802954 -0.267337 -0.194347 0.559607 -1.16924 -1.15664 3.0586 
0.410145 0.375401 -0.873852 1.3895 -1.18782 0.792673 -0.26852 -0.200528 0.569221 -1.19604 -1.13543 3.05315 
0.396564 0.375395 -0.876078 1.42033 -1.19245 0.782393 -0.269107 -0.206444 0.578188 -1.22187 -1.11307 3.04767 
0.382983 0.375388 -0.878305 1.45116 -1.19709 0.772112 -0.269116 -0.212106 0.586557 -1.24677 -1.08964 3.04221 
0.369401 0.375381 -0.880532 1.48199 -1.20173 0.761831 -0.268569 -0.217521 0.594371 -1.27073 -1.06521 3.03678 
0.35582 0.375374 -0.882759 1.51282 -1.20637 0.75155 -0.267495 -0.222694 0.60167 -1.29381 -1.03986 3.03139 
0.342239 0.375368 -0.884985 1.54365 -1.21101 0.74127 -0.265919 -0.227627 0.608488 -1.31601 -1.01367 3.02604 
0.328657 0.375361 -0.887212 1.57449 -1.21564 0.730989 -0.263871 -0.232324 0.614856 -1.33738 -0.98671 3.02075 
0.315076 0.375354 -0.889439 1.60532 -1.22028 0.720708 -0.261389 -0.236782 0.620802 -1.35794 -0.95907 3.01552 
0.301494 0.375347 -0.891665 1.63615 -1.22492 0.710427 -0.258508 -0.241003 0.626348 -1.37773 -0.930828 3.01032 
0.287913 0.375341 -0.893892 1.66698 -1.22955 0.700147 -0.25527 -0.244983 0.631516 -1.39679 -0.902063 3.00517 
0.274332 0.375334 -0.896118 1.69782 -1.23419 0.689866 -0.251718 -0.24872 0.636324 -1.41514 -0.872857 3.00005 
0.26075 0.375327 -0.898345 1.72865 -1.23883 0.679585 -0.247896 -0.252215 0.640786 -1.43283 -0.843289 2.99494 
0.247169 0.37532 -0.900572 1.75948 -1.24347 0.669304 -0.243843 -0.255464 0.644915 -1.44988 -0.813431 2.98984 
0.233588 0.375313 -0.902798 1.79031 -1.24811 0.659023 -0.239612 -0.258468 0.648724 -1.46632 -0.78337 2.98471 
0.220006 0.375306 -0.905025 1.82114 -1.25275 0.648743 -0.235254 -0.261227 0.652219 -1.4822 -0.753186 2.97955 
0.206425 0.375299 -0.907252 1.85197 -1.25739 0.638462 -0.230815 -0.263741 0.65541 -1.49754 -0.722957 2.97433 
0.192844 0.375292 -0.909479 1.8828 -1.26203 0.628181 -0.226352 -0.266013 0.658299 -1.51238 -0.692767 2.96901 
0.179262 0.375285 -0.911705 1.91363 -1.26667 0.6179 -0.221907 -0.268046 0.660892 -1.52672 -0.662684 2.96359 
0.165681 0.375279 -0.913932 1.94447 -1.2713 0.60762 -0.217528 -0.269845 0.663191 -1.54061 -0.63278 2.95803 
0.152099 0.375272 -0.916159 1.9753 -1.27594 0.597339 -0.21326 -0.271417 0.665196 -1.55404 -0.603128 2.9523 
0.138518 0.375265 -0.918386 2.00613 -1.28058 0.587058 -0.209152 -0.272767 0.666908 -1.56705 -0.573801 2.94636 
0.124937 0.375258 -0.920613 2.03696 -1.28521 0.576777 -0.205247 -0.273905 0.668323 -1.57964 -0.544866 2.94019 
0.111355 0.375252 -0.922839 2.0678 -1.28985 0.566497 -0.201588 -0.274837 0.66944 -1.59182 -0.516391 2.93374 
0.097774 0.375245 -0.925066 2.09863 -1.29449 0.556216 -0.198218 -0.275575 0.670253 -1.60359 -0.488441 2.92697 
0.0841926 0.375238 -0.927293 2.12946 -1.29913 0.545935 -0.195168 -0.276127 0.670755 -1.61495 -0.461076 2.91984 
0.0706113 0.375231 -0.92952 2.16029 -1.30376 0.535654 -0.192483 -0.276504 0.67094 -1.62588 -0.434362 2.91231 
0.0570299 0.375224 -0.931746 2.19112 -1.3084 0.525373 -0.190197 -0.276716 0.670799 -1.63637 -0.40836 2.9043 
0.0434486 0.375217 -0.933973 2.22195 -1.31304 0.515092 -0.188342 -0.276773 0.670322 -1.64639 -0.383127 2.89576 
0.0298672 0.37521 -0.9362 2.25278 -1.31768 0.504811 -0.186953 -0.276683 0.669496 -1.65589 -0.358726 2.88662 
0.0162858 0.375204 -0.938426 2.28362 -1.32232 0.49453 -0.186051 -0.276457 0.668308 -1.66484 -0.335205 2.8768 
0.00270447 0.375197 -0.940653 2.31445 -1.32695 0.48425 -0.185661 -0.276101 0.666741 -1.67318 -0.312617 2.86623 
-0.0108769 0.37519 -0.942879 2.34528 -1.33159 0.473969 -0.185804 -0.275622 0.664777 -1.68083 -0.291013 2.8548 
-0.0244583 0.375183 -0.945106 2.37611 -1.33623 0.463688 -0.18649 -0.275025 0.662399 -1.6877 -0.270431 2.8424 
-0.0380396 0.375177 -0.947333 2.40694 -1.34087 0.453407 -0.187742 -0.274314 0.659584 -1.6937 -0.250928 2.82893 
-0.051621 0.37517 -0.949559 2.43777 -1.34551 0.443127 -0.189573 -0.273488 0.656309 -1.69871 -0.232549 2.81426 
-0.0652023 0.375163 -0.951786 2.4686 -1.35015 0.432846 -0.191992 -0.272548 0.652548 -1.70262 -0.215339 2.79826 
-0.0810882 0.375155 -0.954391 2.50466 -1.35557 0.420821 -0.195584 -0.271302 0.647492 -1.70568 -0.196757 2.77773 
-0.0969741 0.375147 -0.956995 2.54073 -1.361 0.408795 -0.199993 -0.269882 0.641686 -1.7069 -0.179892 2.75504 
-0.11286 0.375139 -0.9596 2.57679 -1.36642 0.39677 -0.205219 -0.268274 0.635076 -1.70616 -0.164803 2.73008 
-0.10817 0.371419 -0.963395 2.60875 -1.35939 0.368682 -0.30338 -0.231593 0.598741 -1.67505 -0.286937 2.66856 
-0.103479 0.367699 -0.967189 2.64071 -1.35237 0.340595 -0.391704 -0.184747 0.551177 -1.68099 -0.400794 2.64789 
-0.0987886 0.363978 -0.970983 2.67267 -1.34534 0.312507 -0.469466 -0.129686 0.492948 -1.69945 -0.505521 2.64408 
-0.0940981 0.360258 -0.974778 2.70463 -1.33831 0.284419 -0.536807 -0.0681172 0.424545 -1.72429 -0.601442 2.65159 
-0.0940981 0.360258 -0.974778 2.70463 -1.33831 0.24953 -0.536807 -0.0681172 0.424545 -1.72429 -0.601442 2.6167 
-0.0940981 0.360258 -0.974778 2.70463 -1.33831 0.214641 -0.536807 -0.0681172 0.424545 -1.72429 -0.601442 2.58181 
-0.0940981 0.360258 -0.974778 2.70463 -1.33831 0.179752 -0.536807 -0.0681172 0.424545 -1.72429 -0.601442 2.54692 
-0.0940981 0.360258 -0.974778 2.70463 -1.33831 0.144863 -0.536807 -0.0681172 0.424545 -1.72429 -0.601442 2.51203 
-0.0940981 0.360258 -0.974778 2.70463 -1.33831 0.109975 -0.536807 -0.0681172 0.424545 -1.72429 -0.601442 2.47715 
-0.0940981 0.360258 -0.974778 2.70463 -1.33831 0.0750857 -0.536807 -0.0681172 0.424545 -1.72429 -0.601442 2.44226 
-0.0940981 0.360258 -0.974778 2.70463 -1.33831 0.0401968 -0.536807 -0.0681172 0.424545 -1.72429 -0.601442 2.40737 
-0.0940981 0.360258 -0.974778 2.70463 -1.33831 0.00530789 -0.536807 -0.0681172 0.424545 -1.72429 -0.601442 2.37248 
-0.0940981 0.360258 -0.974778 2.70463 -1.33831 -0.029581 -0.536807 -0.0681172 0.424545 -1.72429 -0.601442 2.33759 
-0.0940981 0.360258 -0.974778 2.70463 -1.33831 -0.0644699 -0.536807 -0.0681172 0.424545 -1.72429 -0.601442 2.3027 
-0.0940981 0.360258 -0.974778 2.70463 -1.33831 -0.0993588 -0.536807 -0.0681172 0.424545 -1.72429 -0.601442 2.26781 
-0.0940981 0.360258 -0.974778 2.70463 -1.33831 -0.134248 -0.536807 -0.0681172 0.424545 -1.72429 -0.601442 2.23292 
-0.0940981 0.360258 -0.974778 2.70463 -1.33831 -0.169137 -0.536807 -0.0681172 0.424545 -1.72429 -0.601442 2.19803 
-0.0940981 0.360258 -0.974778 2.70463 -1.33831 -0.204025 -0.536807 -0.0681172 0.424545 -1.72429 -0.601442 2.16315 
-0.0940981 0.360258 -0.974778 2.70463 -1.33831 -0.238914 -0.536807 -0.0681172 0.424545 -1.72429 -0.601442 2.12826 
-0.0940981 0.360258 -0.974778 2.70463 -1.33831 -0.273803 -0.536807 -0.0681172 0.424545 -1.72429 -0.601442 2.09337 
-0.0940981 0.360258 -0.974778 2.70463 -1.33831 -0.308692 -0.536807 -0.0681172 0.424545 -1.72429 -0.601442 2.05848 
-0.0940981 0.360258 -0.974778 2.70463 -1.33831 -0.343581 -0.536807 -0.0681172 0.424545 -1.72429 -0.601442 2.02359 
-0.0940981 0.360258 -0.974778 2.70463 -1.33831 -0.37847 -0.536807 -0.0681172 0.424545 -1.72429 -0.601442 1.9887 
-0.0940981 0.360258 -0.974778 2.70463 -1.33831 -0.413359 -0.536807 -0.0681172 0.424545 -1.72429 -0.601442 1.95381 
-0.0940981 0.360258 -0.974778 2.70463 -1.33831 -0.448248 -0.536807 -0.0681172 0.424545 -1.72429 -0.601442 1.91892 
-0.0940981 0.360258 -0.974778 2.70463 -1.33831 -0.483137 -0.536807 -0.0681172 0.424545 -1.72429 -0.601442 1.88403 
-0.0940981 0.360258 -0.974778 2.70463 -1.33831 -0.518025 -0.536807 -0.0681172 0.424545 -1.72429 -0.601442 1.84915 
-0.0940981 0.360258 -0.974778 2.70463 -1.33831 -0.552914 -0.536807 -0.0681172 0.424545 -1.72429 -0.601442 1.81426 
-0.0940981 0.360258 -0.974778 2.70463 -1.33831 -0.587803 -0.536807 -0.0681172 0.424545 -1.72429 -0.601442 1.77937 
-0.0940981 0.360258 -0.974778 2.70463 -1.33831 -0.622692 -0.536807 -0.0681172 0.424545 -1.72429 -0.601442 1.74448 
-0.0940981 0.360258 -0.974778 2.70463 -1.33831 -0.657581 -0.536807 -0.0681172 0.424545 -1.72429 -0.601442 1.70959 
-0.0940981 0.360258 -0.974778 2.70463 -1.33831 -0.69247 -0.536807 -0.0681172 0.424545 -1.72429 -0.601442 1.6747 
-0.0940981 0.360258 -0.974778 2.70463 -1.33831 -0.727359 -0.536807 -0.0681172 0.424545 -1.72429 -0.601442 1.63981 
-0.0940981 0.360258 -0.974778 2.70463 -1.33831 -0.762248 -0.536807 -0.0681172 0.424545 -1.72429 -0.601442 1.60492 
-0.0940981 0.360258 -0.974778 2.70463 -1.33831 -0.797137 -0.536807 -0.0681172 0.424545 -1.72429 -0.601442 1.57003 
-0.0940981 0.360258 -0.974778 2.70463 -1.33831 -0.832025 -0.536807 -0.0681172 0.424545 -1.72429 -0.601442 1.53515 
-0.0940981 0.360258 -0.974778 2.70463 -1.33831 -0.866914 -0.536807 -0.0681172 0.424545 -1.72429 -0.601442 1.50026 
-0.0940981 0.360258 -0.974778 2.70463 -1.33831 -0.901803 -0.536807 -0.0681172 0.424545 -1.72429 -0.601442 1.46537 
-0.0940981 0.360258 -0.974778 2.70463 -1.33831 -0.936692 -0.536807 -0.0681172 0.424545 -1.72429 -0.601442 1.43048 
-0.0940981 0.360258 -0.974778 2.70463 -1.33831 -0.971581 -0.536807 -0.0681172 0.424545 -1.72429 -0.601442 1.39559 
-0.0940981 0.360258 -0.974778 2.70463 -1.33831 -1.00647 -0.536807 -0.0681172 0.424545 -1.72429 -0.601442 1.3607 
-0.0940981 0.360258 -0.974778 2.70463 -1.33831 -1.04136 -0.536807 -0.0681172 0.424545 -1.72429 -0.601442 1.32581 
-0.0940981 0.360258 -0.974778 2.70463 -1.33831 -1.07625 -0.536807 -0.0681172 0.424545 -1.72429 -0.601442 1.29092 
-0.0940981 0.360258 -0.974778 2.70463 -1.33831 -1.11114 -0.536807 -0.0681172 0.424545 -1.72429 -0.601442 1.25603 
-0.0940981 0.360258 -0.974778 2.70463 -1.33831 -1.14603 -0.536807 -0.0681172 0.424545 -1.72429 -0.601442 1.22115 
-0.0940981 0.360258 -0.974778 2.70463 -1.33831 -1.18091 -0.536807 -0.0681172 0.424545 -1.72429 -0.601442 1.18626 
-0.0940981 0.360258 -0.974778 2.70463 -1.33831 -1.2158 -0.536807 -0.0681172 0.424545 -1.72429 -0.601442 1.15137 
-0.0940981 0.360258 -0.974778 2.70463 -1.33831 -1.25069 -0.536807 -0.0681172 0.424545 -1.72429 -0.601442 1.11648 
-0.0940981 0.360258 -0.974778 2.70463 -1.33831 -1.28558 -0.536807 -0.0681172 0.424545 -1.72429 -0.601442 1.08159 
-0.0940981 0.360258 -0.974778 2.70463 -1.33831 -1.32047 -0.536807 -0.0681172 0.424545 -1.72429 -0.601442 1.0467 
-0.0940981 0.360258 -0.974778 2.70463 -1.33831 -1.35536 -0.536807 -0.0681172 0.424545 -1.72429 -0.601442 1.01181 
-0.0940981 0.360258 -0.974778 2.70463 -1.33831 -1.39025 -0.536807 -0.0681172 0.424545 -1.72429 -0.601442 0.976923 
-0.0940981 0.360258 -0.974778 2.70463 -1.33831 -1.42514 -0.536807 -0.0681172 0.424545 -1.72429 -0.601442 0.942034 
-0.0940981 0.360258 -0.974778 2.70463 -1.33831 -1.46003 -0.536807 -0.0681172 0.424545 -1.72429 -0.601442 0.907146 
-0.0940981 0.360258 -0.974778 2.70463 -1.33831 -1.49491 -0.536807 -0.0681172 0.424545 -1.72429 -0.601442 0.872257 
-0.0940981 0.360258 -0.974778 2.70463 -1.33831 -1.5298 -0.536807 -0.0681172 0.424545 -1.72429 -0.601442 0.837368 
-0.0940981 0.360258 -0.974778 2.70463 -1.33831 -1.56469 -0.536807 -0.0681172 0.424545 -1.72429 -0.601442 0.802479 
-0.0940981 0.360258 -0.974778 2.70463 -1.33831 -1.59958 -0.536807 -0.0681172 0.424545 -1.72429 -0.601442 0.76759 
-0.0940981 0.360258 -0.974778 2.70463 -1.33831 -1.63447 -0.536807 -0.0681172 0.424545 -1.72429 -0.601442 0.732701 
-0.0940981 0.360258 -0.974778 2.70463 -1.33831 -1.66936 -0.536807 -0.0681172 0.424545 -1.72429 -0.601442 0.697812 
-0.0940981 0.360258 -0.974778 2.70463 -1.33831 -1.70425 -0.536807 -0.0681172 0.424545 -1.72429 -0.601442 0.662923 
-0.0940981 0.360258 -0.974778 2.70463 -1.33831 -1.73914 -0.536807 -0.0681172 0.424545 -1.72429 -0.601442 0.628034 
-0.0940981 0.360258 -0.974778 2.70463 -1.33831 -1.77403 -0.536807 -0.0681172 0.424545 -1.72429 -0.601442 0.593146 
-0.0940981 0.360258 -0.974778 2.70463 -1.33831 -1.80891 -0.536807 -0.0681172 0.424545 -1.72429 -0.601442 0.558257 
-0.0940981 0.360258 -0.974778 2.70463 -1.33831 -1.8438 -0.536807 -0.0681172 0.424545 -1.72429 -0.601442 0.523368 
-0.0940981 0.360258 -0.974778 2.70463 -1.33831 -1.87869 -0.536807 -0.0681172 0.424545 -1.72429 -0.601442 0.488479 
-0.0940981 0.360258 -0.974778 2.70463 -1.33831 -1.91358 -0.536807 -0.0681172 0.424545 -1.72429 -0.601442 0.45359 
-0.0940981 0.360258 -0.974778 2.70463 -1.33831 -1.94847 -0.536807 -0.0681172 0.424545 -1.72429 -0.601442 0.418701 
-0.0940981 0.360258 -0.974778 2.70463 -1.33831 -1.98336 -0.536807 -0.0681172 0.424545 -1.72429 -0.601442 0.383812 
-0.0940981 0.360258 -0.974778 2.70463 -1.33831 -2.01825 -0.536807 -0.0681172 0.424545 -1.72429 -0.601442 0.348923 
-0.0940981 0.360258 -0.974778 2.70463 -1.33831 -2.05314 -0.536807 -0.0681172 0.424545 -1.72429 -0.601442 0.314034 
-0.0940981 0.360258 -0.974778 2.70463 -1.33831 -2.08803 -0.536807 -0.0681172 0.424545 -1.72429 -0.601442 0.279146 
-0.0940981 0.360258 -0.974778 2.70463 -1.33831 -2.12291 -0.536807 -0.0681172 0.424545 -1.72429 -0.601442 0.244257 
-0.0940981 0.360258 -0.974778 2.70463 -1.33831 -2.1578 -0.536807 -0.0681172 0.424545 -1.72429 -0.601442 0.209368 
-0.0940981 0.360258 -0.974778 2.70463 -1.33831 -2.19269 -0.536807 -0.0681172 0.424545 -1.72429 -0.601442 0.174479 
-0.0940981 0.360258 -0.974778 2.70463 -1.33831 -2.22758 -0.536807 -0.0681172 0.424545 -1.72429 -0.601442 0.13959 
-0.0940981 0.360258 -0.974778 2.70463 -1.33831 -2.26247 -0.536807 -0.0681172 0.424545 -1.72429 -0.601442 0.104701 
-0.0940981 0.360258 -0.974778 2.70463 -1.33831 -2.29736 -0.536807 -0.0681172 0.424545 -1.72429 -0.601442 0.0698122 
-0.0940981 0.360258 -0.974778 2.70463 -1.33831 -2.33225 -0.536807 -0.0681172 0.424545 -1.72429 -0.601442 0.0349233 
-0.0940981 0.360258 -0.974778 2.70463 -1.33831 -2.36714 -0.536807 -0.0681172 0.424545 -1.72429 -0.601442 3.44444e-05 
-0.0940981 0.360258 -0.974778 2.70463 -1.33831 -2.40203 -0.536807 -0.0681172 0.424545 -1.72429 -0.601442 -0.0348544 
-0.0940981 0.360258 -0.974778 2.70463 -1.33831 -2.43691 -0.536807 -0.0681172 0.424545 -1.72429 -0.601442 -0.0697433 
-0.0940981 0.360258 -0.974778 2.70463 -1.33831 -2.4718 -0.536807 -0.0681172 0.424545 -1.72429 -0.601442 -0.104632 
-0.0940981 0.360258 -0.974778 2.70463 -1.33831 -2.50669 -0.536807 -0.0681172 0.424545 -1.72429 -0.601442 -0.139521 
-0.0940981 0.360258 -0.974778 2.70463 -1.33831 -2.54158 -0.536807 -0.0681172 0.424545 -1.72429 -0.601442 -0.17441 
-0.0940981 0.360258 -0.974778 2.70463 -1.33831 -2.57647 -0.536807 -0.0681172 0.424545 -1.72429 -0.601442 -0.209299 
-0.0940981 0.360258 -0.974778 2.70463 -1.33831 -2.61136 -0.536807 -0.0681172 0.424545 -1.72429 -0.601442 -0.244188 
-0.0940981 0.360258 -0.974778 2.70463 -1.33831 -2.64625 -0.536807 -0.0681172 0.424545 -1.72429 -0.601442 -0.279077 
-0.0940981 0.360258 -0.974778 2.70463 -1.33831 -2.68114 -0.536807 -0.0681172 0.424545 -1.72429 -0.601442 -0.313966 
-0.0940981 0.360258 -0.974778 2.70463 -1.33831 -2.71603 -0.536807 -0.0681172 0.424545 -1.72429 -0.601442 -0.348854 
-0.0940981 0.360258 -0.974778 2.70463 -1.33831 -2.75091 -0.536807 -0.0681172 0.424545 -1.72429 -0.601442 -0.383743 
-0.0940981 0.360258 -0.974778 2.70463 -1.33831 -2.7858 -0.536807 -0.0681172 0.424545 -1.72429 -0.601442 -0.418632 
-0.0940981 0.360258 -0.974778 2.70463 -1.33831 -2.82069 -0.536807 -0.0681172 0.424545 -1.72429 -0.601442 -0.453521 
-0.0940981 0.360258 -0.974778 2.70463 -1.33831 -2.85558 -0.536807 -0.0681172 0.424545 -1.72429 -0.601442 -0.48841 
-0.0940981 0.360258 -0.974778 2.70463 -1.33831 -2.89047 -0.536807 -0.0681172 0.424545 -1.72429 -0.601442 -0.523299 
-0.0940981 0.360258 -0.974778 2.70463 -1.33831 -2.92536 -0.536807 -0.0681172 0.424545 -1.72429 -0.601442 -0.558188 
-0.0940981 0.360258 -0.974778 2.70463 -1.33831 -2.96025 -0.536807 -0.0681172 0.424545 -1.72429 -0.601442 -0.593077 
-0.0940981 0.360258 -0.974778 2.70463 -1.33831 -2.99514 -0.536807 -0.0681172 0.424545 -1.72429 -0.601442 -0.627966 
-0.0940981 0.360258 -0.974778 2.70463 -1.33831 -3.03003 -0.536807 -0.0681172 0.424545 -1.72429 -0.601442 -0.662854 
-0.0940981 0.360258 -0.974778 2.70463 -1.33831 -3.06491 -0.536807 -0.0681172 0.424545 -1.72429 -0.601442 -0.697743 
-0.0940981 0.360258 -0.974778 2.70463 -1.33831 -3.0998 -0.536807 -0.0681172 0.424545 -1.72429 -0.601442 -0.732632 
-0.0940981 0.360258 -0.974778 2.70463 -1.33831 -3.13469 -0.536807 -0.0681172 0.424545 -1.72429 -0.601442 -0.767521 
-0.0940981 0.360258 -0.974778 2.70463 -1.33831 -3.16958 -0.536807 -0.0681172 0.424545 -1.72429 -0.601442 -0.80241 
-0.0940981 0.360258 -0.974778 2.70463 -1.33831 -3.20447 -0.536807 -0.0681172 0.424545 -1.72429 -0.601442 -0.837299 
-0.0940981 0.360258 -0.974778 2.70463 -1.33831 -3.23936 -0.536807 -0.0681172 0.424545 -1.72429 -0.601442 -0.872188 
-0.0940981 0.360258 -0.974778 2.70463 -1.33831 -3.27425 -0.536807 -0.0681172 0.424545 -1.72429 -0.601442 -0.907077 
-0.0940981 0.360258 -0.974778 2.70463 -1.33831 -3.30914 -0.536807 -0.0681172 0.424545 -1.72429 -0.601442 -0.941966 
-0.0940981 0.360258 -0.974778 2.70463 -1.33831 -3.34403 -0.536807 -0.0681172 0.424545 -1.72429 -0.601442 -0.976854 
-0.0940981 0.360258 -0.974778 2.70463 -1.33831 -3.37891 -0.536807 -0.0681172 0.424545 -1.72429 -0.601442 -1.01174 
-0.0940981 0.360258 -0.974778 2.70463 -1.33831 -3.4138 -0.536807 -0.0681172 0.424545 -1.72429 -0.601442 -1.04663 
-0.0940981 0.360258 -0.974778 2.70463 -1.33831 -3.44869 -0.536807 -0.0681172 0.424545 -1.72429 -0.601442 -1.08152 
-0.0940981 0.360258 -0.974778 2.70463 -1.33831 -3.48358 -0.536807 -0.0681172 0.424545 -1.72429 -0.601442 -1.11641 
-0.0940981 0.360258 -0.974778 2.70463 -1.33831 -3.51847 -0.536807 -0.0681172 0.424545 -1.72429 -0.601442 -1.1513 
-0.0940981 0.360258 -0.974778 2.70463 -1.33831 -3.55336 -0.536807 -0.0681172 0.424545 -1.72429 -0.601442 -1.18619 
-0.0940981 0.360258 -0.974778 2.70463 -1.33831 -3.58825 -0.536807 -0.0681172 0.424545 -1.72429 -0.601442 -1.22108 
-0.0940981 0.360258 -0.974778 2.70463 -1.33831 -3.62314 -0.536807 -0.0681172 0.424545 -1.72429 -0.601442 -1.25597 
-0.0940981 0.360258 -0.974778 2.70463 -1.33831 -3.65803 -0.536807 -0.0681172 0.424545 -1.72429 -0.601442 -1.29085 
-0.0940981 0.360258 -0.974778 2.70463 -1.33831 -3.69291 -0.536807 -0.0681172 0.424545 -1.72429 -0.601442 -1.32574 
-0.0940981 0.360258 -0.974778 2.70463 -1.33831 -3.7278 -0.536807 -0.0681172 0.424545 -1.72429 -0.601442 -1.36063 
-0.0940981 0.360258 -0.974778 2.70463 -1.33831 -3.76269 -0.536807 -0.0681172 0.424545 -1.72429 -0.601442 -1.39552 
-0.0940981 0.360258 -0.974778 2.70463 -1.33831 -3.79758 -0.536807 -0.0681172 0.424545 -1.72429 -0.601442 -1.43041 
-0.0940981 0.360258 -0.974778 2.70463 -1.33831 -3.83247 -0.536807 -0.0681172 0.424545 -1.72429 -0.601442 -1.4653 
-0.0940981 0.360258 -0.974778 2.70463 -1.33831 -3.86736 -0.536807 -0.0681172 0.424545 -1.72429 -0.601442 -1.50019 
-0.0940981 0.360258 -0.974778 2.70463 -1.33831 -3.90225 -0.536807 -0.0681172 0.424545 -1.72429 -0.601442 -1.53508 
-0.0940981 0.360258 -0.974778 2.70463 -1.33831 -3.93714 -0.536807 -0.0681172 0.424545 -1.72429 -0.601442 -1.56997 
-0.0940981 0.360258 -0.974778 2.70463 -1.33831 -3.97203 -0.536807 -0.0681172 0.424545 -1.72429 -0.601442 -1.60485 
-0.0940981 0.360258 -0.974778 2.70463 -1.33831 -4.00691 -0.536807 -0.0681172 0.424545 -1.72429 -0.601442 -1.63974 
-0.0940981 0.360258 -0.974778 2.70463 -1.33831 -4.0418 -0.536807 -0.0681172 0.424545 -1.72429 -0.601442 -1.67463 
-0.0940981 0.360258 -0.974778 2.70463 -1.33831 -4.07669 -0.536807 -0.0681172 0.424545 -1.72429 -0.601442 -1.70952 
-0.0940981 0.360258 -0.974778 2.70463 -1.33831 -4.11158 -0.536807 -0.0681172 0.424545 -1.72429 -0.601442 -1.74441 
-0.0940981 0.360258 -0.974778 2.70463 -1.33831 -4.14647 -0.536807 -0.0681172 0.424545 -1.72429 -0.601442 -1.7793 
-0.0940981 0.360258 -0.974778 2.70463 -1.33831 -4.18136 -0.536807 -0.0681172 0.424545 -1.72429 -0.601442 -1.81419 
-0.0940981 0.360258 -0.974778 2.70463 -1.33831 -4.21625 -0.536807 -0.0681172 0.424545 -1.72429 -0.601442 -1.84908 
-0.0940981 0.360258 -0.974778 2.70463 -1.33831 -4.25114 -0.536807 -0.0681172 0.424545 -1.72429 -0.601442 -1.88397 
-0.0940981 0.360258 -0.974778 2.70463 -1.33831 -4.28603 -0.536807 -0.0681172 0.424545 -1.72429 -0.601442 -1.91885 
-0.0940981 0.360258 -0.974778 2.70463 -1.33831 -4.32091 -0.536807 -0.0681172 0.424545 -1.72429 -0.601442 -1.95374 
-0.0940981 0.360258 -0.974778 2.70463 -1.33831 -4.3558 -0.536807 -0.0681172 0.424545 -1.72429 -0.601442 -1.98863 
-0.0940981 0.360258 -0.974778 2.70463 -1.33831 -4.39069 -0.536807 -0.0681172 0.424545 -1.72429 -0.601442 -2.02352 
-0.0940981 0.360258 -0.974778 2.70463 -1.33831 -4.42558 -0.536807 -0.0681172 0.424545 -1.72429 -0.601442 -2.05841 
-0.0940981 0.360258 -0.974778 2.70463 -1.33831 -4.46047 -0.536807 -0.0681172 0.424545 -1.72429 -0.601442 -2.0933 
-0.0940981 0.360258 -0.974778 2.70463 -1.33831 -4.49536 -0.536807 -0.0681172 0.424545 -1.72429 -0.601442 -2.12819 
-0.0940981 0.360258 -0.974778 2.70463 -1.33831 -4.53025 -0.536807 -0.0681172 0.424545 -1.72429 -0.601442 -2.16308 
-0.0940981 0.360258 -0.974778 2.70463 -1.33831 -4.56514 -0.536807 -0.0681172 0.424545 -1.72429 -0.601442 -2.19797 
-0.0940981 0.360258 -0.974778 2.70463 -1.33831 -4.60003 -0.536807 -0.0681172 0.424545 -1.72429 -0.601442 -2.23285 
-0.0940981 0.360258 -0.974778 2.70463 -1.33831 -4.63491 -0.536807 -0.0681172 0.424545 -1.72429 -0.601442 -2.26774 
-0.0940981 0.360258 -0.974778 2.70463 -1.33831 -4.6698 -0.536807 -0.0681172 0.424545 -1.72429 -0.601442 -2.30263 
-0.0940981 0.360258 -0.974778 2.70463 -1.33831 -4.70469 -0.536807 -0.0681172 0.424545 -1.72429 -0.601442 -2.33752 
-0.0940981 0.360258 -0.974778 2.70463 -1.33831 -4.73958 -0.536807 -0.0681172 0.424545 -1.72429 -0.601442 -2.37241 
-0.0940981 0.360258 -0.974778 2.70463 -1.33831 -4.77447 -0.536807 -0.0681172 0.424545 -1.72429 -0.601442 -2.4073 
-0.0940981 0.360258 -0.974778 2.70463 -1.33831 -4.80936 -0.536807 -0.0681172 0.424545 -1.72429 -0.601442 -2.44219 
-0.0940981 0.360258 -0.974778 2.70463 -1.33831 -4.84425 -0.536807 -0.0681172 0.424545 -1.72429 -0.601442 -2.47708 
-0.0940981 0.360258 -0.974778 2.70463 -1.33831 -4.87914 -0.536807 -0.0681172 0.424545 -1.72429 -0.601442 -2.51197 
-0.0940981 0.360258 -0.974778 2.70463 -1.33831 -4.91403 -0.536807 -0.0681172 0.424545 -1.72429 -0.601442 -2.54685 
-0.0940981 0.360258 -0.974778 2.70463 -1.33831 -4.94891 -0.536807 -0.0681172 0.424545 -1.72429 -0.601442 -2.58174 
-0.0940981 0.360258 -0.974778 2.70463 -1.33831 -4.9838 -0.536807 -0.0681172 0.424545 -1.72429 -0.601442 -2.61663 
-0.0940981 0.360258 -0.974778 2.70463 -1.33831 -5.01869 -0.536807 -0.0681172 0.424545 -1.72429 -0.601442 -2.65152 
-0.0940981 0.360258 -0.974778 2.70463 -1.33831 -5.05358 -0.536807 -0.0681172 0.424545 -1.72429 -0.601442 -2.68641 
-0.0940981 0.360258 -0.974778 2.70463 -1.33831 -5.08847 -0.536807 -0.0681172 0.424545 -1.72429 -0.601442 -2.7213 
-0.0940981 0.360258 -0.974778 2.70463 -1.33831 -5.12336 -0.536807 -0.0681172 0.424545 -1.72429 -0.601442 -2.75619 
-0.0940981 0.360258 -0.974778 2.70463 -1.33831 -5.15825 -0.536807 -0.0681172 0.424545 -1.72429 -0.601442 -2.79108 
-0.0940981 0.360258 -0.974778 2.70463 -1.33831 -5.19314 -0.536807 -0.0681172 0.424545 -1.72429 -0.601442 -2.82597 
-0.0940981 0.360258 -0.974778 2.70463 -1.33831 -5.22803 -0.536807 -0.0681172 0.424545 -1.72429 -0.601442 -2.86085 
-0.0940981 0.360258 -0.974778 2.70463 -1.33831 -5.26291 -0.536807 -0.0681172 0.424545 -1.72429 -0.601442 -2.89574 
-0.0940981 0.360258 -0.974778 2.70463 -1.33831 -5.2978 -0.536807 -0.0681172 0.424545 -1.72429 -0.601442 -2.93063 
-0.0940981 0.360258 -0.974778 2.70463 -1.33831 -5.33269 -0.536807 -0.0681172 0.424545 -1.72429 -0.601442 -2.96552 
-0.0940981 0.360258 -0.974778 2.70463 -1.33831 -5.36758 -0.536807 -0.0681172 0.424545 -1.72429 -0.601442 -3.00041 
-0.0940981 0.360258 -0.974778 2.70463 -1.33831 -5.40247 -0.536807 -0.0681172 0.424545 -1.72429 -0.601442 -3.0353 
-0.0940981 0.360258 -0.974778 2.70463 -1.33831 -5.43736 -0.536807 -0.0681172 0.424545 -1.72429 -0.601442 -3.07019 
-0.0940981 0.360258 -0.974778 2.70463 -1.33831 -5.47225 -0.536807 -0.0681172 0.424545 -1.72429 -0.601442 -3.10508 
-0.0940981 0.360258 -0.974778 2.70463 -1.33831 -5.50714 -0.536807 -0.0681172 0.424545 -1.72429 -0.601442 -3.13997 
-0.0940981 0.360258 -0.974778 2.70463 -1.33831 -5.54203 -0.536807 -0.0681172 0.424545 -1.72429 -0.601442 -3.17485 
-0.0940981 0.360258 -0.974778 2.70463 -1.33831 -5.57691 -0.536807 -0.0681172 0.424545 -1.72429 -0.601442 -3.20974 
-0.0940981 0.360258 -0.974778 2.70463 -1.33831 -5.6118 -0.536807 -0.0681172 0.424545 -1.72429 -0.601442 -3.24463 
-0.0940981 0.360258 -0.974778 2.70463 -1.33831 -5.64669 -0.536807 -0.0681172 0.424545 -1.72429 -0.601442 -3.27952 
-0.0940981 0.360258 -0.974778 2.70463 -1.33831 -5.68158 -0.536807 -0.0681172 0.424545 -1.72429 -0.601442 -3.31441 
-0.0940981 0.360258 -0.974778 2.70463 -1.33831 -5.71647 -0.536807 -0.0681172 0.424545 -1.72429 -0.601442 -3.3493 
-0.0940981 0.360258 -0.974778 2.70463 -1.33831 -5.75136 -0.536807 -0.0681172 0.424545 -1.72429 -0.601442 -3.38419 
-0.0940981 0.360258 -0.974778 2.70463 -1.33831 -5.78625 -0.536807 -0.0681172 0.424545 -1.72429 -0.601442 -3.41908 
-0.0940981 0.360258 -0.974778 2.70463 -1.33831 -5.82114 -0.536807 -0.0681172 0.424545 -1.72429 -0.601442 -3.45397 
-0.0940981 0.360258 -0.974778 2.70463 -1.33831 -5.85603 -0.536807 -0.0681172 0.424545 -1.72429 -0.601442 -3.48885 
-0.0940981 0.360258 -0.974778 2.70463 -1.33831 -5.89091 -0.536807 -0.0681172 0.424545 -1.72429 -0.601442 -3.52374 
-0.0940981 0.360258 -0.974778 2.70463 -1.33831 -5.9258 -0.536807 -0.0681172 0.424545 -1.72429 -0.601442 -3.55863 
-0.0940981 0.360258 -0.974778 2.70463 -1.33831 -5.96069 -0.536807 -0.0681172 0.424545 -1.72429 -0.601442 -3.59352 
-0.0940981 0.360258 -0.974778 2.70463 -1.33831 -5.99558 -0.536807 -0.0681172 0.424545 -1.72429 -0.601442 -3.62841 
-0.0940981 0.360258 -0.974778 2.70463 -1.33831 -6.03047 -0.536807 -0.0681172 0.424545 -1.72429 -0.601442 -3.6633 
-0.0940981 0.360258 -0.974778 2.70463 -1.33831 -6.06536 -0.536807 -0.0681172 0.424545 -1.72429 -0.601442 -3.69819 
-0.0940981 0.360258 -0.974778 2.70463 -1.33831 -6.10025 -0.536807 -0.0681172 0.424545 -1.72429 -0.601442 -3.73308 
-0.0940981 0.360258 -0.974778 2.70463 -1.33831 -6.13514 -0.536807 -0.0681172 0.424545 -1.72429 -0.601442 -3.76797 
-0.0940981 0.360258 -0.974778 2.70463 -1.33831 -6.17003 -0.536807 -0.0681172 0.424545 -1.72429 -0.601442 -3.80285 
-0.0940981 0.360258 -0.974778 2.70463 -1.33831 -6.20491 -0.536807 -0.0681172 0.424545 -1.72429 -0.601442 -3.83774 
-0.0940981 0.360258 -0.974778 2.70463 -1.33831 -6.2398 -0.536807 -0.0681172 0.424545 -1.72429 -0.601442 -3.87263 
-0.0940981 0.360258 -0.974778 2.70463 -1.33831 -6.27469 -0.536807 -0.0681172 0.424545 -1.72429 -0.601442 -3.90752 
-0.0940981 0.360258 -0.974778 2.70463 -1.33831 -6.30958 -0.536807 -0.0681172 0.424545 -1.72429 -0.601442 -3.94241 
-0.0940981 0.360258 -0.974778 2.70463 -1.33831 -6.34447 -0.536807 -0.0681172 0.424545 -1.72429 -0.601442 -3.9773 
-0.0940981 0.360258 -0.974778 2.70463 -1.33831 -6.37936 -0.536807 -0.0681172 0.424545 -1.72429 -0.601442 -4.01219 
-0.0940981 0.360258 -0.974778 2.70463 -1.33831 -6.41425 -0.536807 -0.0681172 0.424545 -1.72429 -0.601442 -4.04708 
-0.0940981 0.360258 -0.974778 2.70463 -1.33831 -6.44914 -0.536807 -0.0681172 0.424545 -1.72429 -0.601442 -4.08197 
-0.0940981 0.360258 -0.974778 2.70463 -1.33831 -6.48403 -0.536807 -0.0681172 0.424545 -1.72429 -0.601442 -4.11685 
-0.0940981 0.360258 -0.974778 2.70463 -1.33831 -6.51891 -0.536807 -0.0681172 0.424545 -1.72429 -0.601442 -4.15174 
-0.0940981 0.360258 -0.974778 2.70463 -1.33831 -6.5538 -0.536807 -0.0681172 0.424545 -1.72429 -0.601442 -4.18663 
-0.0940981 0.360258 -0.974778 2.70463 -1.33831 -6.58869 -0.536807 -0.0681172 0.424545 -1.72429 -0.601442 -4.22152 
-0.0940981 0.360258 -0.974778 2.70463 -1.33831 -6.62358 -0.536807 -0.0681172 0.424545 -1.72429 -0.601442 -4.25641 
-0.0940981 0.360258 -0.974778 2.70463 -1.33831 -6.65847 -0.536807 -0.0681172 0.424545 -1.72429 -0.601442 -4.2913 
-0.0940981 0.360258 -0.974778 2.70463 -1.33831 -6.69336 -0.536807 -0.0681172 0.424545 -1.72429 -0.601442 -4.32619 
