0 5.712 0 0 0 0 
-0.00351602 5.72016 0.00176191 -0.346608 -0.358795 -0.00560252 
-0.00703205 5.72833 0.00352383 -0.693215 -0.71759 -0.011205 
-0.0105481 5.73649 0.00528574 -1.03982 -1.07638 -0.0168076 
-0.0140641 5.74466 0.00704766 -1.38643 -1.43518 -0.0224101 
-0.0175801 5.75282 0.00880957 -1.73304 -1.79397 -0.0280126 
-0.0210961 5.76099 0.0105715 -2.07964 -2.15277 -0.0336151 
-0.0246121 5.76915 0.0123334 -2.42624 -2.51156 -0.0392176 
-0.0281281 5.77732 0.0140953 -2.77285 -2.87035 -0.0448201 
-0.0316441 5.78549 0.0158572 -3.11946 -3.22914 -0.0504226 
-0.0351602 5.79365 0.0176192 -3.46606 -3.58794 -0.0560252 
-0.0386762 5.80182 0.0193811 -3.81267 -3.94674 -0.0616277 
-0.0421922 5.80999 0.021143 -4.15928 -4.30553 -0.0672302 
-0.0457082 5.81815 0.0229049 -4.50589 -4.66432 -0.0728327 
-0.0492242 5.82632 0.0246668 -4.85249 -5.02312 -0.0784353 
-0.0527403 5.83448 0.0264287 -5.19909 -5.38192 -0.0840378 
-0.0562563 5.84265 0.0281906 -5.5457 -5.74071 -0.0896403 
-0.0597723 5.85081 0.0299525 -5.89231 -6.0995 -0.0952427 
-0.0632883 5.85898 0.0317144 -6.23892 -6.45829 -0.100845 
-0.0668043 5.86714 0.0334764 -6.58552 -6.81709 -0.106448 
-0.0703203 5.87531 0.0352383 -6.93213 -7.17588 -0.11205 
-0.0738363 5.88347 0.0370002 -7.27874 -7.53468 -0.117652 
-0.0773524 5.89164 0.0387621 -7.62534 -7.89347 -0.123255 
-0.0808684 5.8998 0.040524 -7.97194 -8.25226 -0.128857 
-0.0843844 5.90797 0.0422859 -8.31855 -8.61106 -0.13446 
-0.0879004 5.91613 0.0440478 -8.66516 -8.96984 -0.140063 
-0.0914164 5.9243 0.0458097 -9.01177 -9.32863 -0.145665 
-0.0949325 5.93246 0.0475717 -9.35837 -9.68742 -0.151267 
-0.0984485 5.94063 0.0493336 -9.70498 -10.0462 -0.15687 
-0.101965 5.9488 0.0510955 -10.0516 -10.405 -0.162473 
-0.105481 5.95697 0.0528575 -10.3982 -10.7638 -0.168075 
-0.108997 5.96513 0.0546194 -10.7448 -11.1226 -0.173678 
-0.112513 5.9733 0.0563813 -11.0914 -11.4814 -0.179281 
-0.116029 5.98147 0.0581432 -11.438 -11.8402 -0.184884 
-0.119545 5.98963 0.0599051 -11.7846 -12.199 -0.190486 
-0.123061 5.99779 0.061667 -12.1312 -12.5578 -0.196088 
-0.126577 6.00596 0.0634289 -12.4778 -12.9166 -0.201691 
-0.130093 6.01412 0.0651908 -12.8244 -13.2754 -0.207294 
-0.133609 6.02229 0.0669528 -13.1711 -13.6342 -0.212896 
-0.137125 6.03045 0.0687147 -13.5177 -13.993 -0.218498 
-0.140641 6.03862 0.0704766 -13.8643 -14.3518 -0.224101 
-0.144157 6.04678 0.0722385 -14.2109 -14.7106 -0.229704 
-0.147673 6.05495 0.0740004 -14.5575 -15.0694 -0.235306 
-0.151189 6.06311 0.0757623 -14.9041 -15.4281 -0.240908 
-0.154705 6.07128 0.0775242 -15.2507 -15.7869 -0.246511 
-0.158216 6.07943 0.0792834 -15.5968 -16.1452 -0.252105 
-0.161726 6.08758 0.0810426 -15.9428 -16.5034 -0.257698 
-0.165237 6.09574 0.0828018 -16.2889 -16.8616 -0.263292 
-0.168747 6.10389 0.084561 -16.635 -17.2199 -0.268886 
-0.172258 6.11205 0.0863202 -16.9811 -17.5782 -0.27448 
-0.175768 6.1202 0.0880794 -17.3271 -17.9364 -0.280073 
-0.179279 6.12835 0.0898385 -17.6731 -18.2946 -0.285667 
-0.182789 6.13651 0.0915977 -18.0192 -18.6529 -0.291261 
-0.1863 6.14466 0.0933569 -18.3653 -19.0111 -0.296855 
-0.18981 6.15282 0.0951161 -18.7114 -19.3693 -0.302449 
-0.193321 6.16097 0.0968753 -19.0574 -19.7276 -0.308043 
-0.196832 6.16912 0.0986345 -19.4035 -20.0858 -0.313637 
-0.200343 6.17727 0.100394 -19.7496 -20.444 -0.319231 
-0.203853 6.18543 0.102153 -20.0956 -20.8023 -0.324824 
-0.207364 6.19358 0.103912 -20.4417 -21.1606 -0.330418 
-0.210874 6.20173 0.105671 -20.7878 -21.5188 -0.336012 
-0.214385 6.20988 0.10743 -21.1339 -21.877 -0.341606 
-0.217895 6.21804 0.109189 -21.48 -22.2353 -0.3472 
-0.221406 6.22619 0.110949 -21.826 -22.5935 -0.352794 
-0.224916 6.23434 0.112708 -22.1721 -22.9517 -0.358388 
-0.228427 6.24249 0.114467 -22.5181 -23.31 -0.363982 
-0.231937 6.25065 0.116227 -22.8642 -23.6682 -0.369576 
-0.235448 6.2588 0.117986 -23.2103 -24.0264 -0.375169 
-0.238958 6.26695 0.119745 -23.5563 -24.3847 -0.380763 
-0.242469 6.2751 0.121504 -23.9024 -24.7429 -0.386357 
-0.245979 6.28325 0.123263 -24.2484 -25.1011 -0.39195 
-0.24949 6.29141 0.125022 -24.5945 -25.4594 -0.397544 
-0.253001 6.29956 0.126781 -24.9406 -25.8176 -0.403138 
-0.256512 6.30771 0.12854 -25.2867 -26.1758 -0.408732 
-0.260022 6.31586 0.1303 -25.6328 -26.5341 -0.414326 
-0.263532 6.32402 0.132059 -25.9788 -26.8924 -0.41992 
-0.267043 6.33217 0.133818 -26.3249 -27.2506 -0.425514 
-0.271567 6.34268 0.136085 -26.7709 -27.7122 -0.432722 
-0.276091 6.35318 0.138352 -27.2168 -28.1739 -0.439931 
-0.280615 6.36369 0.140619 -27.6628 -28.6355 -0.447139 
-0.224771 6.19579 0.100449 -27.9756 -28.9617 -0.339077 
-0.168927 6.02788 0.0602799 -28.2884 -29.2878 -0.231015 
-0.113083 5.85998 0.0201104 -28.6012 -29.614 -0.122953 
-0.0572395 5.69208 -0.0200591 -28.914 -29.9402 -0.014891 
-0.0429296 5.69706 -0.0150443 -29.248 -30.3092 -0.0111682 
-0.0286197 5.70204 -0.0100295 -29.582 -30.6781 -0.0074455 
-0.0143099 5.70702 -0.00501477 -29.916 -31.047 -0.00372275 
0 5.712 0 -30.25 -31.416 0 

