0 5.712 0 0 0 0 
-0.0140641 5.74466 0.00704766 -1.38643 -1.43518 -0.0224101 
-0.0281281 5.77732 0.0140953 -2.77285 -2.87035 -0.0448201 
-0.0421922 5.80999 0.021143 -4.15928 -4.30553 -0.0672302 
-0.0562563 5.84265 0.0281906 -5.5457 -5.74071 -0.0896403 
-0.0703203 5.87531 0.0352383 -6.93213 -7.17588 -0.11205 
-0.0843844 5.90797 0.0422859 -8.31855 -8.61106 -0.13446 
-0.0984485 5.94063 0.0493336 -9.70498 -10.0462 -0.15687 
-0.112513 5.9733 0.0563813 -11.0914 -11.4814 -0.179281 
-0.126577 6.00596 0.0634289 -12.4778 -12.9166 -0.201691 
-0.140641 6.03862 0.0704766 -13.8643 -14.3518 -0.224101 
-0.154705 6.07128 0.0775242 -15.2507 -15.7869 -0.246511 
-0.168747 6.10389 0.084561 -16.635 -17.2199 -0.268886 
-0.182789 6.13651 0.0915977 -18.0192 -18.6529 -0.291261 
-0.196832 6.16912 0.0986345 -19.4035 -20.0858 -0.313637 
-0.210874 6.20173 0.105671 -20.7878 -21.5188 -0.336012 
-0.224916 6.23434 0.112708 -22.1721 -22.9517 -0.358388 
-0.238958 6.26695 0.119745 -23.5563 -24.3847 -0.380763 
-0.253001 6.29956 0.126781 -24.9406 -25.8176 -0.403138 
-0.267043 6.33217 0.133818 -26.3249 -27.2506 -0.425514 
-0.280615 6.36369 0.140619 -27.6628 -28.6355 -0.447139 
-0.0572395 5.69208 -0.0200591 -28.914 -29.9402 -0.014891 
0 5.712 0 -30.25 -31.416 -0 
