0 5.712 0 0 0 0 
-0.0768457 5.98786 0.298563 -1.12305 -1.01363 1.2181 
-0.153691 6.26372 0.597125 -2.2461 -2.02726 2.43621 
-0.230933 6.541 0.897227 -3.37495 -3.04612 3.66059 
-0.261009 6.38424 0.408199 -4.54996 -4.4292 3.06815 
-0.291084 6.22749 -0.0808297 -5.72498 -5.81229 2.47571 
-0.321159 6.07074 -0.569858 -6.9 -7.19537 1.88327 
-0.351235 5.91399 -1.05889 -8.07501 -8.57845 1.29082 
-0.38131 5.75724 -1.54791 -9.25003 -9.96154 0.69838 
-0.411386 5.60048 -2.03694 -10.425 -11.3446 0.105937 
-0.441461 5.44373 -2.52597 -11.6001 -12.7277 -0.486505 
-0.471536 5.28698 -3.015 -12.7751 -14.1108 -1.07895 
-0.501612 5.13023 -3.50403 -13.9501 -15.4939 -1.67139 
-0.524289 5.01203 -3.87276 -14.8361 -16.5367 -2.1181 
-0.416663 5.27113 -2.81362 -15.9621 -17.3774 -1.21717 
-0.309037 5.53023 -1.75447 -17.088 -18.218 -0.316233 
-0.201411 5.78933 -0.695323 -18.214 -19.0587 0.5847 
-0.0937442 6.04852 0.364217 -19.3404 -19.8996 1.48597 
-0.0820262 6.00645 0.31869 -20.7041 -21.3392 1.30022 
-0.0703082 5.96439 0.273163 -22.0678 -22.7787 1.11448 
-0.0585901 5.92232 0.227636 -23.4315 -24.2183 0.92873 
-0.0468721 5.88026 0.182109 -24.7952 -25.6578 0.742984 
-0.0351541 5.83819 0.136581 -26.1589 -27.0974 0.557238 
-0.0234361 5.79613 0.0910543 -27.5226 -28.5369 0.371492 
-0.011718 5.75406 0.0455272 -28.8863 -29.9765 0.185746 
0 5.712 0 -30.25 -31.416 -0 
