0.00458238 0.240803 -0.161446 -1.68851e-08 -1.65016 2.97994 -0.0597067 0.243877 -0.161259 -2.89064e-05 -1.65971 2.97995 
0.013087 0.241087 -0.166853 0.0269779 -1.65155 2.94405 -0.0469203 0.209113 -0.14523 -0.0434675 -1.59416 2.94541 
0.0215916 0.241372 -0.17226 0.0539559 -1.65295 2.90815 -0.0310975 0.177123 -0.133286 -0.0833815 -1.5256 2.91117 
0.0300963 0.241656 -0.177667 0.0809338 -1.65434 2.87226 -0.0120716 0.148104 -0.12517 -0.119661 -1.45446 2.87673 
0.0386009 0.241941 -0.183074 0.107912 -1.65573 2.83637 0.0102784 0.122255 -0.120622 -0.152115 -1.38119 2.84156 
0.0471055 0.242225 -0.188482 0.13489 -1.65713 2.80047 0.0360092 0.099768 -0.119374 -0.180435 -1.30626 2.80501 
0.0556102 0.24251 -0.193889 0.161868 -1.65852 2.76458 0.0650956 0.0808184 -0.121149 -0.204174 -1.23017 2.76636 
0.0641148 0.242794 -0.199296 0.188846 -1.65991 2.72868 0.0974145 0.0655601 -0.125665 -0.222717 -1.1535 2.72481 
0.0726194 0.243079 -0.204703 0.215824 -1.66131 2.69279 0.132732 0.0541175 -0.132634 -0.235258 -1.07687 2.67943 
0.0811241 0.243363 -0.21011 0.242802 -1.6627 2.6569 0.170695 0.0465795 -0.141767 -0.240784 -1.00102 2.6292 
0.0896287 0.243648 -0.215517 0.269779 -1.66409 2.621 0.210837 0.0429927 -0.15278 -0.23807 -0.926819 2.57293 
0.0981333 0.243932 -0.220924 0.296757 -1.66549 2.58511 0.252586 0.0433561 -0.165393 -0.225695 -0.855246 2.50933 
0.106638 0.244217 -0.226331 0.323735 -1.66688 2.54922 0.295297 0.0476183 -0.179337 -0.202103 -0.787427 2.43702 
0.115143 0.244501 -0.231738 0.350713 -1.66827 2.51332 0.338277 0.0556765 -0.194356 -0.165735 -0.724618 2.35464 
0.123647 0.244785 -0.237145 0.377691 -1.66967 2.47743 0.380833 0.0673798 -0.21021 -0.11528 -0.668171 2.26106 
0.132152 0.24507 -0.242553 0.404669 -1.67106 2.44154 0.422306 0.0825348 -0.22668 -0.0500747 -0.619471 2.15581 
0.140656 0.245354 -0.24796 0.431647 -1.67245 2.40564 0.462107 0.100915 -0.243569 0.0293692 -0.57981 2.03953 
0.149161 0.245639 -0.253367 0.458625 -1.67385 2.36975 0.499743 0.12227 -0.260708 0.120863 -0.55021 1.91449 
0.157666 0.245923 -0.258774 0.485603 -1.67524 2.33386 0.534826 0.14634 -0.277955 0.220382 -0.531207 1.78477 
0.16617 0.246208 -0.264181 0.512581 -1.67663 2.29796 0.567078 0.172863 -0.295198 0.322564 -0.522684 1.65569 
0.174675 0.246492 -0.269588 0.539559 -1.67803 2.26207 0.596323 0.201585 -0.312362 0.421807 -0.523843 1.53282 
0.18318 0.246777 -0.274995 0.566537 -1.67942 2.22617 0.622475 0.23227 -0.329403 0.513485 -0.53335 1.42067 
0.191684 0.247061 -0.280402 0.593515 -1.68081 2.19028 0.64552 0.264706 -0.346315 0.594673 -0.549591 1.32203 
0.200189 0.247346 -0.285809 0.620493 -1.68221 2.15439 0.665505 0.298705 -0.363128 0.664187 -0.57093 1.23794 
0.208694 0.24763 -0.291216 0.647471 -1.6836 2.11849 0.682515 0.334109 -0.37991 0.722156 -0.595883 1.1681 
0.217198 0.247915 -0.296624 0.674449 -1.68499 2.0826 0.696665 0.370788 -0.396765 0.769494 -0.623202 1.11141 
0.225703 0.248199 -0.302031 0.701427 -1.68639 2.04671 0.708089 0.408641 -0.413831 0.807461 -0.651885 1.06642 
0.234207 0.248483 -0.307438 0.728405 -1.68778 2.01081 0.716931 0.447595 -0.431286 0.837382 -0.68115 1.03161 
0.242712 0.248768 -0.312845 0.755383 -1.68917 1.97492 0.723336 0.487601 -0.449337 0.8605 -0.710394 1.00552 
0.251217 0.249052 -0.318252 0.782361 -1.69057 1.93903 0.727451 0.528636 -0.468226 0.877911 -0.739149 0.986857 
0.259721 0.249337 -0.323659 0.809338 -1.69196 1.90313 0.729419 0.5707 -0.48823 0.89055 -0.767049 0.974464 
0.268226 0.249621 -0.329066 0.836316 -1.69335 1.86724 0.729377 0.613815 -0.509659 0.899203 -0.793798 0.96734 
0.276731 0.249906 -0.334473 0.863294 -1.69475 1.83135 0.727456 0.658027 -0.532858 0.904524 -0.819144 0.964606 
0.285235 0.25019 -0.33988 0.890272 -1.69614 1.79545 0.723783 0.703408 -0.558219 0.907059 -0.842863 0.965486 
0.29374 0.250475 -0.345287 0.91725 -1.69753 1.75956 0.718479 0.750063 -0.586185 0.90727 -0.864738 0.969285 
0.302244 0.250759 -0.350695 0.944228 -1.69893 1.72366 0.711658 0.798137 -0.617271 0.905557 -0.884546 0.97536 
0.310749 0.251044 -0.356102 0.971206 -1.70032 1.68777 0.703431 0.847833 -0.652095 0.902279 -0.90204 0.983097 
0.319254 0.251328 -0.361509 0.998184 -1.70171 1.65188 0.693905 0.899443 -0.69143 0.897785 -0.916926 0.991877 
0.327758 0.251613 -0.366916 1.02516 -1.70311 1.61598 0.683185 0.953393 -0.736292 0.892444 -0.92883 1.00103 
0.336263 0.251897 -0.372323 1.05214 -1.7045 1.58009 0.671371 1.01034 -0.788127 0.886708 -0.937241 1.00974 
0.327368 0.254182 -0.383712 1.08532 -1.69637 1.55429 0.674648 0.977655 -0.721112 0.896543 -0.932845 1.02982 
0.318473 0.256467 -0.395101 1.11851 -1.68824 1.52849 0.676742 0.946421 -0.656712 0.904238 -0.926564 1.04929 
0.309579 0.258751 -0.40649 1.15169 -1.68011 1.50269 0.677694 0.916336 -0.594404 0.909753 -0.918766 1.06815 
0.300684 0.261036 -0.417879 1.18487 -1.67198 1.47689 0.677539 0.887198 -0.533861 0.913098 -0.909746 1.08637 
0.291789 0.263321 -0.429268 1.21805 -1.66385 1.45109 0.676309 0.85886 -0.474868 0.914317 -0.899753 1.1039 
0.282894 0.265606 -0.440657 1.25124 -1.65572 1.4253 0.674032 0.831209 -0.41728 0.913476 -0.888997 1.12066 
0.273999 0.267891 -0.452046 1.28442 -1.64759 1.3995 0.670731 0.804152 -0.360995 0.910654 -0.877659 1.13661 
0.265105 0.270176 -0.463435 1.3176 -1.63946 1.3737 0.666425 0.777607 -0.305939 0.905937 -0.865893 1.15167 
0.25621 0.27246 -0.474824 1.35078 -1.63133 1.3479 0.661128 0.751502 -0.252058 0.899417 -0.853829 1.1658 
0.247315 0.274745 -0.486213 1.38397 -1.6232 1.3221 0.654849 0.725766 -0.199312 0.891187 -0.841573 1.17896 
0.23842 0.27703 -0.497602 1.41715 -1.61507 1.2963 0.647591 0.700333 -0.147671 0.881338 -0.82921 1.1911 
0.229525 0.279315 -0.508991 1.45033 -1.60694 1.2705 0.639355 0.675138 -0.0971144 0.869957 -0.816802 1.20219 
0.220631 0.2816 -0.520379 1.48351 -1.59882 1.2447 0.630133 0.650119 -0.0476291 0.857126 -0.804392 1.2122 
0.211736 0.283884 -0.531768 1.5167 -1.59069 1.2189 0.619913 0.625213 0.000791643 0.842917 -0.792004 1.22112 
0.202841 0.286169 -0.543157 1.54988 -1.58256 1.1931 0.608678 0.600359 0.0481476 0.827394 -0.77964 1.22894 
0.193946 0.288454 -0.554546 1.58306 -1.57443 1.1673 0.596404 0.575497 0.0944312 0.810607 -0.767287 1.23564 
0.185051 0.290739 -0.565935 1.61624 -1.5663 1.1415 0.583064 0.55057 0.139627 0.792592 -0.754913 1.24126 
0.176157 0.293024 -0.577324 1.64943 -1.55817 1.11571 0.568621 0.525523 0.183713 0.77337 -0.742468 1.2458 
0.167262 0.295309 -0.588713 1.68261 -1.55004 1.08991 0.553037 0.500304 0.226657 0.752942 -0.729888 1.2493 
0.158367 0.297593 -0.600102 1.71579 -1.54191 1.06411 0.536267 0.474864 0.268416 0.731287 -0.717093 1.25183 
0.149472 0.299878 -0.611491 1.74897 -1.53378 1.03831 0.518261 0.449162 0.30894 0.70836 -0.703988 1.25346 
0.140577 0.302163 -0.62288 1.78216 -1.52565 1.01251 0.498964 0.423162 0.348165 0.684087 -0.690467 1.2543 
0.131683 0.304448 -0.634269 1.81534 -1.51752 0.98671 0.478318 0.396837 0.386016 0.658364 -0.676413 1.25449 
0.122788 0.306733 -0.645658 1.84852 -1.50939 0.960911 0.456265 0.37017 0.422406 0.631044 -0.661701 1.25422 
0.113893 0.309018 -0.657047 1.8817 -1.50126 0.935112 0.432741 0.343158 0.457232 0.601936 -0.646201 1.25373 
0.104998 0.311302 -0.668436 1.91489 -1.49313 0.909313 0.407686 0.315815 0.490382 0.570794 -0.629785 1.2533 
0.0961034 0.313587 -0.679825 1.94807 -1.485 0.883514 0.381043 0.288172 0.521724 0.537303 -0.61233 1.25334 
0.0872086 0.315872 -0.691214 1.98125 -1.47687 0.857715 0.352758 0.260285 0.551117 0.501064 -0.593729 1.25431 
0.0783138 0.318157 -0.702603 2.01444 -1.46874 0.831916 0.322789 0.232236 0.578404 0.461572 -0.573904 1.25684 
0.069419 0.320442 -0.713992 2.04762 -1.46061 0.806116 0.291104 0.204135 0.603415 0.418191 -0.552813 1.26167 
0.0605242 0.322726 -0.725381 2.0808 -1.45248 0.780317 0.25769 0.176127 0.625973 0.370122 -0.530475 1.26976 
0.0516294 0.325011 -0.73677 2.11398 -1.44435 0.754518 0.222554 0.148392 0.645889 0.316366 -0.506987 1.28229 
0.0427346 0.327296 -0.748159 2.14717 -1.43622 0.728719 0.185732 0.121143 0.662973 0.255681 -0.482554 1.30071 
0.0338398 0.329581 -0.759548 2.18035 -1.42809 0.70292 0.147288 0.0946302 0.677033 0.186554 -0.457519 1.32676 
0.024945 0.331866 -0.770937 2.21353 -1.41996 0.677121 0.107324 0.0691311 0.687882 0.107199 -0.432397 1.36248 
0.0160502 0.334151 -0.782326 2.24671 -1.41183 0.651322 0.0659802 0.0449477 0.695341 0.015626 -0.407914 1.41014 
0.0071554 0.336435 -0.793715 2.2799 -1.4037 0.625523 0.0234353 0.0223956 0.699249 -0.0901402 -0.385037 1.47199 
-0.0017394 0.33872 -0.805103 2.31308 -1.39558 0.599723 -0.020091 0.00179226 0.699463 -0.211597 -0.36498 1.54985 
-0.0106342 0.341005 -0.816492 2.34626 -1.38745 0.573924 -0.0643431 -0.0165558 0.695867 -0.348994 -0.34915 1.64424 
-0.019529 0.34329 -0.827881 2.37944 -1.37932 0.548125 -0.109035 -0.0323664 0.688369 -0.500392 -0.339003 1.75351 
-0.0284238 0.345575 -0.83927 2.41263 -1.37119 0.522326 -0.153856 -0.0453938 0.676909 -0.661047 -0.335791 1.8732 
-0.0373186 0.347859 -0.850659 2.44581 -1.36306 0.496527 -0.198485 -0.055438 0.661454 -0.823862 -0.340269 1.99647 
-0.0462134 0.350144 -0.862048 2.47899 -1.35493 0.470728 -0.242597 -0.0623503 0.641999 -0.981112 -0.3525 2.11582 
-0.0551082 0.352429 -0.873437 2.51217 -1.3468 0.444929 -0.285878 -0.0660355 0.61856 -1.12656 -0.371883 2.22522 
-0.064003 0.354714 -0.884826 2.54536 -1.33867 0.41913 -0.328034 -0.0664492 0.591172 -1.25667 -0.397372 2.32134 
-0.0728978 0.356999 -0.896215 2.57854 -1.33054 0.39333 -0.368799 -0.0635917 0.559882 -1.37056 -0.427757 2.40344 
-0.0817926 0.359284 -0.907604 2.61172 -1.32241 0.367531 -0.407944 -0.0575003 0.524742 -1.4691 -0.461878 2.47256 
-0.0906874 0.361568 -0.918993 2.6449 -1.31428 0.341732 -0.445281 -0.0482386 0.4858 -1.55408 -0.498734 2.53057 
-0.0995822 0.363853 -0.930382 2.67809 -1.30615 0.315933 -0.480661 -0.0358861 0.443098 -1.6275 -0.537524 2.57962 
-0.108477 0.366138 -0.941771 2.71127 -1.29802 0.290134 -0.51398 -0.0205276 0.396659 -1.69129 -0.577636 2.62171 
-0.108477 0.366138 -0.941771 2.71127 -1.29802 0.255245 -0.51398 -0.0205276 0.396659 -1.69129 -0.577636 2.58682 
-0.108477 0.366138 -0.941771 2.71127 -1.29802 0.220356 -0.51398 -0.0205276 0.396659 -1.69129 -0.577636 2.55193 
-0.108477 0.366138 -0.941771 2.71127 -1.29802 0.185467 -0.51398 -0.0205276 0.396659 -1.69129 -0.577636 2.51704 
-0.108477 0.366138 -0.941771 2.71127 -1.29802 0.150578 -0.51398 -0.0205276 0.396659 -1.69129 -0.577636 2.48215 
-0.108477 0.366138 -0.941771 2.71127 -1.29802 0.11569 -0.51398 -0.0205276 0.396659 -1.69129 -0.577636 2.44727 
-0.108477 0.366138 -0.941771 2.71127 -1.29802 0.0808007 -0.51398 -0.0205276 0.396659 -1.69129 -0.577636 2.41238 
-0.108477 0.366138 -0.941771 2.71127 -1.29802 0.0459118 -0.51398 -0.0205276 0.396659 -1.69129 -0.577636 2.37749 
-0.108477 0.366138 -0.941771 2.71127 -1.29802 0.0110229 -0.51398 -0.0205276 0.396659 -1.69129 -0.577636 2.3426 
-0.108477 0.366138 -0.941771 2.71127 -1.29802 -0.023866 -0.51398 -0.0205276 0.396659 -1.69129 -0.577636 2.30771 
-0.108477 0.366138 -0.941771 2.71127 -1.29802 -0.0587549 -0.51398 -0.0205276 0.396659 -1.69129 -0.577636 2.27282 
-0.108477 0.366138 -0.941771 2.71127 -1.29802 -0.0936438 -0.51398 -0.0205276 0.396659 -1.69129 -0.577636 2.23793 
-0.108477 0.366138 -0.941771 2.71127 -1.29802 -0.128533 -0.51398 -0.0205276 0.396659 -1.69129 -0.577636 2.20304 
-0.108477 0.366138 -0.941771 2.71127 -1.29802 -0.163422 -0.51398 -0.0205276 0.396659 -1.69129 -0.577636 2.16815 
-0.108477 0.366138 -0.941771 2.71127 -1.29802 -0.19831 -0.51398 -0.0205276 0.396659 -1.69129 -0.577636 2.13327 
-0.108477 0.366138 -0.941771 2.71127 -1.29802 -0.233199 -0.51398 -0.0205276 0.396659 -1.69129 -0.577636 2.09838 
-0.108477 0.366138 -0.941771 2.71127 -1.29802 -0.268088 -0.51398 -0.0205276 0.396659 -1.69129 -0.577636 2.06349 
-0.108477 0.366138 -0.941771 2.71127 -1.29802 -0.302977 -0.51398 -0.0205276 0.396659 -1.69129 -0.577636 2.0286 
-0.108477 0.366138 -0.941771 2.71127 -1.29802 -0.337866 -0.51398 -0.0205276 0.396659 -1.69129 -0.577636 1.99371 
-0.108477 0.366138 -0.941771 2.71127 -1.29802 -0.372755 -0.51398 -0.0205276 0.396659 -1.69129 -0.577636 1.95882 
-0.108477 0.366138 -0.941771 2.71127 -1.29802 -0.407644 -0.51398 -0.0205276 0.396659 -1.69129 -0.577636 1.92393 
-0.108477 0.366138 -0.941771 2.71127 -1.29802 -0.442533 -0.51398 -0.0205276 0.396659 -1.69129 -0.577636 1.88904 
-0.108477 0.366138 -0.941771 2.71127 -1.29802 -0.477422 -0.51398 -0.0205276 0.396659 -1.69129 -0.577636 1.85415 
-0.108477 0.366138 -0.941771 2.71127 -1.29802 -0.51231 -0.51398 -0.0205276 0.396659 -1.69129 -0.577636 1.81927 
-0.108477 0.366138 -0.941771 2.71127 -1.29802 -0.547199 -0.51398 -0.0205276 0.396659 -1.69129 -0.577636 1.78438 
-0.108477 0.366138 -0.941771 2.71127 -1.29802 -0.582088 -0.51398 -0.0205276 0.396659 -1.69129 -0.577636 1.74949 
-0.108477 0.366138 -0.941771 2.71127 -1.29802 -0.616977 -0.51398 -0.0205276 0.396659 -1.69129 -0.577636 1.7146 
-0.108477 0.366138 -0.941771 2.71127 -1.29802 -0.651866 -0.51398 -0.0205276 0.396659 -1.69129 -0.577636 1.67971 
-0.108477 0.366138 -0.941771 2.71127 -1.29802 -0.686755 -0.51398 -0.0205276 0.396659 -1.69129 -0.577636 1.64482 
-0.108477 0.366138 -0.941771 2.71127 -1.29802 -0.721644 -0.51398 -0.0205276 0.396659 -1.69129 -0.577636 1.60993 
-0.108477 0.366138 -0.941771 2.71127 -1.29802 -0.756533 -0.51398 -0.0205276 0.396659 -1.69129 -0.577636 1.57504 
-0.108477 0.366138 -0.941771 2.71127 -1.29802 -0.791422 -0.51398 -0.0205276 0.396659 -1.69129 -0.577636 1.54015 
-0.108477 0.366138 -0.941771 2.71127 -1.29802 -0.82631 -0.51398 -0.0205276 0.396659 -1.69129 -0.577636 1.50527 
-0.108477 0.366138 -0.941771 2.71127 -1.29802 -0.861199 -0.51398 -0.0205276 0.396659 -1.69129 -0.577636 1.47038 
-0.108477 0.366138 -0.941771 2.71127 -1.29802 -0.896088 -0.51398 -0.0205276 0.396659 -1.69129 -0.577636 1.43549 
-0.108477 0.366138 -0.941771 2.71127 -1.29802 -0.930977 -0.51398 -0.0205276 0.396659 -1.69129 -0.577636 1.4006 
-0.108477 0.366138 -0.941771 2.71127 -1.29802 -0.965866 -0.51398 -0.0205276 0.396659 -1.69129 -0.577636 1.36571 
-0.108477 0.366138 -0.941771 2.71127 -1.29802 -1.00075 -0.51398 -0.0205276 0.396659 -1.69129 -0.577636 1.33082 
-0.108477 0.366138 -0.941771 2.71127 -1.29802 -1.03564 -0.51398 -0.0205276 0.396659 -1.69129 -0.577636 1.29593 
-0.108477 0.366138 -0.941771 2.71127 -1.29802 -1.07053 -0.51398 -0.0205276 0.396659 -1.69129 -0.577636 1.26104 
-0.108477 0.366138 -0.941771 2.71127 -1.29802 -1.10542 -0.51398 -0.0205276 0.396659 -1.69129 -0.577636 1.22615 
-0.108477 0.366138 -0.941771 2.71127 -1.29802 -1.14031 -0.51398 -0.0205276 0.396659 -1.69129 -0.577636 1.19127 
-0.108477 0.366138 -0.941771 2.71127 -1.29802 -1.1752 -0.51398 -0.0205276 0.396659 -1.69129 -0.577636 1.15638 
-0.108477 0.366138 -0.941771 2.71127 -1.29802 -1.21009 -0.51398 -0.0205276 0.396659 -1.69129 -0.577636 1.12149 
-0.108477 0.366138 -0.941771 2.71127 -1.29802 -1.24498 -0.51398 -0.0205276 0.396659 -1.69129 -0.577636 1.0866 
-0.108477 0.366138 -0.941771 2.71127 -1.29802 -1.27987 -0.51398 -0.0205276 0.396659 -1.69129 -0.577636 1.05171 
-0.108477 0.366138 -0.941771 2.71127 -1.29802 -1.31475 -0.51398 -0.0205276 0.396659 -1.69129 -0.577636 1.01682 
-0.108477 0.366138 -0.941771 2.71127 -1.29802 -1.34964 -0.51398 -0.0205276 0.396659 -1.69129 -0.577636 0.981932 
-0.108477 0.366138 -0.941771 2.71127 -1.29802 -1.38453 -0.51398 -0.0205276 0.396659 -1.69129 -0.577636 0.947043 
-0.108477 0.366138 -0.941771 2.71127 -1.29802 -1.41942 -0.51398 -0.0205276 0.396659 -1.69129 -0.577636 0.912154 
-0.108477 0.366138 -0.941771 2.71127 -1.29802 -1.45431 -0.51398 -0.0205276 0.396659 -1.69129 -0.577636 0.877266 
-0.108477 0.366138 -0.941771 2.71127 -1.29802 -1.4892 -0.51398 -0.0205276 0.396659 -1.69129 -0.577636 0.842377 
-0.108477 0.366138 -0.941771 2.71127 -1.29802 -1.52409 -0.51398 -0.0205276 0.396659 -1.69129 -0.577636 0.807488 
-0.108477 0.366138 -0.941771 2.71127 -1.29802 -1.55898 -0.51398 -0.0205276 0.396659 -1.69129 -0.577636 0.772599 
-0.108477 0.366138 -0.941771 2.71127 -1.29802 -1.59387 -0.51398 -0.0205276 0.396659 -1.69129 -0.577636 0.73771 
-0.108477 0.366138 -0.941771 2.71127 -1.29802 -1.62875 -0.51398 -0.0205276 0.396659 -1.69129 -0.577636 0.702821 
-0.108477 0.366138 -0.941771 2.71127 -1.29802 -1.66364 -0.51398 -0.0205276 0.396659 -1.69129 -0.577636 0.667932 
-0.108477 0.366138 -0.941771 2.71127 -1.29802 -1.69853 -0.51398 -0.0205276 0.396659 -1.69129 -0.577636 0.633043 
-0.108477 0.366138 -0.941771 2.71127 -1.29802 -1.73342 -0.51398 -0.0205276 0.396659 -1.69129 -0.577636 0.598154 
-0.108477 0.366138 -0.941771 2.71127 -1.29802 -1.76831 -0.51398 -0.0205276 0.396659 -1.69129 -0.577636 0.563266 
-0.108477 0.366138 -0.941771 2.71127 -1.29802 -1.8032 -0.51398 -0.0205276 0.396659 -1.69129 -0.577636 0.528377 
-0.108477 0.366138 -0.941771 2.71127 -1.29802 -1.83809 -0.51398 -0.0205276 0.396659 -1.69129 -0.577636 0.493488 
-0.108477 0.366138 -0.941771 2.71127 -1.29802 -1.87298 -0.51398 -0.0205276 0.396659 -1.69129 -0.577636 0.458599 
-0.108477 0.366138 -0.941771 2.71127 -1.29802 -1.90787 -0.51398 -0.0205276 0.396659 -1.69129 -0.577636 0.42371 
-0.108477 0.366138 -0.941771 2.71127 -1.29802 -1.94275 -0.51398 -0.0205276 0.396659 -1.69129 -0.577636 0.388821 
-0.108477 0.366138 -0.941771 2.71127 -1.29802 -1.97764 -0.51398 -0.0205276 0.396659 -1.69129 -0.577636 0.353932 
-0.108477 0.366138 -0.941771 2.71127 -1.29802 -2.01253 -0.51398 -0.0205276 0.396659 -1.69129 -0.577636 0.319043 
-0.108477 0.366138 -0.941771 2.71127 -1.29802 -2.04742 -0.51398 -0.0205276 0.396659 -1.69129 -0.577636 0.284154 
-0.108477 0.366138 -0.941771 2.71127 -1.29802 -2.08231 -0.51398 -0.0205276 0.396659 -1.69129 -0.577636 0.249266 
-0.108477 0.366138 -0.941771 2.71127 -1.29802 -2.1172 -0.51398 -0.0205276 0.396659 -1.69129 -0.577636 0.214377 
-0.108477 0.366138 -0.941771 2.71127 -1.29802 -2.15209 -0.51398 -0.0205276 0.396659 -1.69129 -0.577636 0.179488 
-0.108477 0.366138 -0.941771 2.71127 -1.29802 -2.18698 -0.51398 -0.0205276 0.396659 -1.69129 -0.577636 0.144599 
-0.108477 0.366138 -0.941771 2.71127 -1.29802 -2.22187 -0.51398 -0.0205276 0.396659 -1.69129 -0.577636 0.10971 
-0.108477 0.366138 -0.941771 2.71127 -1.29802 -2.25675 -0.51398 -0.0205276 0.396659 -1.69129 -0.577636 0.0748211 
-0.108477 0.366138 -0.941771 2.71127 -1.29802 -2.29164 -0.51398 -0.0205276 0.396659 -1.69129 -0.577636 0.0399322 
-0.108477 0.366138 -0.941771 2.71127 -1.29802 -2.32653 -0.51398 -0.0205276 0.396659 -1.69129 -0.577636 0.00504333 
-0.108477 0.366138 -0.941771 2.71127 -1.29802 -2.36142 -0.51398 -0.0205276 0.396659 -1.69129 -0.577636 -0.0298456 
-0.108477 0.366138 -0.941771 2.71127 -1.29802 -2.39631 -0.51398 -0.0205276 0.396659 -1.69129 -0.577636 -0.0647344 
-0.108477 0.366138 -0.941771 2.71127 -1.29802 -2.4312 -0.51398 -0.0205276 0.396659 -1.69129 -0.577636 -0.0996233 
-0.108477 0.366138 -0.941771 2.71127 -1.29802 -2.46609 -0.51398 -0.0205276 0.396659 -1.69129 -0.577636 -0.134512 
-0.108477 0.366138 -0.941771 2.71127 -1.29802 -2.50098 -0.51398 -0.0205276 0.396659 -1.69129 -0.577636 -0.169401 
-0.108477 0.366138 -0.941771 2.71127 -1.29802 -2.53587 -0.51398 -0.0205276 0.396659 -1.69129 -0.577636 -0.20429 
-0.108477 0.366138 -0.941771 2.71127 -1.29802 -2.57075 -0.51398 -0.0205276 0.396659 -1.69129 -0.577636 -0.239179 
-0.108477 0.366138 -0.941771 2.71127 -1.29802 -2.60564 -0.51398 -0.0205276 0.396659 -1.69129 -0.577636 -0.274068 
-0.108477 0.366138 -0.941771 2.71127 -1.29802 -2.64053 -0.51398 -0.0205276 0.396659 -1.69129 -0.577636 -0.308957 
-0.108477 0.366138 -0.941771 2.71127 -1.29802 -2.67542 -0.51398 -0.0205276 0.396659 -1.69129 -0.577636 -0.343846 
-0.108477 0.366138 -0.941771 2.71127 -1.29802 -2.71031 -0.51398 -0.0205276 0.396659 -1.69129 -0.577636 -0.378734 
-0.108477 0.366138 -0.941771 2.71127 -1.29802 -2.7452 -0.51398 -0.0205276 0.396659 -1.69129 -0.577636 -0.413623 
-0.108477 0.366138 -0.941771 2.71127 -1.29802 -2.78009 -0.51398 -0.0205276 0.396659 -1.69129 -0.577636 -0.448512 
-0.108477 0.366138 -0.941771 2.71127 -1.29802 -2.81498 -0.51398 -0.0205276 0.396659 -1.69129 -0.577636 -0.483401 
-0.108477 0.366138 -0.941771 2.71127 -1.29802 -2.84987 -0.51398 -0.0205276 0.396659 -1.69129 -0.577636 -0.51829 
-0.108477 0.366138 -0.941771 2.71127 -1.29802 -2.88475 -0.51398 -0.0205276 0.396659 -1.69129 -0.577636 -0.553179 
-0.108477 0.366138 -0.941771 2.71127 -1.29802 -2.91964 -0.51398 -0.0205276 0.396659 -1.69129 -0.577636 -0.588068 
-0.108477 0.366138 -0.941771 2.71127 -1.29802 -2.95453 -0.51398 -0.0205276 0.396659 -1.69129 -0.577636 -0.622957 
-0.108477 0.366138 -0.941771 2.71127 -1.29802 -2.98942 -0.51398 -0.0205276 0.396659 -1.69129 -0.577636 -0.657846 
-0.108477 0.366138 -0.941771 2.71127 -1.29802 -3.02431 -0.51398 -0.0205276 0.396659 -1.69129 -0.577636 -0.692734 
-0.108477 0.366138 -0.941771 2.71127 -1.29802 -3.0592 -0.51398 -0.0205276 0.396659 -1.69129 -0.577636 -0.727623 
-0.108477 0.366138 -0.941771 2.71127 -1.29802 -3.09409 -0.51398 -0.0205276 0.396659 -1.69129 -0.577636 -0.762512 
-0.108477 0.366138 -0.941771 2.71127 -1.29802 -3.12898 -0.51398 -0.0205276 0.396659 -1.69129 -0.577636 -0.797401 
-0.108477 0.366138 -0.941771 2.71127 -1.29802 -3.16387 -0.51398 -0.0205276 0.396659 -1.69129 -0.577636 -0.83229 
-0.108477 0.366138 -0.941771 2.71127 -1.29802 -3.19875 -0.51398 -0.0205276 0.396659 -1.69129 -0.577636 -0.867179 
