0 5.712 0 0 0 0 
-0.546298 4.78688 -0.339918 -0.312147 -1.00557 -1.27298 
-1.0926 3.86176 -0.679835 -0.624293 -2.01114 -2.54597 
-0.242812 4.17627 -0.395425 -0.409628 -3.37341 -3.63846 
0.606971 4.49077 -0.111014 -0.194964 -4.73569 -4.73095 
1.45675 4.80528 0.173396 0.0197007 -6.09796 -5.82344 
2.30654 5.11978 0.457806 0.234365 -7.46024 -6.91593 
3.15636 5.4343 0.742232 0.449041 -8.82258 -8.00848 
4.22319 6.33014 -0.350393 1.20661 -8.95379 -8.53123 
4.42977 6.34398 -0.503934 1.94151 -10.3969 -9.67581 
4.63634 6.35782 -0.657474 2.67641 -11.84 -10.8204 
4.84292 6.37166 -0.811014 3.41131 -13.2832 -11.965 
5.04949 6.3855 -0.964555 4.14622 -14.7263 -13.1096 
3.97154 5.49129 -1.91643 4.87989 -14.3202 -13.5466 
3.07845 5.00387 -3.29326 5.76053 -14.3716 -13.711 
2.18537 4.51645 -4.67009 6.64117 -14.423 -13.8753 
2.00903 4.42021 -4.94193 6.81504 -14.4331 -13.9078 
1.31402 3.28675 -4.26315 6.68866 -13.3189 -14.6242 
0.938614 2.59016 -4.06216 6.04136 -11.8983 -13.7419 
0.852531 2.54937 -4.772 5.6962 -10.777 -12.2901 
0.708747 2.01727 -5.10476 4.9017 -9.84563 -10.8468 
0.424259 1.65813 -4.88422 4.18913 -8.47544 -9.69179 
0.13977 1.29898 -4.66368 3.47656 -7.10525 -8.53678 
-0.144719 0.939842 -4.44313 2.76399 -5.73506 -7.38176 
-0.429208 0.5807 -4.22259 2.05142 -4.36487 -6.22675 
-0.713697 0.221557 -4.00204 1.33885 -2.99467 -5.07173 
-0.998185 -0.137585 -3.7815 0.626277 -1.62448 -3.91672 
-1.28267 -0.496728 -3.56096 -0.0862924 -0.25429 -2.7617 
-1.56729 -0.856036 -3.34031 -0.799191 1.11653 -1.60616 
-1.87026 -1.33818 -3.21931 -1.48908 2.49778 -0.478868 
-2.37138 -1.85431 -3.33856 -2.01018 3.93036 0.588875 
-3.06411 -2.23876 -2.95627 -2.32589 5.55634 -0.104933 
-3.32047 -2.80704 -3.41577 -4.15374 5.66986 0.00522212 
-3.57579 -3.373 -3.8734 -5.97415 5.78293 0.114928 
-3.37919 -3.37846 -2.64272 -6.36835 6.45752 1.46956 
-3.61285 -3.93984 -2.97507 -8.21111 6.63597 1.71162 
-3.8465 -4.50122 -3.30741 -10.0539 6.81442 1.95368 
-4.07996 -5.06213 -3.63948 -11.8951 6.99272 2.19554 
-4.31343 -5.62304 -3.97155 -13.7363 7.17102 2.4374 
-4.54689 -6.18395 -4.30361 -15.5775 7.34932 2.67925 
-4.78035 -6.74485 -4.63568 -17.4187 7.52762 2.92111 
-4.47472 -5.69181 -4.16919 -18.9374 8.04902 2.93853 
-4.16909 -4.63877 -3.7027 -20.4561 8.57042 2.95594 
-3.86347 -3.58576 -3.23622 -21.9748 9.09181 2.97336 
-3.55785 -2.53275 -2.76975 -23.4934 9.6132 2.99077 
-3.25223 -1.47974 -2.30327 -25.0121 10.1346 3.00819 
-2.94661 -0.426725 -1.83679 -26.5308 10.656 3.0256 
-2.64099 0.626287 -1.37031 -28.0495 11.1774 3.04302 
-2.33538 1.6793 -0.903837 -29.5681 11.6988 3.06043 
-2.02976 2.73231 -0.437359 -31.0868 12.2202 3.07785 
-2.05978 2.67263 -0.444765 -32.9625 12.8971 3.13031 
-1.3731 3.36511 -0.29649 -32.5033 14.2111 2.08674 
-0.686548 4.05745 -0.148245 -32.0441 15.5248 1.04337 
0 4.74979 0 -31.585 16.8386 0 
0 4.69612 0 -33.3469 17.7779 0 
0 4.64245 0 -35.1088 18.7172 0 
0 4.58877 0 -36.8706 19.6565 0 
0 4.5351 0 -38.6325 20.5958 0 
0 4.48143 0 -40.3944 21.5351 0 
0 4.42775 0 -42.1563 22.4744 0 
0 4.37408 0 -43.9181 23.4136 0 
0 4.32041 0 -45.6798 24.3528 0 
0 4.26674 0 -47.4415 25.292 0 
0 4.21307 0 -49.2032 26.2312 0 
0 4.1594 0 -50.9649 27.1704 0 
0 4.10574 0 -52.7266 28.1096 0 
0 4.05207 0 -54.4883 29.0488 0 
0 3.9984 0 -56.25 29.988 0 
